word v0 v1 v2 v3 v4 v5
alice 0.6068632439588395 0.551181948815189 0.7159893048187304 0.7705275832714631 0.9017562900465789 1.0
was 0.6067946198184463 0.5458769668457291 0.7163143645789419 0.7702989639324339 0.8997542181946604 1.0
beginning 0.6178392618020888 0.5206009514711921 0.721522027239506 0.7778104729206379 0.9010893097176288 1.0
to 0.6080616037508045 0.5477956654424457 0.7161325098437044 0.7720624726293018 0.9013343792408578 1.0
get 0.6044641149073914 0.550076338679862 0.7176801498370984 0.7693655567484917 0.9003209571082902 1.0
very 0.6092255998533492 0.5476607859640714 0.7156611338548067 0.7715616251922954 0.9019248012847193 1.0
tired 0.6131142361026349 0.5527271845383601 0.7207505915002975 0.7694859400112037 0.9100489713901967 1.0
of 0.6072266049578753 0.5471907836334516 0.7164322024873377 0.7705930885092404 0.9005495344177518 1.0
sitting 0.6156468519970367 0.5182133695478519 0.7206272443842742 0.7736582159454136 0.8982766730133172 1.0
by 0.6079388506776262 0.545185257816387 0.7184310701133529 0.7739407526204538 0.8991283587857002 1.0
her 0.6086226904869481 0.540580257228746 0.7169814727147341 0.7713601874470613 0.9005476443410092 1.0
sister 0.6169862137027579 0.5182643602947888 0.7196021664491882 0.7755182790634283 0.9000205779942421 1.0
on 0.6060387447157329 0.5549162941264432 0.7165883594299849 0.7704890750883672 0.9014443541845482 1.0
the 0.6064881656289345 0.5484173365739815 0.716779567896682 0.7708394030111924 0.9011662840715755 1.0
bank 0.616064767438548 0.5187371195829755 0.7197972642993222 0.7746617465547544 0.8965940348752159 1.0
and 0.6052510212351437 0.5504746538138443 0.7150760091976281 0.769659861062239 0.9011386817139951 1.0
having 0.6103384817837265 0.5619190238079844 0.7170726112188206 0.7735180456040259 0.9062623262862559 1.0
nothing 0.6083104364488184 0.5391834531765863 0.7167459353030504 0.7728050759887471 0.8982795108738344 1.0
do 0.611100406740345 0.5398823213288515 0.7182844487973059 0.7755966779203878 0.8963142023829617 1.0
once 0.6093020590126803 0.5504575358628269 0.7163552578447699 0.7717799460666338 0.9063299973928535 1.0
or 0.6087844478577995 0.5400977458861221 0.718504777779437 0.7731515318668181 0.898522446583584 1.0
twice 0.6161338422173409 0.5211436547050351 0.7227110057976881 0.7753510844889345 0.8991503072585237 1.0
she 0.605624691848071 0.5520584020045303 0.7155624652346817 0.7697130833581795 0.9024451245721514 1.0
peeped 0.618328632134949 0.518315467414148 0.7185747490543096 0.7773825872663549 0.9017684629609268 1.0
into 0.6041159797271347 0.5605853247875449 0.7163802387316033 0.7700920704271403 0.9057577166662104 1.0
book 0.6138850841524355 0.536468573372592 0.719101531053283 0.7777069887719743 0.9001219742758778 1.0
reading 0.6148932704689051 0.5204605697035113 0.7192826942546752 0.7727335569583886 0.8978482601260813 1.0
but 0.6069438960760869 0.5469066583872013 0.717849813112482 0.7713087031661554 0.900614730530339 1.0
it 0.6066028216311704 0.5510875960108607 0.7157185596403085 0.7712101355870277 0.9015821031980312 1.0
had 0.6051486473207688 0.553599984747017 0.7145862130447064 0.7686975816801703 0.900022428695441 1.0
no 0.6085363921868484 0.5481375081147506 0.7157545122621437 0.7712507712375885 0.9003855860679351 1.0
pictures 0.6149017011008372 0.5211088948345134 0.7186523886728067 0.7718870882585431 0.8989864074189385 1.0
conversations 0.6153554387600266 0.5176377083580155 0.7179964129540398 0.7760143344476794 0.8964984680046324 1.0
in 0.606703067946296 0.5472046325101002 0.7150038696869381 0.7696994541780479 0.9009278157546818 1.0
what 0.6109720712979222 0.5454848713757889 0.7176968938556876 0.7765712778007805 0.9021662408025972 1.0
s 0.6056309947710181 0.5568384484724227 0.7162489087530204 0.7718568584879096 0.9018503901351231 1.0
use 0.6077816491934563 0.5645207393338937 0.7145569785776493 0.7711884745366786 0.9030919965163609 1.0
a 0.6055367335810413 0.5524425909101933 0.715912693751117 0.7699721245845141 0.9011480755807562 1.0
thought 0.6079299731106516 0.547370988493832 0.7160042014245799 0.7694340098150172 0.9002089364835798 1.0
without 0.6101783405355478 0.5431695618461028 0.7168490892218641 0.7704568106490634 0.8948039790629083 1.0
conversation 0.6159097744303254 0.5192894891011748 0.7232686259013614 0.7701040585060023 0.9012418896872877 1.0
so 0.609252178463177 0.5509861661124029 0.7168060834854945 0.7723658255631032 0.9020021159866863 1.0
considering 0.6131634300414919 0.5181443516332495 0.7152495202199987 0.772981539442021 0.8980441452800678 1.0
own 0.6094466712584227 0.5493076178548073 0.7144881479489344 0.7713442792749277 0.9043201540825789 1.0
mind 0.6125431215845119 0.518917336169903 0.7174356137199904 0.7717841657350126 0.8994542242392628 1.0
as 0.6117936954653916 0.5357972980985738 0.7163507478349219 0.7727334834843139 0.8999048032672501 1.0
well 0.6113656105180926 0.5392358796956526 0.7174451529246292 0.771298012076655 0.9009061540655944 1.0
could 0.6039514267019602 0.5599224750558806 0.7145375060687937 0.7708240788272589 0.9005325450380176 1.0
for 0.6080479266750218 0.5552294941969067 0.7160290557329628 0.7717856821796873 0.9029497562504105 1.0
hot 0.6046887922926543 0.5556603573744363 0.7147066538972878 0.7677961707613706 0.9057502718322038 1.0
day 0.6146785939948501 0.5169858404973959 0.7184865187615882 0.7670580175037773 0.8979862586513372 1.0
made 0.6004425201974593 0.5342957903777465 0.714555737967385 0.7619463123348444 0.8960604853046942 1.0
feel 0.6120435079817991 0.5178791178478871 0.7167535322249365 0.7697666292820814 0.897682536086282 1.0
sleepy 0.6121262155560941 0.5288110511422006 0.7182775807077681 0.773230909624201 0.8980071269866303 1.0
stupid 0.6120435079817991 0.5178791178478871 0.7167535322249365 0.7697666292820814 0.897682536086282 1.0
whether 0.6087515492152225 0.5477860947376346 0.7126190420456536 0.7642584739462964 0.899401096645091 1.0
pleasure 0.6153955543618285 0.5195177649759324 0.7150895506613452 0.7710654908313244 0.8983421470867853 1.0
making 0.6153955543618285 0.5195177649759324 0.7150895506613452 0.7710654908313244 0.8983421470867853 1.0
daisy 0.6142745172969429 0.5200108392731564 0.7151988600723139 0.7683725330633087 0.895271938777163 1.0
chain 0.6142745172969429 0.5200108392731564 0.7151988600723139 0.7683725330633087 0.895271938777163 1.0
would 0.6066963737185463 0.5452438236889106 0.7136282231626666 0.7713616460477716 0.8971476654243308 1.0
be 0.6075304902589197 0.5542372213187946 0.7137028301507908 0.7707473660878895 0.9013822843976571 1.0
worth 0.6142745172969429 0.5200108392731564 0.7151988600723139 0.7683725330633087 0.895271938777163 1.0
trouble 0.6129909299978172 0.5184761109132566 0.7181262247206829 0.772361409047711 0.8989027251643799 1.0
getting 0.6091775550890893 0.5293461293819546 0.7145589616300129 0.7682465277216257 0.8977181776581022 1.0
up 0.6038267548456424 0.5565931202328492 0.7174665336508654 0.7704398169719898 0.899566534802249 1.0
picking 0.6129909299978172 0.5184761109132566 0.7181262247206829 0.772361409047711 0.8989027251643799 1.0
daisies 0.6129909299978172 0.5184761109132566 0.7181262247206829 0.772361409047711 0.8989027251643799 1.0
when 0.6062005658381837 0.5473215748096808 0.7171496665728577 0.7672767012888664 0.9018073948917127 1.0
suddenly 0.6088211810758485 0.5312951838296157 0.7171324398277401 0.7697222762967447 0.8967513963276237 1.0
white 0.610942750644021 0.5323659451213547 0.7188912133513045 0.7697802591776121 0.8957081400381995 1.0
rabbit 0.6119755854185099 0.5273826608387207 0.7180341446970155 0.7717321041589343 0.8971762169492771 1.0
with 0.6106941680468544 0.547799652316344 0.7180301886596098 0.7763294948827417 0.9013270020620798 1.0
pink 0.6174224588319622 0.520176351997985 0.7220799021619627 0.7741899086278182 0.8948133397582203 1.0
eyes 0.6076116081584485 0.542986407711186 0.7173822753288791 0.7711835641467242 0.902007194043955 1.0
ran 0.6155550573796577 0.5222278225501974 0.7221500799792755 0.7808075046952514 0.8970887963423476 1.0
close 0.608215152039553 0.5316160486578237 0.7185877929806038 0.7720935873893182 0.8961158614534116 1.0
there 0.6072675788342298 0.545445559377606 0.7160618671048308 0.7718442723239047 0.8995931630403683 1.0
remarkable 0.6147297253250075 0.5215373859883801 0.7171265847226796 0.7688912324491632 0.8986309297304462 1.0
that 0.6060138943287717 0.5533049631829203 0.7147074774611395 0.7721752060070041 0.901021730106824 1.0
nor 0.6147297253250075 0.5215373859883801 0.7171265847226796 0.7688912324491632 0.8986309297304462 1.0
did 0.612360306891611 0.5315907497674128 0.7168165795883591 0.7748022345148956 0.8986551802031465 1.0
think 0.6126506741669027 0.5363092932861826 0.7151694531008664 0.7753288252194078 0.8976127207057761 1.0
much 0.6050236510782988 0.547101119176704 0.7153735984911997 0.7734624409731257 0.8978806488211236 1.0
out 0.6079591837942393 0.5488115674493994 0.7161644804079036 0.7711626786197348 0.9015335737105408 1.0
way 0.6089949822205337 0.5469621987094522 0.7162236083143099 0.7705234299138837 0.8983012161867333 1.0
hear 0.6078704109105647 0.5314821211058349 0.7146076384177251 0.7650106351828456 0.8974633919922801 1.0
say 0.6090620765107022 0.5376393597722746 0.7159456928252289 0.7731572198624388 0.8976088217096921 1.0
itself 0.6141097751857609 0.5200074684345223 0.7161478305258823 0.7710191572906699 0.8955034864766945 1.0
oh 0.6059084700063601 0.5359600246561936 0.7147187659826408 0.7678121121535924 0.8922425699663756 1.0
dear 0.6105390087171446 0.5261106455070512 0.7174366058299693 0.7728650114574563 0.8943404301546839 1.0
i 0.6103309239310896 0.5510201265251635 0.7167707907228653 0.7743860062893821 0.9011209114242964 1.0
shall 0.6147642511981644 0.5302220604227965 0.7191618269994832 0.777487840717155 0.8983391978060928 1.0
late 0.6069306050792059 0.5297591977916629 0.7154432926982328 0.763128482696212 0.8968259844222678 1.0
over 0.6112764924615381 0.5301391475092436 0.7164405400424727 0.770315207903959 0.8968679493709546 1.0
afterwards 0.6134378866335576 0.5209633258480093 0.7182446188163311 0.7693699345429327 0.8958535646895851 1.0
occurred 0.6134378866335576 0.5209633258480093 0.7182446188163311 0.7693699345429327 0.8958535646895851 1.0
ought 0.6151873351820708 0.5229550713152871 0.7190697726352389 0.7775672072693688 0.8961807315846269 1.0
have 0.6143634702816533 0.527723723197494 0.7194389238118039 0.778467360233389 0.8966122941058324 1.0
wondered 0.6151873351820708 0.5229550713152871 0.7190697726352389 0.7775672072693688 0.8961807315846269 1.0
at 0.6093979812433358 0.5435606908559854 0.7170518173725721 0.7732335241566711 0.9014936552581337 1.0
this 0.6088121008411597 0.5495386542664389 0.7171317874194129 0.7743427074573832 0.9031779129578581 1.0
time 0.6102981801560268 0.5395111530304864 0.7187059108187629 0.7744193590065848 0.8986930093249635 1.0
all 0.6037776521099886 0.5476800648219962 0.7172077916332553 0.769429522447795 0.8973490907932643 1.0
seemed 0.6099355017991342 0.5455121921941494 0.7162011058689315 0.7725145413095651 0.8986565908701208 1.0
quite 0.6100591823163003 0.5526863161157622 0.7205388343117776 0.779138444893346 0.9051746516298612 1.0
natural 0.6144432448127507 0.5233410747497582 0.7224794940413655 0.774829619690411 0.8997548710793186 1.0
actually 0.6161828075048644 0.5261212626842605 0.7263339769664751 0.7759897610583123 0.9028455740365637 1.0
took 0.6146041110361391 0.5253263893520955 0.7202374710024657 0.7742843802504379 0.8991730476271268 1.0
watch 0.6170488392921984 0.5247026922218361 0.7205739182230578 0.773816008415891 0.9008181953412286 1.0
its 0.6169107681976054 0.5240868855707713 0.7194332834223014 0.7713080902507643 0.901193405610845 1.0
waistcoat 0.6170488392921984 0.5247026922218361 0.7205739182230578 0.773816008415891 0.9008181953412286 1.0
pocket 0.6160184780201708 0.52347021463792 0.7208945144248469 0.7751226803022756 0.8992446035761756 1.0
looked 0.6043376784420743 0.5373364551118283 0.7161871459953947 0.7698575584193179 0.8959239371542631 1.0
then 0.6117060983782947 0.5358909191702752 0.7154783836632009 0.776158846240095 0.9003082521509576 1.0
hurried 0.6165899931940297 0.5233416595178635 0.7186591175983483 0.776448276057332 0.8989812549822382 1.0
started 0.6148300752734436 0.524092822718449 0.7209612784760568 0.7734681502491784 0.899636746755789 1.0
feet 0.6102780844287691 0.5327769559163458 0.72002532883439 0.7713907524867374 0.8990223887190002 1.0
flashed 0.61119319148676 0.5208266739794312 0.7193229443166776 0.773005212510024 0.9002321581961892 1.0
across 0.6118388179489963 0.5208452388592419 0.7174126547259663 0.7728733493009471 0.8973738072055859 1.0
she'd 0.61119319148676 0.5208266739794312 0.7193229443166776 0.773005212510024 0.9002321581961892 1.0
never 0.6108452707595452 0.5362802659368928 0.7156676987055597 0.7758447856166686 0.8986343335778527 1.0
before 0.606360001091209 0.5460525928522904 0.7171967500962563 0.7684968869214496 0.8968868328363504 1.0
seen 0.605626371693714 0.5476262833359464 0.7139072701045289 0.7672929278253056 0.901476007017589 1.0
either 0.6098248030907163 0.5445581133580547 0.7184056492448635 0.7719513271562556 0.9007326149047554 1.0
take 0.6175078855995115 0.5228570498265185 0.7198987808564682 0.7796406126650341 0.9000454892391613 1.0
burning 0.6175078855995115 0.5228570498265185 0.7198987808564682 0.7796406126650341 0.9000454892391613 1.0
curiosity 0.6150639003402888 0.5232301556399412 0.7217991475707602 0.780032764962233 0.8992835435696532 1.0
field 0.6124834351329631 0.5208637747174267 0.7155053514034538 0.772741692227584 0.8945199245441335 1.0
after 0.6104575629356509 0.5466332913509573 0.7164289659443852 0.7741291908487005 0.9025590883461144 1.0
fortunately 0.6109942082900767 0.5185397399627222 0.7174923077909888 0.777993344014055 0.8976799818774482 1.0
just 0.6078991885050927 0.5328216759731637 0.7156135003044997 0.771054785522971 0.8991171089700667 1.0
see 0.6102164151594767 0.5494486975657601 0.715399000409098 0.7757160869688166 0.900586397190462 1.0
pop 0.6187681432030403 0.5253823625661334 0.7184173613314618 0.7800607481383358 0.8966037415458141 1.0
down 0.6099134882247197 0.534735759613813 0.716749298785035 0.7727960211942085 0.898391572816268 1.0
large 0.6015163641125447 0.5517974260130487 0.7162728351869391 0.767119811651314 0.8970930029551523 1.0
hole 0.6044648683586857 0.5336646804461481 0.7150435722985284 0.7708818017728855 0.8974206406589178 1.0
under 0.6099657984795227 0.5627254059321747 0.7167802675463832 0.7697152309671799 0.9084612702533781 1.0
hedge 0.6127955778860006 0.5202501664675195 0.7192158292273462 0.7742655345075974 0.897606773394283 1.0
another 0.6089171754687623 0.5452299182691391 0.7158550540374097 0.7718254826248951 0.8975207038818938 1.0
moment 0.6106266531887135 0.5322210370762271 0.715033290559607 0.7709515346115824 0.8988954336019489 1.0
went 0.6092241387947467 0.5420727861737668 0.7151107357967441 0.7726491120912259 0.8997778352324894 1.0
how 0.6058320625629209 0.5440355235164311 0.7148719072989045 0.770704839141368 0.8966518474665904 1.0
world 0.6140674128318312 0.5219161170833498 0.7147779640022449 0.775101933336574 0.8987022038574874 1.0
again 0.6104160957409448 0.537080620167431 0.717928929516809 0.7740351164992966 0.8975989687051505 1.0
straight 0.6143217231242539 0.5199219683914897 0.7169573933904467 0.774859676520812 0.8990252621315806 1.0
like 0.6053687786587826 0.5592942601200088 0.7156977672736881 0.7724175062974824 0.9033944021470549 1.0
tunnel 0.6143217231242539 0.5199219683914897 0.7169573933904467 0.774859676520812 0.8990252621315806 1.0
some 0.6139327343802394 0.5206036938602142 0.7161915865770557 0.7753128219927528 0.8950139771528676 1.0
dipped 0.6139327343802394 0.5206036938602142 0.7161915865770557 0.7753128219927528 0.8950139771528676 1.0
not 0.6011858348855744 0.5583598798691042 0.7149886035350187 0.768161901668337 0.8996931900687455 1.0
about 0.6035109233528492 0.5479385533158733 0.7166561719892279 0.7706306310555806 0.8981569072608245 1.0
stopping 0.6136066467352284 0.5232610916016813 0.7181519489514162 0.7692697791936501 0.8957215405769624 1.0
herself 0.6060839319182096 0.5593689618198029 0.715346397621566 0.7669969048298217 0.9076229056063484 1.0
found 0.6020964058031479 0.5624321624081664 0.7139664595282471 0.7657095116451299 0.9061906753785588 1.0
falling 0.6124830181324232 0.5248184690897733 0.7163198788881359 0.7728504124010357 0.8978767704801442 1.0
deep 0.6138300778586498 0.5218833308656932 0.7190157933412081 0.7711092953683888 0.8981374049331334 1.0
fell 0.615505424649572 0.5420276198631399 0.7176360593628933 0.7752394033712645 0.903716393004545 1.0
slowly 0.6168047397189284 0.52573480767112 0.7214597096857123 0.7728919747859726 0.9002140912299745 1.0
plenty 0.6144062363836742 0.5247226224568722 0.7198505557208169 0.7700402773222678 0.8947862488593895 1.0
look 0.607333173867954 0.5397313780010087 0.7155565408381562 0.7691823866546081 0.8974973139146983 1.0
wonder 0.6121310313641656 0.5393751146824053 0.7187966698449647 0.7779197817956717 0.9008519092223239 1.0
going 0.6042358854825606 0.5671990036693116 0.7149125956398843 0.7662088927946419 0.9075701628778625 1.0
happen 0.6134143412906554 0.5287298263650327 0.721406123364039 0.7770839007590222 0.8994606906056468 1.0
next 0.6134143412906554 0.5287298263650327 0.721406123364039 0.7770839007590222 0.8994606906056468 1.0
first 0.6009280964366033 0.553856819281102 0.7153270688557415 0.7670031238254262 0.9009365056101177 1.0
tried 0.6024799824624829 0.5545973980404965 0.7176763810940086 0.7713101218372648 0.9030001200863945 1.0
make 0.6118110265258646 0.5579903777685327 0.7148340954780051 0.7714519420303346 0.9058218658743644 1.0
coming 0.6114114431299034 0.5252990581733449 0.71513698197286 0.7746352316648891 0.8966317795542803 1.0
too 0.5966884056513012 0.5562497893603012 0.7133944430603057 0.7649368633774064 0.9010618740087941 1.0
dark 0.6014114103806998 0.5448154597009419 0.7161142116181698 0.770514992069983 0.8960519001297945 1.0
anything 0.613015338047075 0.5261202069177965 0.7134393990260119 0.7761770655585633 0.8957244795985181 1.0
sides 0.613328094951358 0.5253595150427098 0.7150334656104473 0.7808484967490686 0.8979821816383979 1.0
noticed 0.6029998262995185 0.5463886878906086 0.7139567862310255 0.7691308932792469 0.893268394453861 1.0
they 0.6088679995265203 0.5416382582282977 0.7157253436427933 0.7759166379549052 0.8987407761264699 1.0
were 0.6033241884170374 0.5497135749220469 0.7153978616312381 0.7701354247455642 0.8987198990170783 1.0
filled 0.6142005698998769 0.5267553125325154 0.7128910243661404 0.7784795326543884 0.895219958584979 1.0
cupboards 0.6166845152628 0.528846131276634 0.7162118378318465 0.7803830724001208 0.8981733111353646 1.0
shelves 0.6147527676645119 0.526702261227958 0.7172701490872154 0.7799668058687499 0.8984440933578275 1.0
here 0.6113791103937396 0.5448099162682669 0.7173523036047705 0.7756661446475381 0.8984445430921763 1.0
saw 0.6019985582831521 0.5416506582471342 0.71374813865764 0.7696975256166683 0.8963449358500782 1.0
maps 0.6117428082519398 0.5225211458648121 0.7131522812699366 0.7763062414116207 0.8982337635679762 1.0
hung 0.6139090484565622 0.5235603568827201 0.7134415376767347 0.7728158635409609 0.8978785502369152 1.0
upon 0.6015545404276302 0.5442062596958553 0.7150867457557741 0.7636964711781211 0.8989658592778437 1.0
pegs 0.6139090484565622 0.5235603568827201 0.7134415376767347 0.7728158635409609 0.8978785502369152 1.0
jar 0.6151291002014981 0.5262982811673713 0.7173873411245006 0.7773075706963761 0.8972892147524453 1.0
from 0.6041039810430229 0.5481935888819733 0.7171063323620411 0.7722222683890809 0.8979093951672835 1.0
one 0.6081967464703731 0.5488082757740268 0.7183777071306219 0.7726113066264748 0.9018885032936965 1.0
passed 0.6154315860151811 0.5257229512428675 0.7195263789045064 0.7788361541112483 0.900973336877056 1.0
labled 0.6163885975443522 0.5256235157671538 0.7199832379504746 0.7828266320332644 0.9029401280543512 1.0
orange 0.6163885975443522 0.5256235157671538 0.7199832379504746 0.7828266320332644 0.9029401280543512 1.0
marmalade 0.6163885975443522 0.5256235157671538 0.7199832379504746 0.7828266320332644 0.9029401280543512 1.0
great 0.602710523211493 0.545769329803737 0.7185587615632544 0.7711293143797225 0.9002729961782436 1.0
disappointment 0.6163441231030786 0.5294393597591335 0.7204320149701732 0.7813881959725983 0.9006838317611617 1.0
empty 0.6164616058675023 0.5282584267764812 0.7195148204437474 0.7802538068444886 0.8994824378262732 1.0
drop 0.6172315177757739 0.5280697751439757 0.7205918213366663 0.7820534030268749 0.8990514040870685 1.0
fear 0.6172315177757739 0.5280697751439757 0.7205918213366663 0.7820534030268749 0.8990514040870685 1.0
killing 0.6172315177757739 0.5280697751439757 0.7205918213366663 0.7820534030268749 0.8990514040870685 1.0
somebody 0.6168517020396734 0.5301287961937756 0.720026011408292 0.7827907806969613 0.8980002778052926 1.0
managed 0.6168517020396734 0.5301287961937756 0.720026011408292 0.7827907806969613 0.8980002778052926 1.0
put 0.6123444476494218 0.533776120678563 0.7173865817663773 0.7788207997008707 0.8958862875215949 1.0
past 0.6191723447414297 0.5309402194090591 0.7195378440139196 0.782289588688226 0.901131281807871 1.0
such 0.6070107443725131 0.5608380655719101 0.7138148531295175 0.7733173892962368 0.9055198895405484 1.0
fall 0.6130979779910606 0.5317831227175692 0.7166811751456236 0.7760817562552326 0.8989354950339065 1.0
tumbling 0.6141808469268972 0.5266840748158578 0.7160886119060811 0.7777899635528128 0.8990968900433606 1.0
stairs 0.6141808469268972 0.5266840748158578 0.7160886119060811 0.7777899635528128 0.8990968900433606 1.0
brave 0.6138908930672645 0.5291069161696714 0.7160599931646969 0.7755152791451639 0.9032851761339352 1.0
ll 0.6128755590556618 0.5508292734669468 0.7172046587486024 0.7742244921345189 0.9034238111871146 1.0
me 0.6111633952503552 0.5591196285379887 0.7165530423351341 0.7736676978932238 0.9046530117148655 1.0
home 0.6148597371266267 0.528990742687852 0.7148964692139034 0.7784032612501073 0.9009230748112507 1.0
why 0.6110217704907169 0.5556640455251565 0.7133047091342142 0.7708207755996171 0.9059426488035692 1.0
n't 0.6128633988260841 0.5337200444120436 0.7162208702296411 0.7786115481622993 0.8966495297719814 1.0
even 0.5963167433481262 0.5504791566887625 0.7131937338947364 0.7675149469380367 0.899637475226648 1.0
if 0.6055578332656831 0.5669256265442485 0.7149411921588334 0.7720704541436754 0.9051551182811715 1.0
off 0.6079395335320216 0.5508332673035733 0.7145764851190017 0.770397550629215 0.905029986793204 1.0
top 0.6163466668311284 0.5300210750440566 0.7161326928568081 0.7797048476543323 0.901816566178671 1.0
house 0.6163466668311284 0.5300210750440566 0.7161326928568081 0.7797048476543323 0.901816566178671 1.0
which 0.6065523091357437 0.5521937449567003 0.7143992782069762 0.7689374022136474 0.9006986496559566 1.0
likely 0.6136207124395645 0.5262185447048697 0.7175864621957747 0.7807209688655075 0.8979101431907598 1.0
true 0.6136207124395645 0.5262185447048697 0.7175864621957747 0.7807209688655075 0.8979101431907598 1.0
come 0.610310068026658 0.5465311616935596 0.7171994820258816 0.7817504949056224 0.9039029879969299 1.0
an 0.6146138333930685 0.5312432464550197 0.7166855267603209 0.7814466828135984 0.8973653509291467 1.0
end 0.6050739813312794 0.5519597998967114 0.7171783082030033 0.7746475829677473 0.9026904924463369 1.0
many 0.6088689654546215 0.5528985561769764 0.714561040230456 0.7738899216975572 0.8964422818270131 1.0
miles 0.6130321831413093 0.5316511698070934 0.7179907209795102 0.7796003490612454 0.9006505116573342 1.0
ve 0.6136629974331302 0.5326411820514525 0.7196767080255937 0.7822070402609486 0.9015353084501041 1.0
fallen 0.6122760370158677 0.5318976264017233 0.7194474927129715 0.7833502965662993 0.9019222779668326 1.0
said 0.6060406556111305 0.5723584166529831 0.7146396728624904 0.7705761227668058 0.9080296826596205 1.0
aloud 0.6171224892576074 0.5321724036468188 0.7164417663333941 0.7825543989536069 0.9005947008978055 1.0
must 0.6085580911743802 0.5554298546468712 0.714751355350934 0.7768413370197879 0.9027017717653638 1.0
somewhere 0.6152331286288916 0.5347035014862956 0.7177380750229847 0.7793342582441201 0.8978912994574606 1.0
near 0.6161117304470222 0.5317133058746583 0.7150227259897766 0.7811765837948759 0.8982625097951914 1.0
centre 0.6161117304470222 0.5317133058746583 0.7150227259897766 0.7811765837948759 0.8982625097951914 1.0
earth 0.6143577880605163 0.5299993535758001 0.7169906792377871 0.7788371793027001 0.8979094399480672 1.0
let 0.6133096988066475 0.5283972512878469 0.7148106874921085 0.7773818698571794 0.8985137993177683 1.0
four 0.6137903875723133 0.531404042332904 0.7165299837673388 0.7758401938231243 0.8993752834724382 1.0
thousand 0.6137903875723133 0.531404042332904 0.7165299837673388 0.7758401938231243 0.8993752834724382 1.0
you 0.6065644028439865 0.5531821003357478 0.7159805203775669 0.7732076897903797 0.9007487830859758 1.0
learnt 0.6150338674499247 0.5314767834918224 0.7156504941990491 0.7814818782615623 0.8995790877450869 1.0
several 0.6051431254131034 0.5533822669674554 0.7146899840223734 0.7724973422498114 0.8999186535527712 1.0
things 0.6066351081335531 0.5627071132885181 0.7121057403896461 0.7685451758205585 0.8983649377319481 1.0
sort 0.6038226407069613 0.5443393693192523 0.7133401729838141 0.770082514122192 0.9009574849116541 1.0
lessons 0.6078552828339714 0.5262710920240393 0.71411673104666 0.7729574539117782 0.8984014241876882 1.0
schoolroom 0.6133518363687206 0.5300065673674947 0.7155288412658138 0.775363601019351 0.8972942547465858 1.0
though 0.600047521996472 0.5551119793260401 0.7133781355438642 0.7656124007443459 0.9037084600754702 1.0
good 0.6080275542999029 0.5472664020466327 0.715347035709979 0.7699989962862589 0.9013136356195776 1.0
opportunity 0.6132419788914965 0.5331193007679997 0.7175299452058228 0.778115810205056 0.89384370559631 1.0
showing 0.6150262875834224 0.5330050024848203 0.7184909555765501 0.7775130494995331 0.8950243283311861 1.0
knowledge 0.6150262875834224 0.5330050024848203 0.7184909555765501 0.7775130494995331 0.8950243283311861 1.0
listen 0.6144270099804041 0.5334464385996757 0.7172117675029572 0.7755680536726416 0.8996853373063325 1.0
still 0.6088766433799798 0.5379469244249252 0.7152083203407169 0.7712765999694182 0.8985972930477559 1.0
practice 0.6124214338099311 0.530148946879405 0.7172768084681801 0.777294831822278 0.895008941769822 1.0
yes 0.6140547429933493 0.5308611278529887 0.7186944023230251 0.783463148417794 0.9000082794396078 1.0
right 0.6124427268280739 0.5428050851942964 0.7176141339365942 0.7773608538227526 0.9012060520763173 1.0
distance 0.6140547429933493 0.5308611278529887 0.7186944023230251 0.783463148417794 0.9000082794396078 1.0
latitude 0.6153416314385658 0.5338929639211574 0.7171448006816219 0.7798727533490268 0.9007196543496944 1.0
longitude 0.614567142325894 0.532682739907561 0.7184382073144444 0.7815917702038514 0.898964033703464 1.0
got 0.6062243356471579 0.55242522790349 0.7168266992612252 0.771993205695046 0.9067913361486764 1.0
idea 0.6157303230473571 0.5338726301512948 0.7167154935317067 0.7798059069197547 0.8983853270794679 1.0
nice 0.6033197808400816 0.5606824766354944 0.7133457033433914 0.7741099967213477 0.9017818434789409 1.0
grand 0.6134812809784076 0.5313813622443863 0.7157840350739824 0.7833738710668284 0.8986507129554431 1.0
words 0.6096868163376685 0.5630390351215093 0.7154697198161389 0.7751915106032784 0.9058559989917335 1.0
presently 0.6181083328631912 0.5358084357207311 0.7193923277263703 0.7795856310534787 0.9008383192306626 1.0
began 0.6144929368244627 0.5378032042427646 0.7197465385511614 0.779105120417162 0.8981937610971698 1.0
through 0.6080709965334261 0.5571718957036227 0.7160090862930462 0.7716658725219974 0.9019209682696111 1.0
funny 0.6152096873197568 0.5311138527062909 0.715989851768627 0.7814458163775642 0.9007901798232364 1.0
seem 0.6152096873197568 0.5311138527062909 0.715989851768627 0.7814458163775642 0.9007901798232364 1.0
among 0.601644121453035 0.5477754370790578 0.7171461452046897 0.7755678348961447 0.8960104839255609 1.0
people 0.6097120427097946 0.5720106157274637 0.7159219796220254 0.7729656620197182 0.9063589620464519 1.0
walk 0.6153257065707616 0.5334907151249241 0.7202201699376348 0.7870654275904384 0.8993634243644723 1.0
their 0.6086315109016134 0.5550237457594145 0.7179519295957875 0.777413125567672 0.9029558860089596 1.0
heads 0.6130340005819608 0.5317564884664928 0.7221416281179336 0.780323097846669 0.9016358910106455 1.0
downward 0.6130340005819608 0.5317564884664928 0.7221416281179336 0.780323097846669 0.9016358910106455 1.0
antipathies 0.6130340005819608 0.5317564884664928 0.7221416281179336 0.780323097846669 0.9016358910106455 1.0
rather 0.6090811600905366 0.5488619537065607 0.7190304874659641 0.7725415762455778 0.9024994019180136 1.0
glad 0.6133040705838377 0.5290254044008446 0.7190711338703225 0.7772763831987689 0.8936686108764856 1.0
listening 0.6145120247554859 0.5314491858583943 0.7195779056855313 0.7792683743490114 0.898225701241889 1.0
sound 0.6187977225227792 0.5343100467732559 0.7182549899317292 0.7840658641731107 0.8986383983371772 1.0
word 0.6187977225227792 0.5343100467732559 0.7182549899317292 0.7840658641731107 0.8986383983371772 1.0
ask 0.6152264548528016 0.5348132196494498 0.7190827029256115 0.7768161923984681 0.8970474101579793 1.0
them 0.6009948601577778 0.5547713986958508 0.7164657783218279 0.7669804875353637 0.9001534610424604 1.0
name 0.6174666111070279 0.5363381978879009 0.7198766256410185 0.7785937826684239 0.8969198961446527 1.0
country 0.6174666111070279 0.5363381978879009 0.7198766256410185 0.7785937826684239 0.8969198961446527 1.0
is 0.6089838364402169 0.5566195422152233 0.7172166570364769 0.7744056937033718 0.9021006361988853 1.0
know 0.6088049740852689 0.5564074161223564 0.7159583951879424 0.7742454558517164 0.8994530433840875 1.0
please 0.6166815491611375 0.5319998626717638 0.7178540806560597 0.779520085866819 0.897721445100224 1.0
ma'am 0.6166815491611375 0.5319998626717638 0.7178540806560597 0.779520085866819 0.897721445100224 1.0
new 0.6125192092163884 0.5310364908962956 0.7188806887405486 0.7777031656001806 0.8963639179739255 1.0
zeland 0.6125192092163884 0.5310364908962956 0.7188806887405486 0.7777031656001806 0.8963639179739255 1.0
australia 0.6125192092163884 0.5310364908962956 0.7188806887405486 0.7777031656001806 0.8963639179739255 1.0
curtsey 0.6111294895203522 0.5321104453479 0.716966843227893 0.7759427287433945 0.9004796205020351 1.0
spoke 0.6154747538516477 0.5337694559228651 0.7163234618916436 0.7784217809407203 0.9015212733394552 1.0
fancy 0.6091722901748895 0.5593290695300736 0.715399620982854 0.7744033900672443 0.9068845297073017 1.0
curtseying 0.6154747538516477 0.5337694559228651 0.7163234618916436 0.7784217809407203 0.9015212733394552 1.0
re 0.6117258145409139 0.5294558010356644 0.7147170600777064 0.774593226898078 0.8959061150726341 1.0
air 0.6127839250382068 0.5351517699599717 0.7170415059978493 0.7784859318247584 0.8955074984741574 1.0
manage 0.6124662374143304 0.5332400279470291 0.7189184685746564 0.7775059537758076 0.8990969955415076 1.0
ignorant 0.6153003781241354 0.5339518201795533 0.7156019933406902 0.7783866915569237 0.898203640041088 1.0
little 0.601662202235802 0.5692690046694309 0.7150573842193644 0.7668080393724038 0.9035457287437598 1.0
girl 0.6153003781241354 0.5339518201795533 0.7156019933406902 0.7783866915569237 0.898203640041088 1.0
asking 0.6103801853022488 0.5309960659887883 0.7158935368334195 0.772566494578972 0.8950211941312606 1.0
perhaps 0.6143553902451369 0.5376907585225417 0.7204507555826599 0.7774937432145573 0.8975204539218048 1.0
written 0.6143553902451369 0.5376907585225417 0.7204507555826599 0.7774937432145573 0.8975204539218048 1.0
else 0.6118987156915525 0.5356320475594654 0.7179481737607233 0.7799947105898678 0.8924347223056522 1.0
soon 0.6075895961375448 0.5637813387928817 0.7140549030690992 0.7727536415584026 0.9051315145476574 1.0
talking 0.6131785362479496 0.5378829336368327 0.7200474300020379 0.7810358548500763 0.8954335055887176 1.0
dinah 0.6103389801273659 0.539630088252744 0.7175879376019028 0.7759246903270005 0.8988159894379907 1.0
miss 0.6156065286390706 0.5398373614097489 0.7221999520031559 0.7843795835618821 0.8989275363387869 1.0
night 0.6170154458900997 0.540503392868442 0.7229713139578993 0.7820750472419689 0.8962351735893943 1.0
should 0.6077646219501285 0.5576025700961904 0.718465130260711 0.7777529327981231 0.9033079225456176 1.0
cat 0.612732775633423 0.5405272276559168 0.7214711591220024 0.7819431476800708 0.8963854796824937 1.0
hope 0.6123095722910612 0.5383235847730351 0.7172563830010553 0.7746952819512642 0.8998012120656961 1.0
remember 0.6075806889925152 0.5649461323024602 0.7158324918521918 0.7742183328844191 0.9049154404544328 1.0
saucer 0.6123095722910612 0.5383235847730351 0.7172563830010553 0.7746952819512642 0.8998012120656961 1.0
milk 0.6131441974150005 0.5386788732477026 0.7202173699204154 0.7765355284663936 0.899900256019756 1.0
tea 0.6131441974150005 0.5386788732477026 0.7202173699204154 0.7765355284663936 0.899900256019756 1.0
my 0.6011031667329931 0.5570705175489705 0.7124950684020643 0.7671818663321127 0.8995596415432814 1.0
wish 0.6071784343770926 0.5503137480950259 0.7154777371833175 0.7750258405028814 0.8929111826692918 1.0
are 0.6132977565522048 0.5390599137144282 0.7176575903905116 0.7764683749278906 0.8958529887056361 1.0
mice 0.6138461705791439 0.5408699984499478 0.7193750357380218 0.7823938492503301 0.895107324101671 1.0
m 0.6138461705791439 0.5408699984499478 0.7193750357380218 0.7823938492503301 0.895107324101671 1.0
afraid 0.6138461705791439 0.5408699984499478 0.7193750357380218 0.7823938492503301 0.895107324101671 1.0
might 0.6015139854107963 0.5599466190513845 0.7161150929932711 0.7714689317702111 0.898743375126129 1.0
catch 0.6101538211107171 0.5353047651735882 0.7158451517327273 0.7798814858185517 0.8910604571225231 1.0
bat 0.6087699144697621 0.5363231885959852 0.7150564208821674 0.7726064881556708 0.8966581562867538 1.0
mouse 0.6130561503985246 0.540243940644886 0.7210430530586567 0.7830941531902693 0.8960459565111861 1.0
cats 0.6113437230374261 0.5400986454304404 0.7191592112364575 0.7776177133309393 0.895713521050902 1.0
eat 0.6098095946121824 0.5525576652995807 0.7167347619174297 0.7717246874578845 0.902527675745179 1.0
bats 0.611440807091368 0.5406374948132511 0.7170540875040098 0.7776425336367796 0.8961663839079025 1.0
saying 0.6078606270978899 0.5385773176722699 0.715243258995138 0.7719634897562685 0.8984485277906886 1.0
dreamy 0.6091516664386736 0.5367605261342908 0.7177025616638641 0.7752173332637288 0.8961760294330772 1.0
sometimes 0.6067289193618114 0.5604365269034378 0.7140034272906131 0.7701539106717237 0.9068462587688487 1.0
couldn't 0.6139599620995584 0.5414376170650079 0.7166166270207989 0.7728750473469628 0.8972062337763987 1.0
answer 0.6139599620995584 0.5414376170650079 0.7166166270207989 0.7728750473469628 0.8972062337763987 1.0
question 0.6139599620995584 0.5414376170650079 0.7166166270207989 0.7728750473469628 0.8972062337763987 1.0
matter 0.6083847027805768 0.5412441080685695 0.7145299151784449 0.7751024227358998 0.8939674918152866 1.0
felt 0.6040142695537165 0.5581347090965587 0.7151047853273883 0.7735384548370992 0.9013800131513751 1.0
dozing 0.6082776239431736 0.5397719241491845 0.713966995714022 0.7722726182205094 0.8994082014703991 1.0
begun 0.6058851034610373 0.5544866847402691 0.710855478622153 0.7692857249974139 0.8964617568182055 1.0
dream 0.6060657247805513 0.5370940635673873 0.7109455704214438 0.7721629718836459 0.8984168596834178 1.0
walking 0.6060657247805513 0.5370940635673873 0.7109455704214438 0.7721629718836459 0.8984168596834178 1.0
hand 0.6063149988702218 0.5387459212711395 0.711859283886152 0.7704318555188078 0.8995721044368571 1.0
earnestly 0.6097865604948657 0.5395077122115349 0.7101241761043858 0.7636647557571103 0.9000178925542593 1.0
now 0.6049825322451681 0.5691643517302025 0.7117949058849047 0.7660356520249056 0.9059973201086711 1.0
tell 0.6069696274014618 0.540900609351201 0.7132009036109497 0.7675735596862681 0.901150288108254 1.0
truth 0.6069696274014618 0.540900609351201 0.7132009036109497 0.7675735596862681 0.901150288108254 1.0
ever 0.6009583445211865 0.5578708526384711 0.7154349228855985 0.7661140091096914 0.9021121139044878 1.0
thump 0.6089945680635968 0.5438788245486804 0.7188917227169924 0.7667623053114261 0.9007948509167394 1.0
came 0.597772871041132 0.5526189684602214 0.7178935985674244 0.7621147957203127 0.8990373206930657 1.0
heap 0.6076567487966573 0.5402732544375832 0.7149996730064325 0.7659153123629958 0.9027366875691833 1.0
sticks 0.6076567487966573 0.5402732544375832 0.7149996730064325 0.7659153123629958 0.9027366875691833 1.0
dry 0.6076567487966573 0.5402732544375832 0.7149996730064325 0.7659153123629958 0.9027366875691833 1.0
leaves 0.6076567487966573 0.5402732544375832 0.7149996730064325 0.7659153123629958 0.9027366875691833 1.0
bit 0.6057998666589243 0.5399894765505093 0.7208001913077222 0.7685421159706497 0.8973496714058614 1.0
hurt 0.6057998666589243 0.5399894765505093 0.7208001913077222 0.7685421159706497 0.8973496714058614 1.0
jumped 0.6057998666589243 0.5399894765505093 0.7208001913077222 0.7685421159706497 0.8973496714058614 1.0
overhead 0.6033716019586722 0.5450637418119191 0.7213247190732083 0.7681276969215401 0.8931580178789497 1.0
long 0.601273317346974 0.5534545078014534 0.7139632688737394 0.7636666535079581 0.8978378896727638 1.0
passage 0.5925897674031811 0.5540914052764119 0.7116593872533722 0.7614253032688345 0.8969859452365074 1.0
sight 0.6033403688640326 0.5424359837569354 0.7132099598238621 0.7669960420380363 0.8975120112754639 1.0
hurrying 0.6033403688640326 0.5424359837569354 0.7132099598238621 0.7669960420380363 0.8975120112754639 1.0
lost 0.6050984573481041 0.5415693221729331 0.7146958897127338 0.772424042114317 0.8976049951020603 1.0
away 0.6050984573481041 0.5415693221729331 0.7146958897127338 0.772424042114317 0.8976049951020603 1.0
wind 0.6044140540092617 0.5402021666172659 0.7153752059688744 0.7628719949260743 0.9002682933825428 1.0
turned 0.6010121809816577 0.5424747442721278 0.7138819430995605 0.7608248151010886 0.8983722319752083 1.0
corner 0.6010121809816577 0.5424747442721278 0.7138819430995605 0.7608248151010886 0.8983722319752083 1.0
ears 0.6030653043428092 0.5614403362239996 0.7141177635214867 0.7655997462745903 0.9022358921200415 1.0
whiskers 0.5972385906651707 0.5377063665278443 0.7121193873248097 0.756471372343237 0.893896910488236 1.0
it's 0.6046273761485977 0.5608519720845574 0.7120165573901277 0.7585068203194909 0.90289791167732 1.0
behind 0.5964325600319901 0.5503356529566706 0.7148433280496924 0.7582815542526591 0.8951080449825707 1.0
longer 0.5970384067635406 0.5400269438488682 0.7129581757839568 0.7570627875230317 0.8944500320072069 1.0
low 0.5951348644248436 0.5503625673504469 0.7133931983006601 0.7541998406829563 0.8949309442695396 1.0
hall 0.5939651183559871 0.5519863316923959 0.7168193833678173 0.7607649037665699 0.894288503909506 1.0
lit 0.5954418121916594 0.5425713862911845 0.7182756606476881 0.7590436938638531 0.8945194737015625 1.0
row 0.5954418121916594 0.5425713862911845 0.7182756606476881 0.7590436938638531 0.8945194737015625 1.0
lamps 0.5954418121916594 0.5425713862911845 0.7182756606476881 0.7590436938638531 0.8945194737015625 1.0
hanging 0.5954418121916594 0.5425713862911845 0.7182756606476881 0.7590436938638531 0.8945194737015625 1.0
roof 0.5991860156737364 0.5462734343869378 0.7239848612229294 0.7689098763006315 0.8962419779014479 1.0
doors 0.5938499256275794 0.5496888462172508 0.7220773088625638 0.7640307614040077 0.8952783678224469 1.0
around 0.5991743106144821 0.5483707325976125 0.719680497684255 0.7669712348433656 0.8954176561620159 1.0
locked 0.5951770499644907 0.5491425438662954 0.7174609272004873 0.7667990813055684 0.8921777245391627 1.0
been 0.5951028415968643 0.5422403052799023 0.713552648344614 0.7610066434885319 0.8980435105772996 1.0
side 0.5951028415968643 0.5422403052799023 0.713552648344614 0.7610066434885319 0.8980435105772996 1.0
other 0.6012832518331219 0.5645375685601545 0.7155589471792574 0.7660699686907573 0.9030119959705485 1.0
trying 0.6043863759026141 0.5718958732085514 0.7166756759742978 0.7670691517567475 0.9113095726585548 1.0
every 0.5974996311143392 0.5475553875869738 0.7157603502969966 0.7636920678952701 0.9023571555726485 1.0
door 0.5989202629647682 0.5681411413154207 0.7154286061436578 0.7648270125058998 0.9041616595867791 1.0
walked 0.5981592589792915 0.5520191980462079 0.7186257760388884 0.7689596610263785 0.8985260702368378 1.0
sadly 0.5981592589792915 0.5520191980462079 0.7186257760388884 0.7689596610263785 0.8985260702368378 1.0
middle 0.5981592589792915 0.5520191980462079 0.7186257760388884 0.7689596610263785 0.8985260702368378 1.0
wondering 0.5980516911003924 0.5518336683892471 0.7177990061173075 0.7647854259770168 0.9001479095444712 1.0
three 0.5900116678687044 0.549281715627777 0.7140869717319819 0.7541660130221033 0.8978562797241211 1.0
legged 0.5900116678687044 0.549281715627777 0.7140869717319819 0.7541660130221033 0.8978562797241211 1.0
table 0.6021366314363265 0.5724690486252632 0.7140686714877669 0.7668407376372272 0.9086870811266813 1.0
solid 0.5890636689881171 0.5503981152437316 0.7124000272373743 0.7542757393968547 0.8944694936718437 1.0
glass 0.601701626897936 0.5740299240847674 0.7169570773685457 0.7675462175232101 0.9068141743106644 1.0
except 0.5859229707511697 0.5482051522529804 0.7110885596407472 0.7595213689454778 0.8923986190917389 1.0
tiny 0.5859229707511697 0.5482051522529804 0.7110885596407472 0.7595213689454778 0.8923986190917389 1.0
golden 0.5922942048849178 0.5597053088093713 0.7127519511495634 0.7585409066391638 0.8998737661146462 1.0
key 0.5954459256568995 0.5644280002838399 0.713264928038713 0.761883881389825 0.9011703482392047 1.0
belong 0.5885338147515867 0.5530914702022409 0.7201768986817482 0.7591699146898784 0.8943183656529027 1.0
alas 0.5947003930884077 0.5683234173232874 0.7162292257762933 0.7625683580959198 0.9076779469208085 1.0
locks 0.5821221169416866 0.5512603999343774 0.7109589887077012 0.751555683197065 0.8949890777389092 1.0
small 0.5942750937840897 0.5681705007824628 0.7122004461273876 0.760363827659319 0.9046406172026296 1.0
any 0.5952743887422661 0.5661489995635148 0.7143468643712189 0.7630217974090429 0.9007838603806643 1.0
rate 0.5961732358637906 0.5667775330804482 0.7149543496898924 0.7660647983310807 0.9002720428846296 1.0
open 0.587545870000141 0.555407939613939 0.7139065601534091 0.7538074833971232 0.8969055277121949 1.0
however 0.5969942118933855 0.5709999122086713 0.7156816610957883 0.7700515562333645 0.9017925069136717 1.0
second 0.5892403001249977 0.564510866863161 0.7165381368465934 0.7636611061365373 0.895980676835555 1.0
round 0.5982590433522624 0.5709474341011218 0.7177534847248651 0.7694999354252041 0.8988828591792772 1.0
curtain 0.5924518460404391 0.5602222163678588 0.7148286514672828 0.756862840501259 0.8968299966823408 1.0
fifteen 0.5886601969946746 0.5600338623931672 0.7172456647173989 0.7538901176221005 0.8945408086556567 1.0
inches 0.5946325298040572 0.5683068847415562 0.7137653346229931 0.7565387528063428 0.9016310188390317 1.0
high 0.5946325298040572 0.5683068847415562 0.7137653346229931 0.7565387528063428 0.9016310188390317 1.0
lock 0.5891648942340546 0.561993930583858 0.7166975953391739 0.7609366283037338 0.8998648115152647 1.0
delight 0.5891648942340546 0.561993930583858 0.7166975953391739 0.7609366283037338 0.8998648115152647 1.0
fitted 0.5890307924999175 0.5632158250446274 0.7175097376861969 0.763437512693099 0.9008037595082203 1.0
opened 0.5957089605876086 0.567676908026043 0.7137695080921228 0.7636058976955915 0.9064989662471691 1.0
led 0.5872480140105962 0.5608160227294204 0.7108993492380479 0.7621441125887475 0.8998190088007209 1.0
larger 0.5981745913593591 0.5717831655609603 0.7132898314212366 0.7639924975515949 0.9043747454620736 1.0
than 0.5866198581513442 0.5603103276585687 0.7090722439444466 0.7636588476835741 0.8956635588997665 1.0
rat 0.5866198581513442 0.5603103276585687 0.7090722439444466 0.7636588476835741 0.8956635588997665 1.0
knelt 0.5866198581513442 0.5603103276585687 0.7090722439444466 0.7636588476835741 0.8956635588997665 1.0
along 0.5862543210715805 0.5567626451871042 0.7084596904941117 0.7568653858856502 0.8945642688928023 1.0
loveliest 0.5883343417217044 0.5611772843920539 0.7150635782950974 0.7660022639222059 0.8939988248133547 1.0
garden 0.598187855888261 0.5721750512702863 0.7153087718834358 0.7668377956499565 0.9054359085329833 1.0
longed 0.5903854235971251 0.5658709061172261 0.715492137011689 0.7654032644430127 0.8943873237004031 1.0
wander 0.5882707218745367 0.5617383874913505 0.7141413646391251 0.7643292320611272 0.8927330703900218 1.0
those 0.590443174672728 0.5637610848784982 0.7114040313145866 0.7617811926113883 0.8940359063000658 1.0
beds 0.5926229628190269 0.565790611960387 0.708657455306921 0.7592245496346265 0.8953431412722828 1.0
bright 0.5926229628190269 0.565790611960387 0.708657455306921 0.7592245496346265 0.8953431412722828 1.0
flowers 0.5926229628190269 0.565790611960387 0.708657455306921 0.7592245496346265 0.8953431412722828 1.0
cool 0.5926229628190269 0.565790611960387 0.708657455306921 0.7592245496346265 0.8953431412722828 1.0
fountains 0.5894367659972408 0.5649930082290417 0.7108955045200499 0.761728970000257 0.8926657544876138 1.0
head 0.5888117583794984 0.5628246751971915 0.7118561683076996 0.7629590276165512 0.9007700692047991 1.0
doorway 0.5846779727446951 0.5574350131359748 0.7113034496416455 0.7598759125410874 0.89649607181631 1.0
go 0.6026757367580572 0.5638009470861711 0.7076947341059592 0.7608166097060791 0.8968087432960201 1.0
poor 0.6033447863716066 0.5754980450712137 0.7121850322226412 0.7623688069146473 0.9083615191830352 1.0
shoulders 0.6045782768784005 0.5665022792714498 0.7105766947888874 0.7708014773577095 0.888513631834373 1.0
shut 0.6045925059667249 0.5639482502102011 0.7127289962317469 0.7730923571357162 0.8889787784417438 1.0
telescope 0.6019199781693702 0.5712502761220961 0.7113995338482105 0.7686146172220303 0.8989166304047068 1.0
only 0.6014051387072892 0.5720662108728871 0.709854471557523 0.7631091227019959 0.8989996061689693 1.0
begin 0.6022368943347975 0.5675828795052755 0.7094056785012306 0.7670532185685219 0.8892902214132484 1.0
happened 0.6047705641736038 0.5784442435280769 0.7119908065613365 0.7671680648666048 0.9010492413756804 1.0
lately 0.6057049410210528 0.5718351188933428 0.7107656157065987 0.766415787933197 0.8945116210116196 1.0
few 0.6068531207212873 0.5757503231661375 0.7131036631323531 0.7702417357458172 0.907074294574217 1.0
indeed 0.6050620387422958 0.5733080194281385 0.709149608191245 0.7667772656954293 0.9033052575762073 1.0
really 0.6037937042384612 0.571617293262387 0.7094435278634716 0.7724006981882214 0.8970120873184154 1.0
impossible 0.6037937042384612 0.571617293262387 0.7094435278634716 0.7724006981882214 0.8970120873184154 1.0
waiting 0.605728637911019 0.5789917766902904 0.714260554143135 0.7714265902720082 0.9014143292960916 1.0
back 0.6021166609622225 0.5750583772328081 0.7110771354034964 0.7700453033419091 0.9063157277920356 1.0
half 0.6015022352870293 0.573085323322613 0.7108888759220722 0.775034071155766 0.8982065181822542 1.0
hoping 0.6015022352870293 0.573085323322613 0.7108888759220722 0.775034071155766 0.8982065181822542 1.0
find 0.603577610962259 0.5734305383722077 0.7146781632751166 0.774956925669265 0.8989149190253183 1.0
rules 0.6034541054803346 0.5758879981670736 0.7170017282807101 0.7722778584446269 0.903891632073852 1.0
shutting 0.6024730049257626 0.5770551978372007 0.7173106993449779 0.7743457738846149 0.9040332623742171 1.0
telescopes 0.6038978737618506 0.5750960002860269 0.7201341673087742 0.7761583487053811 0.9009557516220718 1.0
bottle 0.6032699385404523 0.5749855657267239 0.7174032838218211 0.7760677642925021 0.9017262360635724 1.0
certainly 0.6052668159167978 0.5735421196258543 0.7162492193112087 0.7728029835234007 0.9014362908778988 1.0
neck 0.607333712656147 0.5774239150990651 0.7189763690898565 0.7753749718445031 0.9018030382291958 1.0
paper 0.607333712656147 0.5774239150990651 0.7189763690898565 0.7753749718445031 0.9018030382291958 1.0
label 0.6078070926831954 0.5782346606328173 0.7189141514971653 0.7775217061926261 0.9017172648455644 1.0
drink 0.6021795952192576 0.5755964784633417 0.7159674900532462 0.7728747687217943 0.9019556775317188 1.0
beautifully 0.6097387823336636 0.58156577445744 0.7177311347357824 0.7716956775188158 0.9085888164064941 1.0
printed 0.6103324694486519 0.5785309053150782 0.7210711580842051 0.780500797230485 0.898632255887975 1.0
letters 0.6039351088611425 0.578462893906487 0.7194895961719713 0.7699548290090438 0.8996903281122435 1.0
wise 0.6040304905770503 0.5728199608476638 0.7171107788594965 0.7658907796870211 0.9040259197279791 1.0
hurry 0.5987870606255228 0.5742937594837314 0.7165626160481383 0.7678860398345876 0.8971617063122536 1.0
marked 0.6027293671164623 0.5761371783444542 0.7145106098766385 0.7691585713764634 0.9057918636993403 1.0
poison 0.6000683151002546 0.5746013182799955 0.7143346623231626 0.7683218450130912 0.9013999039685838 1.0
read 0.5976490585125034 0.5707247247861764 0.7114485437218527 0.7619895627767838 0.896326254216909 1.0
histories 0.6024611788419126 0.5801914492520088 0.7152568515061009 0.7720423557933905 0.9014189824282584 1.0
children 0.6003290464426055 0.5786242279283229 0.7178114911609365 0.7767132512043637 0.900824325094707 1.0
who 0.6003290464426055 0.5786242279283229 0.7178114911609365 0.7767132512043637 0.900824325094707 1.0
d 0.6009175769527292 0.5813763720701128 0.7159848980696865 0.770875829925779 0.9105726066882083 1.0
gotten 0.6003290464426055 0.5786242279283229 0.7178114911609365 0.7767132512043637 0.900824325094707 1.0
burnt 0.6003290464426055 0.5786242279283229 0.7178114911609365 0.7767132512043637 0.900824325094707 1.0
eaten 0.6027012571013002 0.5778437860424425 0.7155066005959541 0.774714184570248 0.9037378460781735 1.0
wild 0.6027012571013002 0.5778437860424425 0.7155066005959541 0.774714184570248 0.9037378460781735 1.0
beasts 0.6027012571013002 0.5778437860424425 0.7155066005959541 0.774714184570248 0.9037378460781735 1.0
unpleasant 0.6050445652197914 0.5814196266142767 0.7153587314866251 0.7684338499460422 0.903662975584474 1.0
because 0.6050445652197914 0.5814196266142767 0.7153587314866251 0.7684338499460422 0.903662975584474 1.0
simple 0.6042951755525168 0.574725710405737 0.7148980895320416 0.776681692375893 0.9033213141928553 1.0
friends 0.6020371818727516 0.5762355381853236 0.7157175277542617 0.7679048203776373 0.9064947538996153 1.0
taught 0.6020371818727516 0.5762355381853236 0.7157175277542617 0.7679048203776373 0.9064947538996153 1.0
red 0.5998763297487422 0.5728784596322681 0.71015067414289 0.7734523119511765 0.9027608115244902 1.0
poker 0.6017740023206519 0.5726273152188633 0.716623645853953 0.768794660550723 0.9067194678817035 1.0
will 0.6017740023206519 0.5726273152188633 0.716623645853953 0.768794660550723 0.9067194678817035 1.0
burn 0.6017740023206519 0.5726273152188633 0.716623645853953 0.768794660550723 0.9067194678817035 1.0
hold 0.6017740023206519 0.5726273152188633 0.716623645853953 0.768794660550723 0.9067194678817035 1.0
cut 0.6016021870049558 0.575187230021284 0.7142516295226793 0.7741365447292359 0.9038694089045024 1.0
your 0.6041850000742438 0.5795549924208353 0.7163030437714065 0.7724794023646793 0.9093848129294031 1.0
finger 0.6041850000742438 0.5795549924208353 0.7163030437714065 0.7724794023646793 0.9093848129294031 1.0
deeply 0.6041850000742438 0.5795549924208353 0.7163030437714065 0.7724794023646793 0.9093848129294031 1.0
knife 0.6041850000742438 0.5795549924208353 0.7163030437714065 0.7724794023646793 0.9093848129294031 1.0
usually 0.5971685772996564 0.5738063419989766 0.7128101633068793 0.7725185787805886 0.9034290778471613 1.0
bleeds 0.5971685772996564 0.5738063419989766 0.7128101633068793 0.7725185787805886 0.9034290778471613 1.0
forgotten 0.5994308801150424 0.578696841659568 0.7128219772659486 0.7673068210581617 0.9123864017903309 1.0
almost 0.5992336348625198 0.5752182394574821 0.7171338042228211 0.7770882210913038 0.9011420249256896 1.0
certain 0.5992336348625198 0.5752182394574821 0.7171338042228211 0.7770882210913038 0.9011420249256896 1.0
disagree 0.5992336348625198 0.5752182394574821 0.7171338042228211 0.7770882210913038 0.9011420249256896 1.0
sooner 0.5996711460362532 0.5741795489814111 0.7190273997801979 0.7837765377884901 0.8987941706877224 1.0
later 0.5996711460362532 0.5741795489814111 0.7190273997801979 0.7837765377884901 0.8987941706877224 1.0
ventured 0.6016874605716828 0.5772710917020699 0.7138839152903768 0.771195320909609 0.9076599679705121 1.0
taste 0.6016874605716828 0.5772710917020699 0.7138839152903768 0.771195320909609 0.9076599679705121 1.0
finding 0.6028827278022822 0.5801514222842865 0.7140873261208747 0.7705357717350075 0.9093811289004824 1.0
fact 0.5938588751718546 0.5676510687578843 0.7059970986980411 0.7610280769410469 0.9077421742738213 1.0
mixed 0.5938588751718546 0.5676510687578843 0.7059970986980411 0.7610280769410469 0.9077421742738213 1.0
flavor 0.5938588751718546 0.5676510687578843 0.7059970986980411 0.7610280769410469 0.9077421742738213 1.0
cherry 0.5914993482473004 0.5710884427343947 0.70409477582563 0.7607123397211095 0.9065466769041514 1.0
tart 0.5914993482473004 0.5710884427343947 0.70409477582563 0.7607123397211095 0.9065466769041514 1.0
custard 0.5903601104655847 0.566184903782545 0.7055529180604644 0.7604905162673532 0.9066064035699323 1.0
pine 0.5903601104655847 0.566184903782545 0.7055529180604644 0.7604905162673532 0.9066064035699323 1.0
apple 0.5903601104655847 0.566184903782545 0.7055529180604644 0.7604905162673532 0.9066064035699323 1.0
roast 0.5903601104655847 0.566184903782545 0.7055529180604644 0.7604905162673532 0.9066064035699323 1.0
turkey 0.5977613462230775 0.5768032039646833 0.7090691249914397 0.7675258363474954 0.9124289025308909 1.0
toffee 0.5977613462230775 0.5768032039646833 0.7090691249914397 0.7675258363474954 0.9124289025308909 1.0
buttered 0.5977613462230775 0.5768032039646833 0.7090691249914397 0.7675258363474954 0.9124289025308909 1.0
toast 0.6018590661454227 0.5742138570070978 0.7100575425535555 0.7664125960578527 0.9149246480963799 1.0
finished 0.6012209451518403 0.5743761805961801 0.7108060955214844 0.7721580007559845 0.9112878530519285 1.0
curious 0.604171954655224 0.5821397785520864 0.7159409491254467 0.7748973699275299 0.9087599592190619 1.0
feeling 0.601885983888111 0.5784973039895821 0.7177380813060067 0.777829242957948 0.9047552119401241 1.0
ten 0.6005753374030488 0.5765390080420855 0.7103022101133304 0.759174294026541 0.908686177401196 1.0
face 0.6005753374030488 0.5765390080420855 0.7103022101133304 0.759174294026541 0.908686177401196 1.0
brightened 0.600267304225082 0.5741199191808557 0.7114366973906461 0.7655800829162656 0.9067919708095851 1.0
size 0.6016705502041004 0.5739750426967571 0.7143805462049827 0.7618460850092779 0.9087576036845554 1.0
lovely 0.6021725759041388 0.5799124189183741 0.7169669680530516 0.773730128723597 0.9085034259850797 1.0
waited 0.6025381826248821 0.5732550535877823 0.7124556432595991 0.7695070945988997 0.9082458198780343 1.0
minutes 0.6055347471879168 0.5822415020384073 0.716916125132748 0.7721057982165028 0.9136356069494063 1.0
shrink 0.601238668855776 0.5756750389957129 0.7135780921694898 0.7662041305144566 0.9056957134523826 1.0
further 0.601238668855776 0.5756750389957129 0.7135780921694898 0.7662041305144566 0.9056957134523826 1.0
nervous 0.6002138956968283 0.578658126959014 0.7154506299038775 0.7722261715370196 0.9089078082923249 1.0
altogether 0.600977453198736 0.5759955533091159 0.7091749530373387 0.7655912414046127 0.9134574438770611 1.0
candle 0.6006018494524986 0.575301267399372 0.714223042062858 0.767884771486775 0.9089694989014834 1.0
flame 0.6029755550120228 0.584459901616129 0.7144912781921604 0.7704524106882376 0.9121578134621393 1.0
blown 0.601967893072194 0.5819222007407703 0.7157255299547983 0.7711232039690273 0.9071365266631286 1.0
thing 0.6061125234299237 0.5805537951110149 0.7158005866077047 0.7677831451916689 0.9117217198336771 1.0
while 0.6124669135985166 0.5889342943551161 0.7202553670713024 0.778873308287624 0.9120323830331075 1.0
more 0.6040738075802236 0.5830216620285351 0.7142900243297922 0.7698785331992937 0.9110962599822925 1.0
decided 0.6042009066071865 0.5755704585831752 0.7138870377386145 0.7607414262580342 0.913985224777824 1.0
possibly 0.6012204522072343 0.5739921815960959 0.7107256662708419 0.7664639190374439 0.9112634262932756 1.0
reach 0.6057024668094709 0.578426374981317 0.7132182589338381 0.7678665895139829 0.9123899341319563 1.0
plainly 0.6090754196543806 0.5865275120954665 0.7242401851290647 0.7810997552827705 0.9108012781757462 1.0
best 0.6065110716065244 0.5825401294840431 0.7228756680139767 0.7766905979048474 0.907758713329475 1.0
climb 0.6065110716065244 0.5825401294840431 0.7228756680139767 0.7766905979048474 0.907758713329475 1.0
legs 0.6122644482422358 0.5860188730081116 0.7219530173997533 0.7733900106835038 0.9191913481599129 1.0
slippery 0.607263973459795 0.5802083915897681 0.719341453408485 0.7695799639713674 0.9108991369487515 1.0
sat 0.606046470717491 0.5794961216187209 0.7162474771787077 0.7642896789459847 0.9118346832835225 1.0
cried 0.6023527061631967 0.5753016739024431 0.7128821876937591 0.7667735318065929 0.9134824930485532 1.0
crying 0.6012221959556013 0.5783605978338944 0.7128601880410036 0.7645040472718531 0.9154725925171718 1.0
sharply 0.6017405507267164 0.5778158792216779 0.7182249208173325 0.7636755088606783 0.9154841659712086 1.0
advise 0.5989546480173081 0.5765502818305288 0.7135146399234812 0.7505014284371427 0.917456177627288 1.0
leave 0.5989546480173081 0.5765502818305288 0.7135146399234812 0.7505014284371427 0.917456177627288 1.0
minute 0.6033242041745918 0.577204147735032 0.7138680151420984 0.7629719015819343 0.9184818782039573 1.0
generally 0.598543960566981 0.578114768414272 0.7112879144983576 0.7547873069649433 0.9149094521682463 1.0
gave 0.598543960566981 0.578114768414272 0.7112879144983576 0.7547873069649433 0.9149094521682463 1.0
advice 0.598543960566981 0.578114768414272 0.7112879144983576 0.7547873069649433 0.9149094521682463 1.0
seldom 0.602274847025131 0.5776845527411137 0.7133268425842246 0.7616965848649707 0.9173095561643387 1.0
followed 0.602274847025131 0.5776845527411137 0.7133268425842246 0.7616965848649707 0.9173095561643387 1.0
scolded 0.6025273124649544 0.5799566412332504 0.7141331707822519 0.7618739631725 0.9173543310710544 1.0
severely 0.5998159887715265 0.5719567237899187 0.7083125700224491 0.7627286050687297 0.9133212338792467 1.0
bring 0.5998159887715265 0.5719567237899187 0.7083125700224491 0.7627286050687297 0.9133212338792467 1.0
tears 0.5979442840877147 0.5654627665906788 0.7127533718351794 0.7682212006031163 0.9090958067455618 1.0
remembered 0.6050961711273125 0.5808711200960629 0.7134619567208977 0.7721135310698108 0.909837621759292 1.0
box 0.6061040575584009 0.5831534003485922 0.7138654270821406 0.7697805672880335 0.9125684345559506 1.0
cheated 0.6088247874379228 0.5849004553936689 0.7160930817813508 0.7746227939567292 0.9104786557765373 1.0
game 0.6050808613213032 0.5840573020624368 0.7115049133656599 0.7684327123285324 0.9113702389918913 1.0
croquet 0.6050808613213032 0.5840573020624368 0.7115049133656599 0.7684327123285324 0.9113702389918913 1.0
playing 0.6050808613213032 0.5840573020624368 0.7115049133656599 0.7684327123285324 0.9113702389918913 1.0
against 0.6050808613213032 0.5840573020624368 0.7115049133656599 0.7684327123285324 0.9113702389918913 1.0
child 0.6038938220846082 0.583930438147962 0.7155493152047872 0.7645289726003518 0.9117529800107577 1.0
fond 0.6038938220846082 0.583930438147962 0.7155493152047872 0.7645289726003518 0.9117529800107577 1.0
pretending 0.6038938220846082 0.583930438147962 0.7155493152047872 0.7645289726003518 0.9117529800107577 1.0
two 0.6098412924822457 0.5897855905879061 0.7116285766659872 0.7642681702234825 0.9126104036563529 1.0
pretend 0.6072471008884426 0.5877326996757088 0.7110986241612884 0.7613814034706187 0.912659379177567 1.0
hardly 0.6071635111394454 0.5824783797453734 0.7117045328442536 0.7631981986097183 0.9109887630959804 1.0
enough 0.6071635111394454 0.5824783797453734 0.7117045328442536 0.7631981986097183 0.9109887630959804 1.0
respectable 0.6122139136719493 0.5909519887528109 0.7145287047216997 0.768242333000055 0.9150879357040794 1.0
person 0.6122139136719493 0.5909519887528109 0.7145287047216997 0.768242333000055 0.9150879357040794 1.0
eye 0.6096897841354515 0.5814660153417645 0.7134151939934673 0.7660475279978147 0.9117131237453553 1.0
lying 0.6071264707744379 0.5854685753731896 0.7142747127088639 0.7674139782265564 0.9153386068766671 1.0
cake 0.607792991130306 0.5793291259152583 0.7116938873188406 0.7646906896802595 0.9172005931407134 1.0
currants 0.6107449338960095 0.5807634648039923 0.7150405955199087 0.7716789415161558 0.9190212355043794 1.0
makes 0.6132976728279245 0.5855790020295727 0.7162372460028776 0.772070645274397 0.9166905919081099 1.0
grow 0.6131254518096787 0.5854504989340664 0.7175240495462705 0.7715994816033627 0.915880650749684 1.0
can 0.6100831598018605 0.5825464384570204 0.7162833262083111 0.7683800242026294 0.9129529442053809 1.0
smaller 0.6160660499923197 0.5880396991339076 0.7193372417201739 0.7739311838362225 0.9182466068664766 1.0
creep 0.6099784001395364 0.5822294399844121 0.7168523223856955 0.7674918485904151 0.9123899225792866 1.0
