word v0 v1 v2 v3 v4 v5
alice 0.4074373399796363 0.4025861078337443 0.5431137179671093 1.0 0.40972164271535466 0.5757111606917766
was 0.40717168739992043 0.40185331004219904 0.5431517221485069 1.0 0.40987644555092195 0.5767213056124839
beginning 0.408948642739937 0.3988774505365828 0.5411293823438965 1.0 0.4075271475356843 0.5753467785514745
to 0.4075367638046758 0.40197324488327224 0.5431998683200833 1.0 0.40919130158186634 0.5756381433609198
get 0.40780676459666904 0.40229098228659776 0.543615317507107 1.0 0.41089316508711066 0.5765173076653486
very 0.4074045129065563 0.4019400965381104 0.5417738832543194 1.0 0.4093195260780144 0.5744527951321912
tired 0.4075358266564396 0.401129915726937 0.5437099625147137 1.0 0.408271522881937 0.5775971969824946
of 0.40746165125095546 0.40170729522109494 0.5430009139321751 1.0 0.4094051962177637 0.5756959902860468
sitting 0.40698702852862323 0.3980146375125169 0.5443297207895785 1.0 0.40597373327037045 0.5747430470421568
by 0.4074916562361969 0.40153503411359576 0.5431503743228557 1.0 0.41000701312769716 0.5759891552763848
her 0.4074532479205217 0.40088519406952455 0.5416298164479677 1.0 0.4090875039565866 0.5752934723378065
sister 0.40706493260538557 0.3983454837551022 0.5432627316259895 1.0 0.40649359941329005 0.574051640424103
on 0.40734465191414315 0.4027718205608143 0.5445465283478477 1.0 0.41023842029796415 0.5766894934614211
the 0.40743557304473005 0.40217695465801523 0.5434611928195627 1.0 0.40997443211128204 0.5764057359109946
bank 0.4111009297239773 0.4001623563213527 0.5419545010625741 1.0 0.40871881878329563 0.5732357519102955
and 0.4074674684358512 0.4025630211682612 0.5421512790567292 1.0 0.41022756484970185 0.576364602554658
having 0.41052191183820114 0.40507195067060003 0.5433087939040342 1.0 0.411404578634363 0.5786821801415942
nothing 0.408537603372441 0.4025891850586939 0.5425827748798906 1.0 0.40953629638929745 0.5745798219098853
do 0.40657840334816564 0.40209512401089115 0.5436963972506998 1.0 0.40898049321654695 0.5749408104561251
once 0.40782585271859173 0.4017221233424034 0.5402809012685686 1.0 0.41032647600265154 0.5753923174532227
or 0.40673333846142445 0.39964570669428773 0.5419446582559685 1.0 0.4087286608394559 0.5749788913597281
twice 0.40666158479973386 0.39664610251978627 0.5379368774785165 1.0 0.40825611435566794 0.5706580584728346
she 0.40718329763052613 0.40235670234828763 0.5429106095348855 1.0 0.4101771345091941 0.5769115542319065
peeped 0.4071428341395777 0.39867631919979574 0.5421957772859287 1.0 0.40701344858923943 0.5733602563716182
into 0.40773384249138095 0.40371279697692924 0.5434738791762003 1.0 0.4109271308615448 0.5772293752801566
book 0.40654633424549064 0.39888417589374203 0.5430818971633377 1.0 0.4087620724722607 0.5735757916912575
reading 0.4092676099197185 0.39900701670406896 0.5433926814595738 1.0 0.40720469257181724 0.5717047084989685
but 0.4068372434951857 0.40151431025300394 0.5435381435254352 1.0 0.41008423617809675 0.5766047725661502
it 0.40727197452910785 0.4020437917160447 0.5425250416176579 1.0 0.4097464720303269 0.5758829532278528
had 0.40653754369098327 0.4015381132569562 0.5412011063164727 1.0 0.409684043960838 0.5759854207385634
no 0.4074895091336495 0.40262105052300445 0.5433806631949487 1.0 0.40945973620182774 0.5762602005715419
pictures 0.40833545741402577 0.3993743818732099 0.5403653397337069 1.0 0.40814696680713947 0.5724429191361233
conversations 0.4067292664964778 0.39787512208066056 0.5403756373803327 1.0 0.4079046969697115 0.5713388354313814
in 0.40756614979985256 0.40202002386284363 0.5429932767782271 1.0 0.4095979971051025 0.5761727391190866
what 0.4073129430269246 0.4014011476517155 0.541930165471677 1.0 0.4091486955048377 0.5755330290561435
s 0.40752488855397073 0.40387631473024466 0.5434075520005811 1.0 0.4102088085488865 0.5766084817010614
use 0.40986169275290346 0.40630790275653844 0.5465373000878323 1.0 0.4104367711995622 0.5780264280200678
a 0.4075926331691818 0.4022172606697256 0.5424613701588616 1.0 0.4099373656626766 0.5760641140497067
thought 0.4078700248819028 0.4019384320105042 0.5444298662788035 1.0 0.4093589618550549 0.5765058049381945
without 0.40927342393011934 0.4033890799858666 0.5475433330705585 1.0 0.40852576047343303 0.5740688097277592
conversation 0.40994068641696035 0.40046418696741065 0.5444830650616589 1.0 0.40733286628458704 0.5742158705736379
so 0.40746930945247956 0.4024561385659631 0.541685317171141 1.0 0.40939260617993395 0.5754373686089719
considering 0.40869598132588464 0.39792052710284714 0.5378226200616765 1.0 0.4079013685243982 0.5747003134962781
own 0.4097612090146129 0.403433934725166 0.5406703890081893 1.0 0.41141635864269555 0.5788783964418819
mind 0.4089448994898426 0.3978998824805509 0.5378641624338073 1.0 0.40745720921754147 0.5757952859949078
as 0.4079521361993458 0.4015893469674067 0.5412337746185324 1.0 0.4086507822921177 0.5745981650642412
well 0.4075703961177625 0.4005825872720227 0.5386714444379294 1.0 0.4087841275604962 0.5738915472666806
could 0.4085740543389327 0.4049870615522886 0.5452887344209661 1.0 0.41097806572481516 0.5783992588160275
for 0.40797271630176646 0.40301950760359634 0.5435035718152719 1.0 0.4100687603783969 0.5765730694449561
hot 0.4080003434853227 0.40229392976437234 0.5430058060089281 1.0 0.40959574897748224 0.5754275740060847
day 0.40924143910219307 0.39878778756668487 0.5378926181531565 1.0 0.40877423927286427 0.5744159783149438
made 0.40599219780295726 0.3984364217932054 0.5394223876681136 1.0 0.40990006201724066 0.5754626537860116
feel 0.406424808749635 0.3974976213880568 0.5357614129233087 1.0 0.407060969233394 0.5717502989802383
sleepy 0.4066215743319973 0.40019493119148675 0.5420319056465954 1.0 0.40835913734900325 0.5733842304270569
stupid 0.406424808749635 0.3974976213880568 0.5357614129233087 1.0 0.407060969233394 0.5717502989802383
whether 0.40903927878876334 0.4017650816143517 0.5447301850612536 1.0 0.409424310236005 0.573774833229537
pleasure 0.41002077732218345 0.3991260429853436 0.5393225010796731 1.0 0.40631358676726526 0.5709488750491176
making 0.41002077732218345 0.3991260429853436 0.5393225010796731 1.0 0.40631358676726526 0.5709488750491176
daisy 0.4069724770730762 0.3965253137940716 0.5382517769038624 1.0 0.4050814616683438 0.5696329457506705
chain 0.4069724770730762 0.3965253137940716 0.5382517769038624 1.0 0.4050814616683438 0.5696329457506705
would 0.4083419470152601 0.4026139815076494 0.5450868449883157 1.0 0.4090354091069684 0.5747135887948072
be 0.4076203403868413 0.4031037017734215 0.5439145987366448 1.0 0.4085387415814472 0.5757301631567706
worth 0.4069724770730762 0.3965253137940716 0.5382517769038624 1.0 0.4050814616683438 0.5696329457506705
trouble 0.4079706562756996 0.39697972309548024 0.5352102329201344 1.0 0.4064277856395017 0.5706610186543504
getting 0.4079835225421114 0.4003134020347233 0.5407540207187869 1.0 0.40851813474410376 0.5734733931122638
up 0.407086392623373 0.40281469429323763 0.5445905666195142 1.0 0.41103369099994136 0.5774702910790946
picking 0.4079706562756996 0.39697972309548024 0.5352102329201344 1.0 0.4064277856395017 0.5706610186543504
daisies 0.4079706562756996 0.39697972309548024 0.5352102329201344 1.0 0.4064277856395017 0.5706610186543504
when 0.4075934883140642 0.40203788839366644 0.540765421931964 1.0 0.4090245535568772 0.5768543757999792
suddenly 0.40748721846151026 0.39919546520438665 0.5384154838650755 1.0 0.4095249813804778 0.5735519668659821
white 0.4061394270963342 0.3994279245931529 0.540931997783135 1.0 0.4087508321058276 0.5759701140518397
rabbit 0.40724913527169593 0.39791643198359467 0.5406922862597376 1.0 0.4069334082785716 0.5733344503289154
with 0.40696689353163445 0.4000422505678495 0.5407264529048407 1.0 0.40876408837475114 0.5756276884312608
pink 0.4080984002507079 0.3986468209930908 0.5363469474883287 1.0 0.40941614194235243 0.5739264307348607
eyes 0.4089749874325662 0.40273837639140053 0.5423244004663502 1.0 0.41180927539475826 0.5777393327347463
ran 0.40674812487828294 0.3954432903283527 0.5395666468538777 1.0 0.4072662709662713 0.5737458933135037
close 0.40754280212505234 0.3996425969985334 0.5394216549361636 1.0 0.4106019468290426 0.5757572353060518
there 0.4079992796507143 0.4033390421945132 0.5429596286532261 1.0 0.4105466905712356 0.5766686377159805
remarkable 0.40842448451495467 0.39839207146666783 0.5387060315398635 1.0 0.40831661653357715 0.5740779376839956
that 0.4070196504187989 0.402138114181338 0.5425645110782186 1.0 0.40920681245831525 0.5752822634507371
nor 0.40842448451495467 0.39839207146666783 0.5387060315398635 1.0 0.40831661653357715 0.5740779376839956
did 0.40715012377404985 0.39963644698927414 0.541268595686034 1.0 0.407725708407064 0.5729164302394588
think 0.4062858719766587 0.40113924432395937 0.541783228131907 1.0 0.4074177627796492 0.5732698264937257
much 0.4069560977006933 0.40122546087417654 0.5396067825148383 1.0 0.4083010958784435 0.5741595843814836
out 0.40767657414448927 0.4006958698513522 0.5418760341001 1.0 0.4090851320200144 0.575726245487614
way 0.4072159031166925 0.40133435200745826 0.5423517103138557 1.0 0.41037760776574583 0.5765315795150772
hear 0.40912100990241895 0.4026747401340619 0.5423671653452851 1.0 0.4084128691693744 0.57536213168578
say 0.4073516538464267 0.4011515969606025 0.5426761954793711 1.0 0.4079349494306039 0.5751789392321538
itself 0.40733099923867605 0.3981370834054211 0.54127860238414 1.0 0.40506161905392246 0.569962847235527
oh 0.4085551782305151 0.4016495831376356 0.5434850875593674 1.0 0.40848343952443356 0.5756019179789607
dear 0.40875162149639743 0.40071658468855265 0.5411129285045574 1.0 0.4071479491506762 0.5733957491195545
i 0.407582459060768 0.4031292783126006 0.5431926450719047 1.0 0.4094073029863969 0.5755242328230407
shall 0.4079775771908099 0.4009134518256794 0.5423961503340058 1.0 0.40750399707120094 0.5736067023676819
late 0.4068979357499208 0.3986300979532102 0.5386163358818427 1.0 0.40915826927705473 0.5763081879474569
over 0.4064408111727502 0.3990468832238278 0.538762128458365 1.0 0.4054442973693858 0.5732642020638437
afterwards 0.4074299659398357 0.39782521052014413 0.5390546843465275 1.0 0.40375155236716403 0.57297243142978
occurred 0.4074299659398357 0.39782521052014413 0.5390546843465275 1.0 0.40375155236716403 0.57297243142978
ought 0.40700448800743577 0.39431343143053726 0.5362884009511969 1.0 0.40359898120541265 0.5689352630880099
have 0.40744778448336144 0.39856871418083856 0.5410044767432401 1.0 0.4069951134649697 0.5720394603966524
wondered 0.40700448800743577 0.39431343143053726 0.5362884009511969 1.0 0.40359898120541265 0.5689352630880099
at 0.4071691013275421 0.40154393705778196 0.5417166661798111 1.0 0.4089162125142931 0.5745419657634513
this 0.40821513584503333 0.40270398609302827 0.5417628251650164 1.0 0.4087073941047688 0.5753549545481647
time 0.40790529352231003 0.4006505306641116 0.5426575491285893 1.0 0.4084501675209985 0.5745256874914958
all 0.40680573955978316 0.4015831363769317 0.5440051116407114 1.0 0.4105281319113246 0.5778359028676132
seemed 0.40882068893177553 0.4017623062292223 0.5435670618023206 1.0 0.409650671463833 0.5750852448937644
quite 0.4076125187956 0.40209153780993223 0.5428347940902833 1.0 0.4107611276851592 0.5785796857179586
natural 0.40746344283395663 0.3962005720205642 0.5396092581093447 1.0 0.40633972770226795 0.5724369520427892
actually 0.4080784852966356 0.39621572623702367 0.5427127446109481 1.0 0.40299996123175513 0.5735694155092509
took 0.4063320490670615 0.3963953931137716 0.5376323402770928 1.0 0.4064179430186397 0.5705830683962023
watch 0.40707104675176237 0.3956846782417541 0.5362807496505181 1.0 0.40460615969339025 0.5727938157679325
its 0.40902444594307313 0.3981324015768207 0.5378800175133021 1.0 0.4042318016468505 0.5737548613150292
waistcoat 0.40707104675176237 0.3956846782417541 0.5362807496505181 1.0 0.40460615969339025 0.5727938157679325
pocket 0.4058195175994853 0.3986830183488438 0.534489245274556 1.0 0.4041748051783844 0.5699642227706004
looked 0.4063007520125561 0.4020842518238661 0.5401973002616223 1.0 0.40921414411180784 0.575483368335084
then 0.4058061526739673 0.3994963259118743 0.5384579425551612 1.0 0.4080071752586338 0.5721600506889563
hurried 0.40752356319942395 0.4036201615296997 0.5392625928142009 1.0 0.40562125712950436 0.5697159572705446
started 0.40987700442833896 0.4017540043790855 0.5402043514801071 1.0 0.4058282971774231 0.5652853423674278
feet 0.40771386659221703 0.4005592769292983 0.5419592485593876 1.0 0.4077626185806222 0.5710876881138371
flashed 0.4081298657617474 0.39670658017895055 0.5368467702073111 1.0 0.4064144650354594 0.5743997782106578
across 0.4070768670826266 0.3950998490183044 0.5386188865299595 1.0 0.40721472046122625 0.573436804637817
she'd 0.4081298657617474 0.39670658017895055 0.5368467702073111 1.0 0.4064144650354594 0.5743997782106578
never 0.40781005115219043 0.4007942804628078 0.5408384821809767 1.0 0.4075381198602601 0.5738780528851759
before 0.40692931750891054 0.4001670172785739 0.5423127849999531 1.0 0.4097668462685573 0.5768414105646473
seen 0.4076011589936127 0.4011800539420462 0.5413674696525368 1.0 0.4101527310440918 0.578430636288258
either 0.40717569849143187 0.4004740158891881 0.5404194043980144 1.0 0.4096260606923651 0.5775980410418954
take 0.4082704297392143 0.39235377387502485 0.5369858542224576 1.0 0.4054011532745662 0.5731570897290401
burning 0.4082704297392143 0.39235377387502485 0.5369858542224576 1.0 0.4054011532745662 0.5731570897290401
curiosity 0.40447363380924334 0.39170802037563285 0.5397320900457132 1.0 0.4052455472868959 0.5727024294445134
field 0.40603633518506743 0.3935121404517082 0.5403700222117636 1.0 0.4080055014120631 0.5724852320110744
after 0.40671343131577986 0.40050962473278195 0.5415776424734116 1.0 0.4090610896344121 0.575082417171247
fortunately 0.4087952617126762 0.3954129865049324 0.5454442115330761 1.0 0.40670786676656745 0.5740343360620209
just 0.4087591371767457 0.40118688545394166 0.5446399570797028 1.0 0.4081503320407856 0.5761672099997411
see 0.40831144985665696 0.4027114217770574 0.5439407440853169 1.0 0.4095437160189572 0.5759190866069667
pop 0.410133503724091 0.3974644746368708 0.5440602806416813 1.0 0.4045660965396954 0.570439119528635
down 0.407209332401193 0.40122470582937103 0.5414522736199652 1.0 0.4089561344085635 0.5743183894144436
large 0.4074564216958527 0.40126400729187744 0.5471432406701343 1.0 0.40930465020161644 0.5771427014083769
hole 0.40721587572612045 0.3985850959621185 0.5400756546215526 1.0 0.40771053137627655 0.5731456906420319
under 0.408163814817737 0.4032199613433814 0.5430400789141943 1.0 0.41069000976748654 0.5776119624135732
hedge 0.4073457502683188 0.3944978862451824 0.5397108541295372 1.0 0.4047155723236172 0.5718991055263722
another 0.4082481089976944 0.40119247370429284 0.5460903583800104 1.0 0.40945674195589554 0.5766378222749727
moment 0.4071408589959247 0.39950806629730384 0.5411494599645356 1.0 0.40840224159758276 0.5747381472229123
went 0.40704454298758286 0.40028973680542046 0.5435077187018018 1.0 0.40918513566940157 0.5755202467171743
how 0.4080475979257444 0.40273528150302546 0.5438608064784061 1.0 0.409489861299504 0.5753851766169471
world 0.40637655069257 0.39712906449062574 0.5347022519939065 1.0 0.406002539205189 0.5726357707818795
again 0.40685619041430615 0.4008992291732464 0.542430166964611 1.0 0.40971823917238503 0.5735598172743167
straight 0.40650381319331613 0.39584379049694257 0.5368140387632454 1.0 0.4076964386563708 0.5691724794172444
like 0.4080488731480372 0.4042295208106206 0.5457745960735597 1.0 0.4096836768483508 0.5770933807873144
tunnel 0.40650381319331613 0.39584379049694257 0.5368140387632454 1.0 0.4076964386563708 0.5691724794172444
some 0.4046022995361007 0.3949599949978717 0.5353166611755483 1.0 0.4087919523451084 0.5692605267144916
dipped 0.4046022995361007 0.3949599949978717 0.5353166611755483 1.0 0.4087919523451084 0.5692605267144916
not 0.40688821198828906 0.40287683625799486 0.542671394895996 1.0 0.41056464112742225 0.5771349946753416
about 0.40733986508636666 0.4015234606119 0.5417526272900454 1.0 0.4099702191407903 0.5760167361672861
stopping 0.4085191240899357 0.4002424919289079 0.5388205972344504 1.0 0.40612451508265457 0.5709356129993282
herself 0.4081183414320156 0.40399259537069354 0.5444610076546342 1.0 0.40982421522885554 0.5774623987045657
found 0.40640653874672444 0.40293193713076814 0.5421010631964369 1.0 0.41009230862062623 0.5776669908423296
falling 0.4046994415461244 0.39968592786697676 0.5374200794920596 1.0 0.4055044336089819 0.5706443874673532
deep 0.4052843528453342 0.3976564598312084 0.5355562205068394 1.0 0.40607572179273105 0.569477651666179
fell 0.4068316703540079 0.4019075945688906 0.5419166891079885 1.0 0.4090513601085386 0.5736630945305856
slowly 0.4037660544384052 0.3960494071203555 0.5347402242764085 1.0 0.4088566320647021 0.571210176244796
plenty 0.4092485839273272 0.4006620455278088 0.5426331509866619 1.0 0.4087169319745346 0.5741993855347661
look 0.4056808062656767 0.39923895412408195 0.5417166096719349 1.0 0.4103382505005596 0.5768871033121491
wonder 0.4069468322965896 0.40161008193122966 0.5434165066689937 1.0 0.4087885557217416 0.5743862854483824
going 0.40647104051351146 0.4027964548282501 0.5465059066607052 1.0 0.410837586110794 0.5782798497964671
happen 0.404373846526463 0.39771665709146825 0.536886855491584 1.0 0.4076643894086892 0.5733363040212632
next 0.404373846526463 0.39771665709146825 0.536886855491584 1.0 0.4076643894086892 0.5733363040212632
first 0.40609957838071975 0.4013314991890655 0.5439737211823801 1.0 0.4114537061247385 0.5774814801712903
tried 0.40898178787855055 0.40494288973546405 0.5462408580311944 1.0 0.4115443509912892 0.5789477037773257
make 0.40784307809920983 0.4040962671317284 0.5442434417099131 1.0 0.4112320687459157 0.5802691909423222
coming 0.4054325902398707 0.3977896058419978 0.5376732621908231 1.0 0.40947552749755806 0.5766695575617318
too 0.4062164087651267 0.4030556618939357 0.5424137085022666 1.0 0.410446099510913 0.5778728512986533
dark 0.406107634944747 0.3997503674112621 0.5434053198862185 1.0 0.4109042856278933 0.5767645630052192
anything 0.4068208236543862 0.3992827753062632 0.5388087023466682 1.0 0.4085176101731624 0.5733976729273201
sides 0.40644656825493514 0.39786546628529806 0.5332007835586275 1.0 0.4095625784303349 0.5738989208590478
noticed 0.40359629684431103 0.3980387318116711 0.5356707432027199 1.0 0.41037197042288515 0.5757786150948531
they 0.40627480011365436 0.4007598974991259 0.5417411106525194 1.0 0.40964182887242095 0.574698461232815
were 0.40597879104919116 0.4021814662780774 0.5427034032276836 1.0 0.41089079472494866 0.5776521038619701
filled 0.4037879259099176 0.3948532743763424 0.5333705961265789 1.0 0.4071786809761964 0.5707184457480635
cupboards 0.40493597944614096 0.39756625018971714 0.5381865961939833 1.0 0.4069766859464343 0.5707008972454515
shelves 0.40302996795596696 0.39635734152307134 0.5375636911580084 1.0 0.40828815804427554 0.5702119084133478
here 0.4081007587603425 0.40289680856443083 0.5430561927162116 1.0 0.4107717391824045 0.5749440585151819
saw 0.407294441338705 0.4019303946664566 0.5416935884648336 1.0 0.40990632651247894 0.5724172963930155
maps 0.4079621521321053 0.3995904403066129 0.5369327919734194 1.0 0.40987110480549294 0.5706296390528209
hung 0.4057835951462558 0.3986493246744536 0.5331785383129065 1.0 0.409914071946195 0.5714049341966881
upon 0.4067633250481954 0.40124565674831325 0.5382922935809874 1.0 0.4105021587464489 0.5761067652611981
pegs 0.4057835951462558 0.3986493246744536 0.5331785383129065 1.0 0.409914071946195 0.5714049341966881
jar 0.40638572142456836 0.3987004355689053 0.5399207374488392 1.0 0.40710071601526016 0.5687896416023541
from 0.406131710415253 0.4017426788296233 0.5378457274790583 1.0 0.41043214781987036 0.5720696025970221
one 0.40639982943133435 0.4017857762395072 0.5438338863473559 1.0 0.41010235963131225 0.5776327979840449
passed 0.4028585287403528 0.3974417665171987 0.5387577592667403 1.0 0.40825807160451416 0.5714583247372477
labled 0.40628226518945837 0.3985134684559192 0.5425492616524087 1.0 0.4067188601480081 0.5720036567214719
orange 0.40628226518945837 0.3985134684559192 0.5425492616524087 1.0 0.4067188601480081 0.5720036567214719
marmalade 0.40628226518945837 0.3985134684559192 0.5425492616524087 1.0 0.4067188601480081 0.5720036567214719
great 0.4055483073081348 0.40139633836466637 0.5422186595038633 1.0 0.4093689023731014 0.5756196031490919
disappointment 0.40344349375733213 0.3985971261485411 0.5402521013175228 1.0 0.4060829137243024 0.571098357858289
empty 0.4054509758849142 0.4000251404609088 0.5408070299458461 1.0 0.4077923795946175 0.5697737440236725
drop 0.40817195228942454 0.4008203375533618 0.5472427997630979 1.0 0.40439031448519 0.5699644622867595
fear 0.40817195228942454 0.4008203375533618 0.5472427997630979 1.0 0.40439031448519 0.5699644622867595
killing 0.40817195228942454 0.4008203375533618 0.5472427997630979 1.0 0.40439031448519 0.5699644622867595
somebody 0.4064069720378577 0.3999028142914936 0.5441269487055993 1.0 0.4064889588145467 0.5698543242690902
managed 0.4064069720378577 0.3999028142914936 0.5441269487055993 1.0 0.4064889588145467 0.5698543242690902
put 0.4055661014531207 0.399446749691031 0.5433766824647852 1.0 0.4074019812630207 0.5735852308891827
past 0.40607906828763635 0.40026749388756516 0.5429817697324931 1.0 0.4067755644331309 0.5706834246303794
such 0.40906286809064574 0.40470998474687864 0.5442942850379553 1.0 0.409908860204682 0.5764071041962234
fall 0.40965954183355435 0.40335690862563905 0.546090624485471 1.0 0.4083464261470447 0.5751199369976854
tumbling 0.40707622617018546 0.4016921271506879 0.5400394419843089 1.0 0.4089021871317017 0.5708496803652261
stairs 0.40707622617018546 0.4016921271506879 0.5400394419843089 1.0 0.4089021871317017 0.5708496803652261
brave 0.4055262236496864 0.40102551164553896 0.5384516717450397 1.0 0.4053926424036022 0.5707139874686692
ll 0.40803823560098107 0.40402517791999687 0.5434339593869488 1.0 0.41018216947919867 0.5750113010130904
me 0.40756441977655117 0.4039694753585062 0.5442891536451574 1.0 0.4096810240781594 0.5766536277546002
home 0.40669906262192507 0.40257120184362283 0.5409983056875672 1.0 0.4063286016517935 0.5723142827229017
why 0.408659601847688 0.406648445597905 0.5463984293224473 1.0 0.4092107924951231 0.5767949159790721
n't 0.4091265284283584 0.40230639799669415 0.5436586064338328 1.0 0.40858291979914935 0.5763617556877833
even 0.40869049779480743 0.40414937986550137 0.5478907606231167 1.0 0.41158262706036414 0.5778296932082801
if 0.4083638616681101 0.404580371452933 0.5438480000732634 1.0 0.4106606243620062 0.577102462451299
off 0.4069993854480119 0.4018782168728759 0.5413131608565912 1.0 0.409604421475591 0.5749349428873751
top 0.4075975903231065 0.40171725290024907 0.5413162323464598 1.0 0.40852825540907584 0.570685904438641
house 0.4075975903231065 0.40171725290024907 0.5413162323464598 1.0 0.40852825540907584 0.570685904438641
which 0.40907738826590967 0.40457836382146134 0.5451660906634234 1.0 0.4101631605722005 0.5771728285829599
likely 0.4114295432196686 0.4065614315677265 0.5452521080420907 1.0 0.4086620958882364 0.5738920180605478
true 0.4114295432196686 0.4065614315677265 0.5452521080420907 1.0 0.4086620958882364 0.5738920180605478
come 0.40975913990693164 0.40479880797960976 0.5466687001362569 1.0 0.4104885384324864 0.5781973792487668
an 0.410803484123545 0.4053549568133559 0.5485994518840046 1.0 0.4094878613251218 0.5734399982399501
end 0.40721036665361676 0.4022870035893533 0.5474492228218204 1.0 0.4104657095780845 0.5767867864125391
many 0.4078525985638312 0.4018611095026077 0.5430474536292734 1.0 0.4106748429720835 0.5761352485224968
miles 0.40765359491773795 0.40066197105456214 0.5384103452892333 1.0 0.4071399699895987 0.572665455508096
ve 0.40623794350514436 0.39855724222072525 0.5387819120882092 1.0 0.4074631621733281 0.5736250839487032
fallen 0.40758633399718924 0.3996823921707837 0.5394251158350244 1.0 0.4084222220597379 0.5752902842394203
said 0.40853361958781653 0.4042435840406013 0.547490952563753 1.0 0.41136679685698796 0.5789668948193017
aloud 0.4102683467747576 0.4020588054553413 0.5417731663065254 1.0 0.40612081547459583 0.5731896717304462
must 0.4079161184295477 0.40408283430933906 0.5428046640996306 1.0 0.4088146829170126 0.5755594601120168
somewhere 0.40763685388966264 0.4017494156878573 0.54275508151313 1.0 0.4066437363317062 0.570525296398394
near 0.40807478013545156 0.4024690480354349 0.5461428340888271 1.0 0.40646336613339834 0.570118301899951
centre 0.40807478013545156 0.4024690480354349 0.5461428340888271 1.0 0.40646336613339834 0.570118301899951
earth 0.4095360490889261 0.4029122225893345 0.546175258107108 1.0 0.4048838832922769 0.5730970546045868
let 0.4090859947502922 0.40353079132834646 0.5445534511503093 1.0 0.4024592817915127 0.5689169551462845
four 0.407720967126109 0.40164317071902567 0.5373938957357299 1.0 0.4058555963451553 0.5700362838169752
thousand 0.407720967126109 0.40164317071902567 0.5373938957357299 1.0 0.4058555963451553 0.5700362838169752
you 0.4072365925639111 0.40375870053711616 0.5428484000243772 1.0 0.4093000277620471 0.5744123729370273
learnt 0.4040788745178082 0.3993279289061444 0.5365215452286959 1.0 0.4057207961512725 0.5709476278964634
several 0.4054964181288532 0.3992460646005634 0.5368673829182103 1.0 0.4079442940146595 0.5732631203549772
things 0.4064378018699656 0.4019128192072108 0.5439292090085847 1.0 0.41015413888237223 0.5754226217247023
sort 0.4055758933436633 0.40083881373085206 0.5396267996641703 1.0 0.40812718922033003 0.5751777844590996
lessons 0.4039756561629465 0.39680591162458184 0.5314600063221331 1.0 0.40347777730578444 0.5691860623302787
schoolroom 0.4083839679274314 0.40030011747630173 0.5336582875379872 1.0 0.40769880514407525 0.5710225542757157
though 0.4089469178192779 0.40469839554088577 0.5438279176686706 1.0 0.4120689801040715 0.5774964912103948
good 0.4061995387462739 0.40096015365331533 0.53753905888412 1.0 0.4088350332820501 0.5740844593032609
opportunity 0.40817450008364464 0.39802574388064976 0.5344246469842103 1.0 0.4087368485719321 0.5722315306499464
showing 0.4064197599618589 0.39565693534050356 0.5330211889943817 1.0 0.4082517923440293 0.5713181371002441
knowledge 0.4064197599618589 0.39565693534050356 0.5330211889943817 1.0 0.4082517923440293 0.5713181371002441
listen 0.40500257806408074 0.3954388615082968 0.535733877118642 1.0 0.4065732542785156 0.5733188633571772
still 0.40565861897806277 0.3990317636892286 0.5394002473108526 1.0 0.40620962152782736 0.5753917243612628
practice 0.40432494341352887 0.3969951455721844 0.5337734745912794 1.0 0.4042560449877608 0.5709626129000172
yes 0.4023328050140127 0.39630556585725596 0.5349675912158098 1.0 0.40565067387300147 0.5704014659652659
right 0.4077096196071558 0.40206832130988196 0.5462052372849492 1.0 0.4086767279915445 0.5762868906613529
distance 0.4023328050140127 0.39630556585725596 0.5349675912158098 1.0 0.40565067387300147 0.5704014659652659
latitude 0.4056284774875441 0.39829056845984284 0.5391417416181739 1.0 0.40986560006848033 0.5751639463327773
longitude 0.4056091960331522 0.39756465404673136 0.5423934226879012 1.0 0.4077470288840138 0.5763477421187219
got 0.4068212124061698 0.4027993901264291 0.5409066602426897 1.0 0.40841554655156354 0.5747689004256799
idea 0.40555032509134475 0.39745778698643885 0.5397734718883543 1.0 0.4109715754349532 0.5793136107826227
nice 0.40567500279294894 0.40104445559813073 0.5422110483106181 1.0 0.4107950918523171 0.5765933594283978
grand 0.40505620490018174 0.39912850137321576 0.5461089558905167 1.0 0.40985118334306003 0.5778813294590658
words 0.40765357625330034 0.4038066675353519 0.5457485147147149 1.0 0.41180157789132815 0.579419421673455
presently 0.4035707010851228 0.3993940891609 0.5456157174093941 1.0 0.40970332933481746 0.5744795265180852
began 0.406399384230915 0.4019587576047643 0.5458248157832185 1.0 0.4094231766232598 0.5734708079841192
through 0.40871923820050166 0.4048293036096613 0.5484330790223642 1.0 0.4106143569405897 0.5784771621502832
funny 0.40941473542189305 0.4025838700934814 0.5461471653461862 1.0 0.4110678121850206 0.5738347291887055
seem 0.40941473542189305 0.4025838700934814 0.5461471653461862 1.0 0.4110678121850206 0.5738347291887055
among 0.4066366075016119 0.40103361384679337 0.543050378966789 1.0 0.4101582119871482 0.5767967118714946
people 0.4083149526375649 0.4050597792318647 0.5463516185326875 1.0 0.41076293120634627 0.579135700796609
walk 0.4070616930897298 0.3999665109073757 0.5449520927302592 1.0 0.41016368126013636 0.5759168272911719
their 0.40735509121517827 0.40126991036930937 0.5446358183531349 1.0 0.4110596630504133 0.5768046468644953
heads 0.4059739735208393 0.40298675925792365 0.548944741773534 1.0 0.40905822969949246 0.5803253227606954
downward 0.4059739735208393 0.40298675925792365 0.548944741773534 1.0 0.40905822969949246 0.5803253227606954
antipathies 0.4059739735208393 0.40298675925792365 0.548944741773534 1.0 0.40905822969949246 0.5803253227606954
rather 0.4062327040081779 0.4032205060589169 0.5455887967329379 1.0 0.4100738053979294 0.5758887604430044
glad 0.40394746175552576 0.39975053764516444 0.541981624531672 1.0 0.40829626199851987 0.5737268669749074
listening 0.4058817016300529 0.3995701371971227 0.5449976342512656 1.0 0.4073473293653075 0.5728578920845504
sound 0.40978918603322984 0.40417211897933486 0.5470322986577182 1.0 0.40867903664725896 0.5769253143464865
word 0.40978918603322984 0.40417211897933486 0.5470322986577182 1.0 0.40867903664725896 0.5769253143464865
ask 0.40709320951276334 0.4034680036467945 0.5440401870261777 1.0 0.4085421056927618 0.5742634640497588
them 0.4068043296324006 0.4027074025383324 0.5436721885074693 1.0 0.41141887796018006 0.577504819084979
name 0.409284400289337 0.4044200483444228 0.5442637371038206 1.0 0.4104106695341659 0.5745453109635279
country 0.409284400289337 0.4044200483444228 0.5442637371038206 1.0 0.4104106695341659 0.5745453109635279
is 0.40864755890135257 0.4054622253702805 0.5448455386718214 1.0 0.41022591897766575 0.5765991064445473
know 0.4090957440863044 0.4044198342917334 0.546757585841205 1.0 0.4107891015345998 0.5770182083027746
please 0.40912476020274696 0.4044602083066636 0.5444717175084265 1.0 0.4084650750936153 0.5731205365428548
ma'am 0.40912476020274696 0.4044602083066636 0.5444717175084265 1.0 0.4084650750936153 0.5731205365428548
new 0.4094730781801179 0.40353969113410043 0.5451359163492194 1.0 0.40863304909116943 0.5768850556813885
zeland 0.4094730781801179 0.40353969113410043 0.5451359163492194 1.0 0.40863304909116943 0.5768850556813885
australia 0.4094730781801179 0.40353969113410043 0.5451359163492194 1.0 0.40863304909116943 0.5768850556813885
curtsey 0.4125602200614267 0.40733266081197533 0.5448775573092051 1.0 0.4072764545286835 0.5736708131784258
spoke 0.4091898009950007 0.40378356804712956 0.5396500683130588 1.0 0.40571310440816405 0.5720034422507395
fancy 0.4088057605708449 0.4044847397018741 0.5425094085189228 1.0 0.40800218398663896 0.5752543168437856
curtseying 0.4091898009950007 0.40378356804712956 0.5396500683130588 1.0 0.40571310440816405 0.5720034422507395
re 0.4041964770513078 0.40157363538278257 0.5371322671446868 1.0 0.4061800242088082 0.5713328047819285
air 0.4043266760069327 0.4017711046030746 0.5391444087249329 1.0 0.4076119662627912 0.5725262272284488
manage 0.40736850838257327 0.40304885579381144 0.5432803358979439 1.0 0.4078169221723071 0.5711716300817227
ignorant 0.4094237294462996 0.4045172153198377 0.5468189057678797 1.0 0.40856053109245255 0.5712424795043282
little 0.4076033462480659 0.4040862065061742 0.5464725109617132 1.0 0.41198065982411153 0.5792647354997161
girl 0.4094237294462996 0.4045172153198377 0.5468189057678797 1.0 0.40856053109245255 0.5712424795043282
asking 0.40550539731632457 0.4033525355678597 0.5455980005210287 1.0 0.40506031890092986 0.5723755118854698
perhaps 0.407195314388139 0.40102384577492084 0.5393393771612163 1.0 0.4068255947341573 0.5709356489399311
written 0.407195314388139 0.40102384577492084 0.5393393771612163 1.0 0.4068255947341573 0.5709356489399311
else 0.4068292043853632 0.4025995610850932 0.5453500333343926 1.0 0.4069978948580239 0.5701791094622641
soon 0.40758614149535305 0.4045343323698571 0.546746649189701 1.0 0.41014379290558406 0.5766411425782901
talking 0.4088347134983192 0.4036266262764848 0.5435803043526987 1.0 0.40891355488745296 0.5709006819724368
dinah 0.40754837356365975 0.4028935607039202 0.5423369393608611 1.0 0.40736688032845264 0.5731987997234965
miss 0.4078162871858589 0.402534858813505 0.5414924782976842 1.0 0.4075583229199048 0.5715534348695765
night 0.4052244049450403 0.4000601954417158 0.5428200885729478 1.0 0.40945413830498123 0.5746799064755774
should 0.4061005335396984 0.40181294182183563 0.5426695054111773 1.0 0.40827284862853164 0.576108744038956
cat 0.4097863972817373 0.40543200114980743 0.5469461052989286 1.0 0.40823949122961506 0.5754275021985605
hope 0.4069279544836336 0.4030490380290285 0.5426582586105352 1.0 0.40892200113926197 0.5702376747846732
remember 0.40836286075824924 0.40454518884472424 0.5441582268224248 1.0 0.41168126147566586 0.5763642409869336
saucer 0.4069279544836336 0.4030490380290285 0.5426582586105352 1.0 0.40892200113926197 0.5702376747846732
milk 0.40563817407173974 0.4008190397185422 0.5423909794014319 1.0 0.4102339638649471 0.5719666798926177
tea 0.40563817407173974 0.4008190397185422 0.5423909794014319 1.0 0.4102339638649471 0.5719666798926177
my 0.40741805620955945 0.40479186743369644 0.5468291126033984 1.0 0.41048566144228504 0.5767341227760245
wish 0.40768624947477267 0.4052195415058179 0.5462433477871949 1.0 0.40893444460049827 0.5754612825470652
are 0.40854867524855704 0.4039565337545834 0.5428540447769652 1.0 0.40840571988642116 0.5787882684938203
mice 0.4044568560877675 0.40196854519648517 0.541156258607373 1.0 0.4090437007298134 0.5737194766659162
m 0.4044568560877675 0.40196854519648517 0.541156258607373 1.0 0.4090437007298134 0.5737194766659162
afraid 0.4044568560877675 0.40196854519648517 0.541156258607373 1.0 0.4090437007298134 0.5737194766659162
might 0.40569457875474996 0.4027669174773303 0.5467952180066025 1.0 0.41188777043586045 0.5783423500610786
catch 0.40683122016203166 0.404094385388946 0.5415999959367517 1.0 0.4115068145269834 0.5741454057600899
bat 0.4079083381547138 0.40300459247847203 0.5404937411908853 1.0 0.41022755081284873 0.5731392721960723
mouse 0.40975544985568607 0.40555138449161504 0.5468004322364294 1.0 0.4124060617043972 0.5771245071602441
cats 0.4082816504174765 0.4035963281438612 0.5468266771796942 1.0 0.41049841072591 0.5780666095619595
eat 0.40861800566357537 0.40403440621308295 0.5433833591266275 1.0 0.41130758644528215 0.5785673330430451
bats 0.40733980247506063 0.40237650459179364 0.5445086787773962 1.0 0.41021277873402506 0.5781306179323267
saying 0.4071883092551649 0.40193248402227233 0.5463723577829458 1.0 0.40720062346816854 0.574275744622495
dreamy 0.40731086391938537 0.4019389377678128 0.551840306578914 1.0 0.40724560240607466 0.574656046518086
sometimes 0.40740489610278363 0.40507323472451284 0.5446930090301524 1.0 0.41201193130759584 0.5802277659368599
couldn't 0.4098859013454763 0.4029554267470189 0.5437154654882351 1.0 0.41075612330162253 0.5811236642536677
answer 0.4098859013454763 0.4029554267470189 0.5437154654882351 1.0 0.41075612330162253 0.5811236642536677
question 0.4098859013454763 0.4029554267470189 0.5437154654882351 1.0 0.41075612330162253 0.5811236642536677
matter 0.4081661376912568 0.40038639797061054 0.5430163519849281 1.0 0.40982457331814154 0.5786997660651851
felt 0.4077142339381404 0.4018834508572123 0.5467602879183414 1.0 0.4115797057888121 0.5796321862837782
dozing 0.40690470884420343 0.4020375212757779 0.5410396982415916 1.0 0.407061251857525 0.5756240651552147
begun 0.4066927424432902 0.4029702968853703 0.5428521288542921 1.0 0.41134475344734306 0.5755005762163854
dream 0.40563973255768854 0.4019030295963019 0.5403270501255512 1.0 0.4108884208759573 0.5748722105950853
walking 0.40563973255768854 0.4019030295963019 0.5403270501255512 1.0 0.4108884208759573 0.5748722105950853
hand 0.40635415607548586 0.4019145407363037 0.5406017992300028 1.0 0.4090173563059564 0.5743816165930644
earnestly 0.40892701540330306 0.4020522408629022 0.5418218973132469 1.0 0.4058296574754908 0.5721273908388693
now 0.4075363661144485 0.40424997732451295 0.5456057952162748 1.0 0.4100193174359314 0.5773747326806661
tell 0.4062872391603353 0.400310786243243 0.5405492447031895 1.0 0.40543821451044376 0.5708797507628265
truth 0.4062872391603353 0.400310786243243 0.5405492447031895 1.0 0.40543821451044376 0.5708797507628265
ever 0.40871353216184736 0.4042562340070178 0.5443124388196872 1.0 0.4114722067694221 0.576991980854475
thump 0.4047712266321492 0.40016518811029844 0.5398187542052635 1.0 0.4093346358077484 0.5739543475456543
came 0.40583753213927704 0.40149868994215937 0.5405405955816931 1.0 0.4110561052451627 0.5772957238891654
heap 0.40697307076580214 0.40075224927590514 0.5388507820571945 1.0 0.4077972786924604 0.5742864531554936
sticks 0.40697307076580214 0.40075224927590514 0.5388507820571945 1.0 0.4077972786924604 0.5742864531554936
dry 0.40697307076580214 0.40075224927590514 0.5388507820571945 1.0 0.4077972786924604 0.5742864531554936
leaves 0.40697307076580214 0.40075224927590514 0.5388507820571945 1.0 0.4077972786924604 0.5742864531554936
bit 0.40721458272869965 0.40202837943199315 0.5419732107021663 1.0 0.4085396235372383 0.5743625862129386
hurt 0.40721458272869965 0.40202837943199315 0.5419732107021663 1.0 0.4085396235372383 0.5743625862129386
jumped 0.40721458272869965 0.40202837943199315 0.5419732107021663 1.0 0.4085396235372383 0.5743625862129386
overhead 0.402929867293266 0.3988944228706947 0.5465761651032272 1.0 0.4122376722296482 0.5784301376600781
long 0.4066326586780144 0.4041896606952635 0.5434078908006831 1.0 0.4085387145394133 0.5753547887417181
passage 0.40670561357682283 0.40357282428174546 0.5435763085829689 1.0 0.41014085341890305 0.5791853073465743
sight 0.406315194167133 0.4026275919043281 0.5430696033690604 1.0 0.40584569263719444 0.5774662734887144
hurrying 0.406315194167133 0.4026275919043281 0.5430696033690604 1.0 0.40584569263719444 0.5774662734887144
lost 0.4047736520039727 0.40143528480968815 0.5452454127538295 1.0 0.41073586756461683 0.5768162433000491
away 0.4047736520039727 0.40143528480968815 0.5452454127538295 1.0 0.41073586756461683 0.5768162433000491
wind 0.4105902865071951 0.4061774380202794 0.547451568825152 1.0 0.41070802643764986 0.5788742366997495
turned 0.4084734864364373 0.40364226675290277 0.5414430173219998 1.0 0.4118466106093152 0.5787534265184938
corner 0.4084734864364373 0.40364226675290277 0.5414430173219998 1.0 0.4118466106093152 0.5787534265184938
ears 0.408467357618692 0.4049280167199284 0.5431963651324682 1.0 0.4121299377792612 0.5806229318252095
whiskers 0.4061610717816341 0.4025399300150146 0.541736934964512 1.0 0.4115152726818861 0.5797873521152924
it's 0.40963215643794515 0.4055791885449468 0.5424522970616299 1.0 0.4118077299661011 0.5803588564511203
behind 0.40703954215041505 0.40211237297095154 0.5411497495352857 1.0 0.4124845513651434 0.579546965523561
longer 0.4059677908797895 0.4024749103677583 0.5418862217937701 1.0 0.41120741616592776 0.5761665000517681
low 0.4062804801408199 0.4041936655354517 0.5410364385783036 1.0 0.41023254157979694 0.5777952296823984
hall 0.40771522935452637 0.40415510568469065 0.5441310327817565 1.0 0.41105323898749124 0.5784250044690155
lit 0.4088077489358415 0.4052546750379782 0.5439121343192739 1.0 0.4108135135375918 0.5745352472179251
row 0.4088077489358415 0.4052546750379782 0.5439121343192739 1.0 0.4108135135375918 0.5745352472179251
lamps 0.4088077489358415 0.4052546750379782 0.5439121343192739 1.0 0.4108135135375918 0.5745352472179251
hanging 0.4088077489358415 0.4052546750379782 0.5439121343192739 1.0 0.4108135135375918 0.5745352472179251
roof 0.4075470662538118 0.4039648038919328 0.5431328270151902 1.0 0.41288434436899657 0.5779610606337928
doors 0.40732669101178315 0.4036112741013603 0.5428369364528585 1.0 0.4121325120812294 0.5797164263764639
around 0.40837182572545677 0.40437818454471053 0.5440202304244999 1.0 0.4123072611595736 0.5811967726011255
locked 0.4079052611992534 0.4037120270347578 0.5433925005022744 1.0 0.4131895680011121 0.5811912561114926
been 0.4060518643279017 0.401134739150193 0.5408246852667874 1.0 0.4116289925351995 0.5820287013445199
side 0.4060518643279017 0.401134739150193 0.5408246852667874 1.0 0.4116289925351995 0.5820287013445199
other 0.40577338343764335 0.4018558588424219 0.5456100415740807 1.0 0.41278851477150025 0.5802297169123838
trying 0.4078783057762072 0.40454674262706497 0.5428971246353311 1.0 0.4128369971207392 0.5810379928848537
every 0.4057851190444196 0.4015981496684184 0.5431331214166545 1.0 0.41359610478529674 0.5820725811477641
door 0.40641150254690245 0.4037745651095088 0.5439601265626081 1.0 0.4120025642090837 0.5797053217628861
walked 0.40861859983842935 0.4019061620596662 0.5458916424234247 1.0 0.4131663142315172 0.5814734886783477
sadly 0.40861859983842935 0.4019061620596662 0.5458916424234247 1.0 0.4131663142315172 0.5814734886783477
middle 0.40861859983842935 0.4019061620596662 0.5458916424234247 1.0 0.4131663142315172 0.5814734886783477
wondering 0.4095530361845117 0.40310420869025076 0.5480814909352826 1.0 0.4142437698409897 0.5802887880199317
three 0.40809192440527814 0.40248146818083264 0.5440526363678602 1.0 0.4117460468033701 0.5792783867395613
legged 0.40809192440527814 0.40248146818083264 0.5440526363678602 1.0 0.4117460468033701 0.5792783867395613
table 0.4076650335280535 0.40455202821435643 0.5461601343349664 1.0 0.4125510270670251 0.5798066437125532
solid 0.40556041655049285 0.39937342169545487 0.5430763411167993 1.0 0.4127337097727724 0.5791678887550727
glass 0.40947689296922785 0.4065440684097847 0.5474919468193302 1.0 0.41400043940778986 0.582547570924392
except 0.40670727541042745 0.4017874965648906 0.5436955361131388 1.0 0.41315064725330464 0.5791273671989724
tiny 0.40670727541042745 0.4017874965648906 0.5436955361131388 1.0 0.41315064725330464 0.5791273671989724
golden 0.407866292705783 0.40565024495202257 0.5445043014493401 1.0 0.4134237901660634 0.5821843158955305
key 0.4074761939650161 0.40527336189270624 0.5453755753338065 1.0 0.41328652854708653 0.5811478275597299
belong 0.40710867035577925 0.40326152157858147 0.5425442073154516 1.0 0.41138871270034205 0.5814530370193869
alas 0.40572695108848394 0.40386374345496107 0.5426646668291736 1.0 0.4121460763979337 0.5793000816098387
locks 0.40415603286133195 0.4029746677740258 0.5443439463137192 1.0 0.4112440435664734 0.5799772077373944
small 0.40785359463470605 0.40518342668874446 0.5437764954557045 1.0 0.4116525565067964 0.5788487137875564
any 0.40674183828920296 0.40263855438840984 0.545956721574546 1.0 0.41173786617420577 0.5800968247827044
rate 0.4075418619236637 0.40332780628225706 0.5479595575593794 1.0 0.41130069814041476 0.5795579159633534
open 0.4048645260584698 0.4027141494250362 0.5409546073569145 1.0 0.4119009028035704 0.5796760199932514
however 0.4062521722057759 0.40346292619062507 0.5424603120671706 1.0 0.4109529641690938 0.5783660808845665
second 0.4037624986083728 0.4007311862810153 0.5395289359646614 1.0 0.41138342524343946 0.5802147492524541
round 0.40561620575502166 0.4015348898964503 0.5440930460153123 1.0 0.413036243730666 0.579007104033225
curtain 0.4040850010345694 0.4020609524404773 0.5364978312863871 1.0 0.4100348958501152 0.5799805101106349
fifteen 0.40915464707870636 0.4074929511619316 0.5469097895857162 1.0 0.41495909739795395 0.5805348201444036
inches 0.4082775632221858 0.4065538016580313 0.5451053629363083 1.0 0.4141168262773613 0.578925643124377
high 0.4082775632221858 0.4065538016580313 0.5451053629363083 1.0 0.4141168262773613 0.578925643124377
lock 0.4076703278650905 0.40421843434729365 0.5442012944485466 1.0 0.41268175422167286 0.5801778099539011
delight 0.4076703278650905 0.40421843434729365 0.5442012944485466 1.0 0.41268175422167286 0.5801778099539011
fitted 0.40751215622851167 0.4043360132800686 0.5420975470780086 1.0 0.4115213689419167 0.5792766928414153
opened 0.4076884710686622 0.40595459911307047 0.544846326007261 1.0 0.41196323814000246 0.578821122777193
led 0.4065988348640224 0.40305576082562394 0.5385244879354033 1.0 0.41063500070490083 0.5780072586636619
larger 0.40759924703450695 0.40453917796891525 0.5395723927894104 1.0 0.4131385411557555 0.5797904046160236
than 0.4078028472041147 0.40545297034297634 0.5437283634752478 1.0 0.4107333635709755 0.5784011783545002
rat 0.4078028472041147 0.40545297034297634 0.5437283634752478 1.0 0.4107333635709755 0.5784011783545002
knelt 0.4078028472041147 0.40545297034297634 0.5437283634752478 1.0 0.4107333635709755 0.5784011783545002
along 0.4093550943049017 0.4074944945097472 0.5467334221400704 1.0 0.41171486571253146 0.5815655010245203
loveliest 0.4077669695390493 0.4046686104629206 0.5440550680231752 1.0 0.4129500530055751 0.5772164143570273
garden 0.40769880259121494 0.4047082520868152 0.5451459994235469 1.0 0.41154507488801767 0.5780469088384094
longed 0.40691771338907856 0.4026668829983337 0.544395036809763 1.0 0.4100994104173832 0.575462053023876
wander 0.40621135031755495 0.4021011475477707 0.5411478975311884 1.0 0.4101527405063575 0.5776769516382196
those 0.40684922984404875 0.40203276249635467 0.5425051578199314 1.0 0.4114670572742921 0.5794204524390738
beds 0.4074869301664624 0.4019643966568427 0.5438620368037858 1.0 0.41278100480177043 0.5811634634257162
bright 0.4074869301664624 0.4019643966568427 0.5438620368037858 1.0 0.41278100480177043 0.5811634634257162
flowers 0.4074869301664624 0.4019643966568427 0.5438620368037858 1.0 0.41278100480177043 0.5811634634257162
cool 0.4074869301664624 0.4019643966568427 0.5438620368037858 1.0 0.41278100480177043 0.5811634634257162
fountains 0.40813592731453524 0.40392768572382365 0.5475551570501117 1.0 0.41349944743524386 0.5805435501773389
head 0.40833040306694884 0.40505279836498376 0.5513701195259116 1.0 0.4137386725859495 0.5799977925272947
doorway 0.4077868902960113 0.40421729366954856 0.5506019234431527 1.0 0.41451457779827944 0.5807831675698406
go 0.4090716888454169 0.40551661230984076 0.5503818701242394 1.0 0.411453941684855 0.5771983696948886
poor 0.40887329609454726 0.40763572352064525 0.547046902860976 1.0 0.4104963072227212 0.5784173682988291
shoulders 0.40860539649753225 0.40631732608428184 0.5506071093525011 1.0 0.40972002218908193 0.5739215802922013
shut 0.40858437767900735 0.4061732571448963 0.5506654544500692 1.0 0.40942385593583785 0.5766795444073564
telescope 0.4082318369395498 0.4056142987673658 0.5474555568928371 1.0 0.4100027246740744 0.5776314860240426
only 0.4087859651483064 0.4060132575264221 0.5444548185925617 1.0 0.41116485846565415 0.5775128058103651
begin 0.4101752995425445 0.4064062907390615 0.5456014616457223 1.0 0.40902812164777463 0.5776952500603145
happened 0.4086900951942925 0.40606962403818664 0.5459083036493041 1.0 0.411379601739911 0.5777696345700364
lately 0.4077372039097956 0.40402890001259234 0.5453567087904584 1.0 0.41179738147414596 0.576123840714942
few 0.4083753831356193 0.40448341590350984 0.5477780460857598 1.0 0.4129520538578487 0.57961474223888
indeed 0.4074130217058411 0.40476485338823376 0.5486764912671614 1.0 0.4118268918506724 0.578378891596131
really 0.4071195535626313 0.40435359025828377 0.550746364533847 1.0 0.4105443346232388 0.5801306101709978
impossible 0.4071195535626313 0.40435359025828377 0.550746364533847 1.0 0.4105443346232388 0.5801306101709978
waiting 0.4042765229064256 0.40244617207122 0.5470508339510292 1.0 0.4115414629699568 0.5791531884023644
back 0.40618414481435283 0.4030272655534081 0.5446579848739082 1.0 0.4122507598926284 0.5809502115362829
half 0.4038505939551456 0.3994297570050018 0.549528739450657 1.0 0.41160368590783236 0.5808174095707881
hoping 0.4038505939551456 0.3994297570050018 0.549528739450657 1.0 0.41160368590783236 0.5808174095707881
find 0.40712440998407207 0.4048094028000136 0.5526907903716044 1.0 0.412713985408502 0.5794618972895074
rules 0.40695286231100414 0.40197764248555085 0.5481761736961013 1.0 0.4117481616709137 0.5784483534452185
shutting 0.4072063235283336 0.4042864033332755 0.5438503063525295 1.0 0.412129818058774 0.5805283448010088
telescopes 0.4066617739041958 0.40287069189678193 0.5482326329692879 1.0 0.41305918491031063 0.5800000261041866
bottle 0.4064686645880638 0.40339911771500886 0.5428174325970784 1.0 0.41070435784574594 0.5749384426708707
certainly 0.40766719541887775 0.40217335325309483 0.5479847197243222 1.0 0.4093818481989985 0.5769287849301102
neck 0.40745800394875575 0.4023334301997996 0.5486278344054251 1.0 0.4146784438537262 0.5778072172078067
paper 0.40745800394875575 0.4023334301997996 0.5486278344054251 1.0 0.4146784438537262 0.5778072172078067
label 0.40825563278116594 0.4048808323349921 0.5471535266942883 1.0 0.41304404779299986 0.579653177052041
drink 0.4068671476438886 0.4035234721065372 0.5451424051624488 1.0 0.4097746498436603 0.5767974658810452
beautifully 0.40598592678885825 0.40373712510125287 0.544966511027448 1.0 0.4135284219778305 0.5796888514288154
printed 0.40646052205141764 0.40319464973378955 0.5511474765608765 1.0 0.41320263882863195 0.5801950367640357
letters 0.4080667353882513 0.4033444413536213 0.552980797126716 1.0 0.41209153295110723 0.5809952294300476
wise 0.40318313071002676 0.40109237439909057 0.5474028479102572 1.0 0.412539704158851 0.5790319481537768
hurry 0.40531290521287006 0.4020591470382585 0.5459136984228884 1.0 0.4122201630436482 0.5770847980426873
marked 0.40629936774972014 0.4049899103828174 0.5393600400620369 1.0 0.41138266388733447 0.5749454091573633
poison 0.40602339776140955 0.4043410466948392 0.5399120225566312 1.0 0.4097622990187856 0.5731195145782593
read 0.40799318753248415 0.40501928121174713 0.5460647026753821 1.0 0.4112590360201772 0.5789223423486425
histories 0.4070235860811523 0.4016964963625153 0.5422975372938938 1.0 0.41242962526907145 0.5773573523877144
children 0.4067113315211151 0.4047532075416965 0.540054850020608 1.0 0.4124556443668739 0.5770022977057994
who 0.4067113315211151 0.4047532075416965 0.540054850020608 1.0 0.4124556443668739 0.5770022977057994
d 0.40729353520218126 0.40493375003441584 0.5407033971520575 1.0 0.4102474602350415 0.5787087530393551
gotten 0.4067113315211151 0.4047532075416965 0.540054850020608 1.0 0.4124556443668739 0.5770022977057994
burnt 0.4067113315211151 0.4047532075416965 0.540054850020608 1.0 0.4124556443668739 0.5770022977057994
eaten 0.4082632292347894 0.4046404087331118 0.5447682259976591 1.0 0.41400041279554406 0.5773975264450758
wild 0.4082632292347894 0.4046404087331118 0.5447682259976591 1.0 0.41400041279554406 0.5773975264450758
beasts 0.4082632292347894 0.4046404087331118 0.5447682259976591 1.0 0.41400041279554406 0.5773975264450758
unpleasant 0.4057617503122166 0.40211131756747837 0.548065331991775 1.0 0.4119879770487338 0.5784029455145757
because 0.4057617503122166 0.40211131756747837 0.548065331991775 1.0 0.4119879770487338 0.5784029455145757
simple 0.4084738867232339 0.4028399920459526 0.546483880106456 1.0 0.4133650413046184 0.5775148104517266
friends 0.4076484793523956 0.4025732654592654 0.544319554743024 1.0 0.41195561433854166 0.5776924362135386
taught 0.4076484793523956 0.4025732654592654 0.544319554743024 1.0 0.41195561433854166 0.5776924362135386
red 0.4085881295572055 0.4037452369384658 0.5468053077770835 1.0 0.4096243689094388 0.5761619938356688
poker 0.4092683678712441 0.4062328303761921 0.5453011780523093 1.0 0.40998503247596046 0.5728159208351026
will 0.4092683678712441 0.4062328303761921 0.5453011780523093 1.0 0.40998503247596046 0.5728159208351026
burn 0.4092683678712441 0.4062328303761921 0.5453011780523093 1.0 0.40998503247596046 0.5728159208351026
hold 0.4092683678712441 0.4062328303761921 0.5453011780523093 1.0 0.40998503247596046 0.5728159208351026
cut 0.4072447036593236 0.40605697082634395 0.5391325986847986 1.0 0.40709009985756345 0.5724239246862589
your 0.4075018585241444 0.4049074115287845 0.5387092315549288 1.0 0.4092682568761489 0.5742717591790009
finger 0.4075018585241444 0.4049074115287845 0.5387092315549288 1.0 0.4092682568761489 0.5742717591790009
deeply 0.4075018585241444 0.4049074115287845 0.5387092315549288 1.0 0.4092682568761489 0.5742717591790009
knife 0.4075018585241444 0.4049074115287845 0.5387092315549288 1.0 0.4092682568761489 0.5742717591790009
usually 0.4076841079828971 0.4054618404636758 0.5381799199738894 1.0 0.40976033667336786 0.5753170720691062
bleeds 0.4076841079828971 0.4054618404636758 0.5381799199738894 1.0 0.40976033667336786 0.5753170720691062
forgotten 0.40655353408068784 0.40384162881342633 0.5395558323384757 1.0 0.40743911806257904 0.5765682553371092
almost 0.40770499882529704 0.40490955177028787 0.5401476241736083 1.0 0.40830772061767207 0.575224581228505
certain 0.40770499882529704 0.40490955177028787 0.5401476241736083 1.0 0.40830772061767207 0.575224581228505
disagree 0.40770499882529704 0.40490955177028787 0.5401476241736083 1.0 0.40830772061767207 0.575224581228505
sooner 0.40608534763161785 0.40111183297627045 0.5439585946322146 1.0 0.4095111064771554 0.5761167383007099
later 0.40608534763161785 0.40111183297627045 0.5439585946322146 1.0 0.4095111064771554 0.5761167383007099
ventured 0.4041595645234422 0.4027275925405919 0.5340788851488928 1.0 0.4086569248479588 0.5726060641423516
taste 0.4041595645234422 0.4027275925405919 0.5340788851488928 1.0 0.4086569248479588 0.5726060641423516
finding 0.40671433095764836 0.4054125151542995 0.539619544740301 1.0 0.40924433681640904 0.5755860804852073
fact 0.40562813890838895 0.4018204841282542 0.5384145541392222 1.0 0.4107441629298594 0.5776827628740263
mixed 0.40562813890838895 0.4018204841282542 0.5384145541392222 1.0 0.4107441629298594 0.5776827628740263
flavor 0.40562813890838895 0.4018204841282542 0.5384145541392222 1.0 0.4107441629298594 0.5776827628740263
cherry 0.40552085882395644 0.40398267071405053 0.5379340942558488 1.0 0.4143433055680318 0.578357963545725
tart 0.40552085882395644 0.40398267071405053 0.5379340942558488 1.0 0.4143433055680318 0.578357963545725
custard 0.40790131318602374 0.40312062007363636 0.5455538050806588 1.0 0.411643979212003 0.5829324428903927
pine 0.40790131318602374 0.40312062007363636 0.5455538050806588 1.0 0.411643979212003 0.5829324428903927
apple 0.40790131318602374 0.40312062007363636 0.5455538050806588 1.0 0.411643979212003 0.5829324428903927
roast 0.40790131318602374 0.40312062007363636 0.5455538050806588 1.0 0.411643979212003 0.5829324428903927
turkey 0.405502997393842 0.4018578416257253 0.5458050401014953 1.0 0.41002507132970206 0.5790349457097612
toffee 0.405502997393842 0.4018578416257253 0.5458050401014953 1.0 0.41002507132970206 0.5790349457097612
buttered 0.405502997393842 0.4018578416257253 0.5458050401014953 1.0 0.41002507132970206 0.5790349457097612
toast 0.40646597493001263 0.4017377599208278 0.5440762899185886 1.0 0.41050758047811664 0.5783283774774153
finished 0.40603159975170716 0.4013704360138131 0.5462265472256426 1.0 0.41136822236248577 0.577633778054304
curious 0.4099495631169682 0.4066586882263444 0.5455308740514727 1.0 0.4092292397315595 0.5826910697005232
feeling 0.4083657425033919 0.4040455652072306 0.5457544500142592 1.0 0.410094705412881 0.5804431309803333
ten 0.4074089336812466 0.40562370472786724 0.5433183293699267 1.0 0.413282673908249 0.5773319771529833
face 0.4074089336812466 0.40562370472786724 0.5433183293699267 1.0 0.413282673908249 0.5773319771529833
brightened 0.40561923572404557 0.40223695111847557 0.5499519879534019 1.0 0.41226034607065953 0.5779419172716462
size 0.40871818844186386 0.405488948412573 0.5550083765206076 1.0 0.4130748768231836 0.5805469069469017
lovely 0.4064350275342161 0.403099431778269 0.5464170638017711 1.0 0.4121904562584568 0.5782914494474505
waited 0.40617806660471356 0.40165248599236086 0.5456950603130255 1.0 0.4126998604148334 0.5790075554037921
minutes 0.40884644725199043 0.4042721439232448 0.5460603529566993 1.0 0.41369038635431005 0.5821322419492875
shrink 0.40701555684272095 0.40119585559698645 0.5469417041636624 1.0 0.41244373645534 0.5815834454548741
further 0.40701555684272095 0.40119585559698645 0.5469417041636624 1.0 0.41244373645534 0.5815834454548741
nervous 0.41068853422857293 0.4047569424435637 0.5508680056006251 1.0 0.41480252154683867 0.5818750404838714
altogether 0.4066481851815084 0.4049276474565814 0.5477724368123887 1.0 0.40977940892226017 0.5765145213036503
candle 0.40677712795663956 0.40601801513961716 0.5462402375990829 1.0 0.41023295697971407 0.578264668604969
flame 0.4084223513873389 0.4051847588528114 0.545364048876396 1.0 0.41028750104432277 0.5784998480300928
blown 0.41022742385631866 0.4073272441884443 0.5444315323642652 1.0 0.41135825369135015 0.5797827005948882
thing 0.4093337671266406 0.4080433565607785 0.5445793455811374 1.0 0.4113808182402 0.5814582130856313
while 0.4050455234395841 0.4040422833005565 0.541786025584555 1.0 0.41196689796576735 0.5800656325415191
more 0.4092587973999607 0.4080866130284981 0.5451378661844275 1.0 0.4098293805298078 0.5785540823660896
decided 0.40889596061667227 0.4063587874787344 0.5449651193203691 1.0 0.4094927807451353 0.5786332117156553
possibly 0.4083159796696792 0.4074341164883604 0.5417815980715007 1.0 0.41190587981555354 0.5828890080725107
reach 0.4091475512366695 0.4071702763800384 0.5417115338448955 1.0 0.41370077217692763 0.5819024388906303
plainly 0.4116389244184349 0.4093063367188611 0.5518573191838133 1.0 0.4150969518569785 0.5861020583774775
best 0.4080282515183165 0.40690296128573294 0.5541247190471726 1.0 0.41597654388993854 0.5856391601720942
climb 0.4080282515183165 0.40690296128573294 0.5541247190471726 1.0 0.41597654388993854 0.5856391601720942
legs 0.40817833515311785 0.4050309867833231 0.550408142943582 1.0 0.4126485802548097 0.5800758516123914
slippery 0.40703416700604217 0.4055859137444447 0.5450133378569425 1.0 0.412264620681877 0.5805592963336365
sat 0.40897294318672356 0.4083122200671848 0.5458232946244974 1.0 0.41000699705174654 0.5815356126639388
cried 0.40920527215860925 0.4077242092239372 0.5465357479812398 1.0 0.4098097094213202 0.5813749243308663
crying 0.4109598294208212 0.40932731884702933 0.5503663673273 1.0 0.4101705394704053 0.5822819749521878
sharply 0.407952081356928 0.4070832695979356 0.5465359031121437 1.0 0.41230353305271106 0.5789698722268414
advise 0.40804876858290584 0.40864994614328226 0.5449792250244343 1.0 0.41281971093517394 0.5794466475557156
leave 0.40804876858290584 0.40864994614328226 0.5449792250244343 1.0 0.41281971093517394 0.5794466475557156
minute 0.40471685181164224 0.4059438944904372 0.5436611829945445 1.0 0.41247470073936554 0.5784131110719269
generally 0.40610261073659915 0.40784799763061313 0.5444071952189574 1.0 0.4135075601762692 0.5790513339676904
gave 0.40610261073659915 0.40784799763061313 0.5444071952189574 1.0 0.4135075601762692 0.5790513339676904
advice 0.40610261073659915 0.40784799763061313 0.5444071952189574 1.0 0.4135075601762692 0.5790513339676904
seldom 0.4106727424879977 0.40957428958033054 0.5471918365993804 1.0 0.4139813279920854 0.5806666433376426
followed 0.4106727424879977 0.40957428958033054 0.5471918365993804 1.0 0.4139813279920854 0.5806666433376426
scolded 0.4082479233970008 0.4086528556941003 0.5469444556682523 1.0 0.4134659583852323 0.5811154319124673
severely 0.41082561123385536 0.4092653287040101 0.5455709571496012 1.0 0.41287206600799803 0.5820874799007691
bring 0.41082561123385536 0.4092653287040101 0.5455709571496012 1.0 0.41287206600799803 0.5820874799007691
tears 0.40985423949090255 0.40684237035824655 0.54832002525223 1.0 0.41420968411330766 0.5815638261804833
remembered 0.4097668903560718 0.40779197545572415 0.5424691880903791 1.0 0.414345682759526 0.5805777532837328
box 0.4105137607732588 0.4093984936645727 0.5450209194894763 1.0 0.41426333378415536 0.5814880365538149
cheated 0.41076189048627915 0.40730393359329503 0.5446483579576921 1.0 0.4127414705068284 0.5814542533713452
game 0.41130745771222893 0.40772027011437983 0.5487789403070874 1.0 0.40937661102618067 0.5846158693167552
croquet 0.41130745771222893 0.40772027011437983 0.5487789403070874 1.0 0.40937661102618067 0.5846158693167552
playing 0.41130745771222893 0.40772027011437983 0.5487789403070874 1.0 0.40937661102618067 0.5846158693167552
against 0.41130745771222893 0.40772027011437983 0.5487789403070874 1.0 0.40937661102618067 0.5846158693167552
child 0.40790972313447116 0.40825214229655904 0.5414901226142255 1.0 0.4091526163527357 0.5846712194101622
fond 0.40790972313447116 0.40825214229655904 0.5414901226142255 1.0 0.4091526163527357 0.5846712194101622
pretending 0.40790972313447116 0.40825214229655904 0.5414901226142255 1.0 0.4091526163527357 0.5846712194101622
two 0.4097787054465368 0.4087283909347545 0.5461099855936523 1.0 0.40990898821914046 0.5803226826229846
pretend 0.4086819186369145 0.408526880908268 0.5482579504710304 1.0 0.41017931252351847 0.5773342112283838
hardly 0.4106281011989872 0.41074224366117495 0.551820478385536 1.0 0.4121046855276416 0.5812937413747988
enough 0.4106281011989872 0.41074224366117495 0.551820478385536 1.0 0.4121046855276416 0.5812937413747988
respectable 0.41025965537107334 0.4104188604088766 0.5508302189203362 1.0 0.4129930473965345 0.5838779177736456
person 0.41025965537107334 0.4104188604088766 0.5508302189203362 1.0 0.4129930473965345 0.5838779177736456
eye 0.4099168566101048 0.4096760215618271 0.5486810297097837 1.0 0.41208685412607277 0.5821664543324806
lying 0.4112621557967648 0.41100829130149374 0.5475778598053088 1.0 0.4141808167076453 0.5824001780091905
cake 0.40966856500186666 0.4074461800226721 0.5439692329137698 1.0 0.4125183829632084 0.5807363241916981
currants 0.4071280087152271 0.4069382201833872 0.5377026304644804 1.0 0.41624805058161735 0.5804279293988023
makes 0.40876372699047897 0.4052098293443579 0.5421058596766835 1.0 0.4157362978946235 0.5819015442706941
grow 0.40953300543397136 0.4055535103230158 0.5413753178518496 1.0 0.41504077699353753 0.5807953011456791
can 0.40793697562790265 0.4055523682092989 0.5417490799801368 1.0 0.41434171918685564 0.5797414106721843
smaller 0.40909050052525314 0.40420154143597903 0.5411092891799787 1.0 0.4145929717427593 0.5806713613308704
creep 0.40589946362703755 0.40419844584618697 0.5418563518399843 1.0 0.4131951514753705 0.5785643567926981
