word v0 v1 v2 v3 v4 v5
alice 0.5643539278409268 0.5697171466824118 0.7799063706204338 1.0 0.4873290765037959 0.6079095554362729
was 0.5651404309306818 0.5697493272185984 0.7802244710697332 1.0 0.4871828578882455 0.6097237398556091
beginning 0.5578242468747053 0.583248634021325 0.7871868803253304 1.0 0.4866207691552493 0.6027298803208623
to 0.5640627510210954 0.5687293071830182 0.7803400669311616 1.0 0.48750148603075105 0.6089782946361305
get 0.5666655993260828 0.5725099536746386 0.7803503704822572 1.0 0.48786895486947257 0.6083266477658534
very 0.5645354772928054 0.5707878190405883 0.7815859344418272 1.0 0.48802172445631015 0.6100229736938608
tired 0.5611449767062174 0.574076416009984 0.7827603023454951 1.0 0.48690611580888765 0.6059300962076953
of 0.5648255683177446 0.5717580308036779 0.7806454784940898 1.0 0.4872381680831404 0.609354988478744
sitting 0.5542813692927576 0.5799480002455828 0.7862916031140864 1.0 0.4885592895915019 0.6051669902982747
by 0.5634488578976377 0.5739965755890557 0.7836980017422448 1.0 0.4874744222564023 0.6092152763860668
her 0.5622801949793428 0.5705234727524731 0.7808429942606847 1.0 0.4880001853325122 0.6086105228040364
sister 0.5569638450456318 0.5798851294256789 0.7855749179259994 1.0 0.48694966344135293 0.6055377792605701
on 0.5641285892312677 0.5697719239209265 0.779483886970835 1.0 0.48635525068324953 0.6081822622918788
the 0.5648088885029741 0.5704955300524446 0.7803784102977839 1.0 0.4870644121802139 0.6085701854656062
bank 0.5588611460497136 0.5858948709891728 0.7857253730516446 1.0 0.48648863837416284 0.6067526141299203
and 0.5641280684897249 0.5689335582013832 0.7799522609764851 1.0 0.48780422618261937 0.609246349748465
having 0.5645589191722473 0.5738198711835465 0.7810848746317098 1.0 0.4891779110291926 0.6070737142493202
nothing 0.5635497725814355 0.5740901647573455 0.7822005584629823 1.0 0.4868298405403667 0.608328223811814
do 0.5636040648705144 0.5691455968442153 0.7808136446086574 1.0 0.4876211358585477 0.6094072398015368
once 0.5631706040794004 0.5693864913477915 0.7810692448247624 1.0 0.48684876429952295 0.6080820140164535
or 0.564079858897768 0.5730684688696942 0.7826440087588608 1.0 0.487891609684221 0.6102269131377205
twice 0.5609276332040466 0.583186104126852 0.7850944302830185 1.0 0.48535379611162593 0.6090563772694885
she 0.5647955791926499 0.5689350685868032 0.7797668707615834 1.0 0.4874284163049418 0.6092858002886432
peeped 0.5596335539209637 0.5798225578308689 0.7848616437033322 1.0 0.48534769808736455 0.6059068035033632
into 0.5664756487316287 0.5701872202717947 0.780011180688676 1.0 0.4877491362235333 0.6092119302389242
book 0.5617093420462318 0.5767708238845844 0.7826257110401934 1.0 0.4880411282919027 0.6098199568970915
reading 0.5601321161434345 0.5780258613170492 0.7871679804159147 1.0 0.4844368800896118 0.6026222623459467
but 0.5648959530340556 0.56914103941822 0.7806560766426984 1.0 0.4868853314197954 0.6092744516751668
it 0.5642621127472948 0.5691876059017815 0.7806901214344037 1.0 0.487235728183357 0.6089748260682453
had 0.5651572261496446 0.5686724644074098 0.7795498956343203 1.0 0.4877120187523132 0.6098671747995603
no 0.5646977551982032 0.5698211859337093 0.7788856908815895 1.0 0.4881986219779285 0.6103776942083484
pictures 0.5578568469179861 0.575860562650022 0.7826640519011746 1.0 0.48667138488484507 0.6062550439654091
conversations 0.5635001470917255 0.5844115531503657 0.786811131940256 1.0 0.4849801495298295 0.6056732322754471
in 0.5645706939678964 0.5704735464644642 0.7806103508367845 1.0 0.48789250143349966 0.6092888700111933
what 0.5640149369548004 0.5690499885291047 0.781003019126182 1.0 0.4872340939823763 0.6098927521182204
s 0.5633215098117921 0.5676651837808215 0.7795728009120577 1.0 0.48845659061700464 0.6102700077290162
use 0.5655703554384227 0.571816412326678 0.7774305940082629 1.0 0.4878846261887194 0.6091549204992044
a 0.5649130453922625 0.5695727289179954 0.7798688107855531 1.0 0.48755604049862655 0.6092520207560085
thought 0.5654893499513441 0.5713627354162043 0.7813838978927792 1.0 0.4864778479093185 0.6087341515365907
without 0.5632842084063422 0.5778668275921663 0.7827324989834629 1.0 0.4876870186713462 0.6091434401609279
conversation 0.5543026629017689 0.5803554437846105 0.7873815509392483 1.0 0.4889264374415466 0.6079245421123471
so 0.5645284562851334 0.5719553190694565 0.7824907932221372 1.0 0.4872281580120814 0.6082114889654725
considering 0.5599871081083734 0.5740901628288225 0.7850817117451518 1.0 0.4881293118303555 0.6057706457905376
own 0.5606239194616472 0.5706871288340809 0.7807126385646552 1.0 0.4872145172694815 0.6053147694834494
mind 0.5575457225700688 0.57387607032038 0.7838669589059564 1.0 0.488838947625616 0.6038150136129588
as 0.5637241864601885 0.5704730454128092 0.78188148146198 1.0 0.48768639693981974 0.6098638899275479
well 0.5628951669255947 0.570886269718017 0.7805637042730151 1.0 0.4878056504321602 0.6092109202062582
could 0.5670255442430054 0.5716642332249409 0.7803476906470344 1.0 0.4871286016242124 0.6088537893198444
for 0.5636859719353187 0.5676837038458015 0.7808646135251128 1.0 0.48754306778997064 0.6077923592193075
hot 0.5627995990771507 0.5727241924903778 0.7833346668246737 1.0 0.4882959701585226 0.6097784736761515
day 0.5570695262596356 0.5810964908408129 0.788171918425607 1.0 0.4874584016640716 0.6059783997684397
made 0.5656551773454602 0.5788194076498189 0.7855864616688845 1.0 0.48669660091658257 0.610826657487146
feel 0.5594851506214363 0.5838604116943852 0.7878780411429933 1.0 0.48596680985234464 0.607565360645796
sleepy 0.563286885259449 0.576036742555544 0.7834897404193805 1.0 0.48706154666541657 0.6090732788121024
stupid 0.5594851506214363 0.5838604116943852 0.7878780411429933 1.0 0.48596680985234464 0.607565360645796
whether 0.5636766686088127 0.5752257842681588 0.782807094806849 1.0 0.4873781521022463 0.6087453641770777
pleasure 0.5627242063221362 0.5833584694483059 0.7848531672436463 1.0 0.4831592998206103 0.6047933778893586
making 0.5627242063221362 0.5833584694483059 0.7848531672436463 1.0 0.4831592998206103 0.6047933778893586
daisy 0.5588572547518147 0.585032771229158 0.7847755951755674 1.0 0.48358485708905247 0.6057381552063603
chain 0.5588572547518147 0.585032771229158 0.7847755951755674 1.0 0.48358485708905247 0.6057381552063603
would 0.5653259323531512 0.5728643550905901 0.7803046550077627 1.0 0.4870982463548114 0.6093438195956057
be 0.5636128821135408 0.5708059877289562 0.7786889636628315 1.0 0.4873628343092323 0.6085410741955769
worth 0.5588572547518147 0.585032771229158 0.7847755951755674 1.0 0.48358485708905247 0.6057381552063603
trouble 0.5600568877891611 0.5814365286886053 0.78540137826905 1.0 0.4855290361444985 0.6028041252559947
getting 0.5621362732107135 0.5741914997699562 0.7835488352560509 1.0 0.4854946633358403 0.6056275177499963
up 0.5663250738041505 0.5700874107534626 0.7798655437635668 1.0 0.48763915791520174 0.6094930091290958
picking 0.5600568877891611 0.5814365286886053 0.78540137826905 1.0 0.4855290361444985 0.6028041252559947
daisies 0.5600568877891611 0.5814365286886053 0.78540137826905 1.0 0.4855290361444985 0.6028041252559947
when 0.562976877120473 0.5697469959028841 0.7801868579083225 1.0 0.4867225916346013 0.6071793041706209
suddenly 0.5624192851053029 0.5708065280504375 0.7823256491666105 1.0 0.48853874579092743 0.6086661415571172
white 0.5606922944931435 0.5744660633922312 0.7797994782800213 1.0 0.4871650696487692 0.6086903190228717
rabbit 0.5617682301101401 0.572134231586054 0.7814642519594106 1.0 0.4862309933571256 0.6061780754468233
with 0.5634752304560132 0.5691588624498106 0.7821199394721557 1.0 0.4874734966040306 0.6081625204312738
pink 0.558760791377849 0.5804023873689985 0.7847477141106287 1.0 0.4866366935369468 0.6067506466077167
eyes 0.565205999152092 0.5735313357284808 0.7844672138471821 1.0 0.48818289223142936 0.6080538047657958
ran 0.5571018586094743 0.572700788842668 0.7826034225271101 1.0 0.4850069987059563 0.6038056204946253
close 0.5596671954015151 0.5749734980390513 0.7785139525219313 1.0 0.48372789942757327 0.6055653623231038
there 0.564031110662443 0.5701719882187222 0.7808397516294759 1.0 0.4881270390429142 0.6107311797042013
remarkable 0.5652473985354364 0.5840219585679686 0.7835258844877645 1.0 0.48745267320120717 0.607413833181113
that 0.5644382451538275 0.5681695885326169 0.7793023753309123 1.0 0.487945008213295 0.6093248630659532
nor 0.5652473985354364 0.5840219585679686 0.7835258844877645 1.0 0.48745267320120717 0.607413833181113
did 0.5648601237744709 0.5723925364439256 0.7807508217796572 1.0 0.4856832182213862 0.6073765728666677
think 0.5645137130711985 0.5707187588620243 0.7816472691112265 1.0 0.48776180822609927 0.6104616712208669
much 0.5655579867688064 0.5709572029189758 0.7809873993282674 1.0 0.4889031135867032 0.6104729336655393
out 0.5665216399513451 0.5709974731876899 0.7807723985184235 1.0 0.48754456778856137 0.60831342470782
way 0.5637598534596615 0.5704537689269457 0.7796914867339374 1.0 0.48607378644032156 0.606858421578923
hear 0.5651149292895578 0.5748581691854455 0.7813729611251164 1.0 0.4853716589838789 0.6078778159880652
say 0.5644364017848345 0.5718093329383573 0.7801582625272687 1.0 0.4857510530430023 0.6086991074664285
itself 0.562660146311995 0.5798505177280305 0.782355036510903 1.0 0.4813935715506105 0.6032975912365207
oh 0.5644583496298836 0.573415218180303 0.7798464997418241 1.0 0.4865586920862346 0.6038730839110179
dear 0.5615751691908707 0.5728152137210498 0.7814071331672777 1.0 0.48726702706199976 0.6062644329510065
i 0.565926207288073 0.5694475012988363 0.7808047337856079 1.0 0.4877349286736065 0.6096160990051818
shall 0.5608033216989866 0.568087413214853 0.7817219431745517 1.0 0.48857915482845293 0.6092777491109332
late 0.5594120325562352 0.5710493758164527 0.7790554826985925 1.0 0.4851096467703394 0.6049289848403673
over 0.563520905985823 0.5694722520215928 0.7802499174022093 1.0 0.488479518739709 0.6103131399019638
afterwards 0.5572704396706358 0.5699801923327434 0.7819153073131259 1.0 0.4874066453849805 0.6065171255153636
occurred 0.5572704396706358 0.5699801923327434 0.7819153073131259 1.0 0.4874066453849805 0.6065171255153636
ought 0.5568980847338554 0.5726615008917193 0.7847891098093663 1.0 0.4892618906171315 0.6060663481239781
have 0.5624869696246013 0.5695227737250501 0.7834083882356184 1.0 0.4884735461887782 0.6075630352708381
wondered 0.5568980847338554 0.5726615008917193 0.7847891098093663 1.0 0.4892618906171315 0.6060663481239781
at 0.5652032143213351 0.570788613980476 0.7809632489710804 1.0 0.4870814379587395 0.6095400070201594
this 0.5644456660926365 0.5688395995784437 0.7802831329154701 1.0 0.4867278606965772 0.6086082727709728
time 0.5639483779740558 0.5699582796016962 0.7805862882450306 1.0 0.4865330156624011 0.6096335238910292
all 0.5658432338113951 0.5702110267761573 0.7803812154210763 1.0 0.48764867662574685 0.6109274576047772
seemed 0.5646050814965112 0.5757401450442475 0.7817835673429216 1.0 0.4889374168688838 0.6106544112071839
quite 0.5633669723848554 0.5726709900945988 0.783678342002241 1.0 0.486893889901549 0.6085197762250267
natural 0.563460574702788 0.5770760528113043 0.7847667124969046 1.0 0.4855429204274744 0.6077265223963558
actually 0.5610479107206388 0.5707452609503073 0.7827462654126921 1.0 0.4830667361737684 0.6044066918737866
took 0.5610938929436539 0.5701258611381216 0.7804745082019091 1.0 0.4842549303274051 0.6052636168664162
watch 0.5623836234594428 0.5713962737073932 0.78369250885453 1.0 0.48462652528848243 0.6057332121625717
its 0.5626976654764811 0.5713528852566183 0.7821968256655409 1.0 0.4825273214344436 0.6041182508149974
waistcoat 0.5623836234594428 0.5713962737073932 0.78369250885453 1.0 0.48462652528848243 0.6057332121625717
pocket 0.5618222887966912 0.5699277353961277 0.7837551601952417 1.0 0.4858357125569042 0.602936420490342
looked 0.5654910142456935 0.5696593624940002 0.7816682363433429 1.0 0.48709645931191914 0.6069457414819873
then 0.5595112574659226 0.5662377848194176 0.7822862073152373 1.0 0.48731511841767927 0.6070625370939466
hurried 0.5564659978038369 0.5678425400508977 0.7836542540267196 1.0 0.48585752505531865 0.6014696244291791
started 0.5559592207581574 0.5674326170282357 0.7794356766581132 1.0 0.48862714093327225 0.6049752190238398
feet 0.561192320904126 0.5688247391767437 0.7810191244269098 1.0 0.49091069597360354 0.6088288515370675
flashed 0.5573759634034353 0.5679460461635857 0.7815960342027068 1.0 0.4901947706869437 0.6058524562214412
across 0.5584904584759179 0.5675587670062637 0.7844552397050173 1.0 0.487285509793128 0.6048800329346118
she'd 0.5573759634034353 0.5679460461635857 0.7815960342027068 1.0 0.4901947706869437 0.6058524562214412
never 0.5627792767277089 0.5678856112552196 0.7832733247074106 1.0 0.48883396058652595 0.6093601875380364
before 0.5620632786865691 0.5675105471606755 0.7776614851074579 1.0 0.4881676445938658 0.6098271998933882
seen 0.5644612768563894 0.5699901002928988 0.7798828637439585 1.0 0.48928777369754906 0.6082966769467929
either 0.5648503704659732 0.5689410796880402 0.7809345188891533 1.0 0.48794742224550114 0.609172721414028
take 0.5622620665530952 0.5705177285554661 0.7811891586561832 1.0 0.48699963473466 0.606386916811688
burning 0.5622620665530952 0.5705177285554661 0.7811891586561832 1.0 0.48699963473466 0.606386916811688
curiosity 0.5569623639882826 0.5664438458434475 0.7818714943270534 1.0 0.4861874151217038 0.6038068957465558
field 0.55960718351882 0.5671707129499888 0.7873201661331991 1.0 0.48437042781863077 0.6039056639458958
after 0.5629707431150758 0.5681249987754544 0.7820863244348966 1.0 0.48724066543783784 0.6072366021702469
fortunately 0.5600481259175342 0.567258826944595 0.78643432353335 1.0 0.4832348715364985 0.6057166549912835
just 0.5649190229960077 0.5673883319649271 0.7804573800986544 1.0 0.4857447139261683 0.6081668316365055
see 0.5625372356298934 0.5680250758233653 0.7817623659033375 1.0 0.4881280613765177 0.6099140169785583
pop 0.5598844266154928 0.5676547768861635 0.7827972492646108 1.0 0.4873971167880035 0.60697317963966
down 0.5635571855098428 0.5695515358741992 0.7806774323871827 1.0 0.4881021199181671 0.610679924380262
large 0.5642475090111151 0.5683369977339509 0.7819540963838955 1.0 0.488067102916095 0.6087284792358714
hole 0.5657176682371499 0.5705939041876428 0.7811520472506543 1.0 0.4865493327727643 0.6065509127794249
under 0.5647700989369536 0.5690345122640916 0.7776910074831133 1.0 0.4863594496870455 0.6069066938084715
hedge 0.565585911186634 0.5717111629099445 0.7828192806780837 1.0 0.4856942259354075 0.607198775180056
another 0.5656243722238846 0.5710705885427215 0.7802382050187114 1.0 0.48879378885368224 0.6105504150459343
moment 0.5644203266255986 0.5680511109140792 0.7829710245218714 1.0 0.48854896836212486 0.6106116926101048
went 0.5625108067548977 0.5675563068398937 0.7796233954079056 1.0 0.4863859842064876 0.6078816817690055
how 0.5672028390640141 0.5705339477621608 0.7811265126637452 1.0 0.4865228746012771 0.6091568905994668
world 0.5623587787749611 0.5694895125580529 0.7816227644083144 1.0 0.48720561812768115 0.6096248725575725
again 0.5676189272880662 0.5702417914078525 0.7820401566631013 1.0 0.48851599505635146 0.6095337771601793
straight 0.5613522118732824 0.5683856533369136 0.7787415758400813 1.0 0.484735400291343 0.6036945957427909
like 0.5663923073557915 0.568051072741187 0.7792874214961495 1.0 0.4873944825389884 0.6080265490218065
tunnel 0.5613522118732824 0.5683856533369136 0.7787415758400813 1.0 0.484735400291343 0.6036945957427909
some 0.5555156570130138 0.5658508212046387 0.7839600844352914 1.0 0.4880716451774505 0.6031932716318537
dipped 0.5555156570130138 0.5658508212046387 0.7839600844352914 1.0 0.4880716451774505 0.6031932716318537
not 0.5659154396624553 0.5684282446408633 0.7790211913771321 1.0 0.4870686391090946 0.6093064281126404
about 0.5636214376406463 0.5689448961545862 0.7802697658364379 1.0 0.48775880659463666 0.6100863718611526
stopping 0.5592664213499324 0.5680756400338746 0.7810625636964312 1.0 0.4871209315227999 0.6087937747584866
herself 0.5646114972827234 0.5658789915316143 0.7796820750362622 1.0 0.48706638081408593 0.6082429518494834
found 0.5644836425205685 0.5679621630854262 0.7787911677700337 1.0 0.4859026259183022 0.6082950533437179
falling 0.5633827633431371 0.5680084119797932 0.7804135808697285 1.0 0.4877975754577478 0.611246965133252
deep 0.5605637443821935 0.5667219493724589 0.7790869832510684 1.0 0.48754179581983287 0.6112349227961351
fell 0.5644230200569986 0.5694948598058381 0.7795580547318526 1.0 0.4875836219148107 0.6108250990096212
slowly 0.5636158366689268 0.5686122382249378 0.7831100187229846 1.0 0.48783037303427923 0.6101768546734264
plenty 0.5599435821619357 0.5655987020364271 0.7818588236116895 1.0 0.4871671514556511 0.6083821408103095
look 0.5633252693582522 0.5672608385981412 0.7809093691726814 1.0 0.487775479198178 0.6099993117040875
wonder 0.5648454559703211 0.5686145303332346 0.7827803954603563 1.0 0.4889998831638623 0.6101585010669519
going 0.5652813080104815 0.5679105854852129 0.7785603354579892 1.0 0.4868439733620907 0.6092598160390641
happen 0.562473445428453 0.5661080542838093 0.7819413003101923 1.0 0.48638575943087675 0.6098180843364126
next 0.562473445428453 0.5661080542838093 0.7819413003101923 1.0 0.48638575943087675 0.6098180843364126
first 0.5650623157612797 0.5684542017592114 0.7779863069522398 1.0 0.4867689709809236 0.6115788499281467
tried 0.564874407353614 0.5679085081957237 0.780662152524273 1.0 0.488354326771138 0.6107012688030687
make 0.5634443676416707 0.5660013464702477 0.7830396552304539 1.0 0.48743079740682793 0.6090301109290166
coming 0.5599014710051876 0.5661295337622645 0.7834089115059008 1.0 0.48584877568551704 0.6080298842993883
too 0.5648832946114529 0.567776535508129 0.7804758161863642 1.0 0.48921085745088594 0.6104702725495429
dark 0.5655290491142251 0.5681598138231324 0.7810303624289598 1.0 0.4884085525901437 0.6093293209405095
anything 0.5600785432483373 0.5709707791069535 0.7803251847912831 1.0 0.48653773726675165 0.6099264515088514
sides 0.5646650376701681 0.5698886234847256 0.7829573594737886 1.0 0.4875735392791044 0.6097959700231441
noticed 0.5641013558920411 0.5680476358382324 0.7783756330704551 1.0 0.4851697742627265 0.6109458374068224
they 0.5641690322157982 0.5681016108881402 0.7814893744040855 1.0 0.48591905517934275 0.6085325575350558
were 0.5644715953784988 0.5690059388001519 0.7822012124590855 1.0 0.48659284110628975 0.6092911952628428
filled 0.5604540787202648 0.5670765709633866 0.7848137176704305 1.0 0.4832813555627347 0.608795081269007
cupboards 0.5627115226985122 0.56904859686095 0.7816950643670102 1.0 0.4855471084487218 0.6103168383549761
shelves 0.5630115224323228 0.5706315055866684 0.7836599802074998 1.0 0.48698648230742847 0.6099075716003504
here 0.5608635545291187 0.5663242956633013 0.7777259354451739 1.0 0.4882684109157869 0.6111128201898152
saw 0.5622124612266127 0.5682412790456987 0.7774094371846664 1.0 0.4886176644815826 0.6100554211988533
maps 0.5593064610863104 0.5678332333959869 0.7776130437578784 1.0 0.4899362721189964 0.6104041365217749
hung 0.5591389795440949 0.5692261036179417 0.7734828009710228 1.0 0.48664412324165124 0.60820166889736
upon 0.5666338750736597 0.5703934478118309 0.7762221873206185 1.0 0.48744519152231663 0.6121995077108565
pegs 0.5591389795440949 0.5692261036179417 0.7734828009710228 1.0 0.48664412324165124 0.60820166889736
jar 0.5628596284615937 0.5687184254275798 0.7826202001593752 1.0 0.4844430053771491 0.6050412092035916
from 0.5644172416866483 0.567520031136236 0.7811631508439602 1.0 0.48855824354148936 0.6101269259689701
one 0.5648236760894394 0.569138437848471 0.7791035729425021 1.0 0.48770953582074195 0.6108527690257786
passed 0.5643572276162246 0.5722752734767214 0.7855042925156014 1.0 0.4852437209648672 0.6085123082540247
labled 0.5668072697302797 0.5696771864638158 0.7831420692077189 1.0 0.4843286466446175 0.6116159401464415
orange 0.5668072697302797 0.5696771864638158 0.7831420692077189 1.0 0.4843286466446175 0.6116159401464415
marmalade 0.5668072697302797 0.5696771864638158 0.7831420692077189 1.0 0.4843286466446175 0.6116159401464415
great 0.5652738040316305 0.5690636084103814 0.7789887848984716 1.0 0.48646336679805663 0.6104198955966113
disappointment 0.5625544438931765 0.570086943544915 0.7798070856416633 1.0 0.48268079891661314 0.6096594377688873
empty 0.5639123203588141 0.5686626808456657 0.783340800808015 1.0 0.48150148630715356 0.6069498460581447
drop 0.5645914981718623 0.5679240218945889 0.7870655145869536 1.0 0.4834374960607629 0.6039554795790854
fear 0.5645914981718623 0.5679240218945889 0.7870655145869536 1.0 0.4834374960607629 0.6039554795790854
killing 0.5645914981718623 0.5679240218945889 0.7870655145869536 1.0 0.4834374960607629 0.6039554795790854
somebody 0.5646499192316761 0.5679876006713874 0.7826944322481773 1.0 0.48921777196959826 0.6101017847065956
managed 0.5646499192316761 0.5679876006713874 0.7826944322481773 1.0 0.48921777196959826 0.6101017847065956
put 0.5659638701350305 0.5688045388047684 0.7832129246284556 1.0 0.487970562562981 0.6090703259331418
past 0.5649633214945224 0.5710156913202692 0.7785842098689657 1.0 0.487807195374415 0.6118347899883384
such 0.5635952701599762 0.5683432856303854 0.7805387004019598 1.0 0.48731741005803786 0.6080235917618668
fall 0.5649234870963851 0.5691992278448555 0.782433063895784 1.0 0.48896518073963335 0.6109507875475316
tumbling 0.562014329473674 0.5695293395322097 0.7808944793590344 1.0 0.4860554156310408 0.6115775850833136
stairs 0.562014329473674 0.5695293395322097 0.7808944793590344 1.0 0.4860554156310408 0.6115775850833136
brave 0.5622857751574255 0.5697037888288583 0.7812234906680242 1.0 0.4859744976884328 0.6091186664570203
ll 0.5640236435526302 0.56816295535787 0.7785644838880125 1.0 0.4885202791176075 0.6100899068352712
me 0.5642358007926579 0.5673782592215323 0.7789392340485016 1.0 0.48758246074907313 0.6088777395175292
home 0.5667091456133865 0.5747854500860226 0.7785455147583057 1.0 0.48944896597136894 0.6128138107333044
why 0.5659222405848764 0.5703587520985248 0.7797541650138478 1.0 0.4880641276964669 0.6107362619664998
n't 0.5657378782134551 0.5715876531341705 0.778910293474453 1.0 0.48692361691344116 0.6092037615262215
even 0.565293061365048 0.5742251565016726 0.7795043092356323 1.0 0.48492269664562243 0.6075590478750873
if 0.5653732509788014 0.5679326008186512 0.7794998935754043 1.0 0.48753652237208933 0.6096875656709113
off 0.5645983250373117 0.5681882982822748 0.7793055860777678 1.0 0.48711578434476116 0.610120553949136
top 0.5652195441677238 0.5728233929998414 0.7817228486141996 1.0 0.487400193659347 0.6112899885674322
house 0.5652195441677238 0.5728233929998414 0.7817228486141996 1.0 0.487400193659347 0.6112899885674322
which 0.5663984517078752 0.5696724971642335 0.780141628017812 1.0 0.48844913512805654 0.6100687832409671
likely 0.5670546159402481 0.5749902188016021 0.7836372331738618 1.0 0.49256574548198045 0.6139689650247545
true 0.5670546159402481 0.5749902188016021 0.7836372331738618 1.0 0.49256574548198045 0.6139689650247545
come 0.5652689838467155 0.5683731365811917 0.7790179450348473 1.0 0.48857555443582273 0.6097360281404371
an 0.5639737517858808 0.569609051237857 0.7800796381734771 1.0 0.48890039533123075 0.6122623991816262
end 0.567963275081788 0.5691275820940928 0.7836500505043767 1.0 0.48699398753412354 0.6075490316580201
many 0.569235783340692 0.573427647973379 0.784047405036108 1.0 0.4874432856780739 0.6093488652321699
miles 0.5657971573780377 0.5732726574033772 0.7841781629202593 1.0 0.487212515823663 0.61002570172036
ve 0.5669997026240491 0.5719261103617291 0.7848595569007942 1.0 0.4879047047165272 0.6117571966034665
fallen 0.566574005384257 0.5735224055198329 0.7880458790838221 1.0 0.4874345550370746 0.6093330544172152
said 0.5642297135960629 0.5671039397384079 0.7783967139406702 1.0 0.4881808723492693 0.6085557239070162
aloud 0.5621085760404942 0.5721413490468413 0.7865699814830641 1.0 0.48869593581117876 0.6094158842891553
must 0.5656891962410083 0.5690073442230933 0.7806304455875107 1.0 0.4868341324640988 0.6075558894751149
somewhere 0.5608229560286809 0.5692677478840681 0.7839593953209392 1.0 0.48935358743290214 0.6109885699981122
near 0.5612238257186428 0.5723425161601289 0.7853942498911868 1.0 0.48636760501192433 0.6092142553495126
centre 0.5612238257186428 0.5723425161601289 0.7853942498911868 1.0 0.48636760501192433 0.6092142553495126
earth 0.5616505942760205 0.5684201883195974 0.7805630437021037 1.0 0.4878544637317941 0.6102655501438932
let 0.5621107400740704 0.5693606776105076 0.7807347809153716 1.0 0.486094750364792 0.6082758925308983
four 0.5650240500872306 0.5730241118859124 0.7803290707672458 1.0 0.4869915457840164 0.6107150137553166
thousand 0.5650240500872306 0.5730241118859124 0.7803290707672458 1.0 0.4869915457840164 0.6107150137553166
you 0.5653422228811469 0.5676848538123208 0.780104879324672 1.0 0.4884217436710715 0.6108819168276318
learnt 0.5653490252577552 0.5738162592109014 0.7835410082091456 1.0 0.487371998859424 0.6103964101871444
several 0.5674559710729354 0.5706762377755494 0.779540494742576 1.0 0.4903635803105459 0.6112111418121562
things 0.567926767783166 0.5707118433621803 0.7807010740952451 1.0 0.48863723447568375 0.6096356812348057
sort 0.5639202618172496 0.5675324289542129 0.7767570843887344 1.0 0.4882480229762759 0.6092370712720447
lessons 0.5673283057771682 0.5735447118360183 0.7814114782136061 1.0 0.49282385329687306 0.6096029090054544
schoolroom 0.5615288694208665 0.5657820362277685 0.7776388918123306 1.0 0.4878526172838307 0.6083387589411589
though 0.5645036165112484 0.5677702373703468 0.7780022974758104 1.0 0.48681030399730535 0.6086583307992154
good 0.5641170835656006 0.566976843453121 0.7809199077547866 1.0 0.4870704295474551 0.6095187960930314
opportunity 0.5651215465588684 0.5692394548064428 0.7827799092190402 1.0 0.48570621535526354 0.6090536733281888
showing 0.5628025987033146 0.5695847521182393 0.7821566871792585 1.0 0.4878220867966713 0.6129465900199632
knowledge 0.5628025987033146 0.5695847521182393 0.7821566871792585 1.0 0.4878220867966713 0.6129465900199632
listen 0.5622450123724564 0.5695291765718486 0.7757723622864212 1.0 0.4907182810208287 0.6140962059171524
still 0.5660887464801352 0.5700889418705163 0.7778200942462725 1.0 0.4893423785313068 0.6133570337759685
practice 0.5620401455397 0.5674070442224164 0.7792258516060335 1.0 0.4876083049604002 0.6110301624889067
yes 0.5610046016132337 0.5664709181047475 0.7823723270830233 1.0 0.48750546407265544 0.6088906818131233
right 0.5641995529605381 0.5673014447787307 0.780979577117161 1.0 0.48776484399542397 0.6096827909333133
distance 0.5610046016132337 0.5664709181047475 0.7823723270830233 1.0 0.48750546407265544 0.6088906818131233
latitude 0.5672901288000743 0.5699080011505385 0.7844750297842821 1.0 0.48711249101912846 0.6125340334298305
longitude 0.5678964883333291 0.5716332165991839 0.7831873341667833 1.0 0.48587143940411576 0.6120159708321569
got 0.5669463633094397 0.5666409284992023 0.7802785515655499 1.0 0.48697747291182963 0.6072831182879311
idea 0.5696052747149158 0.5709433777824644 0.7857021718045777 1.0 0.48551076601932297 0.6132782518167409
nice 0.5670064410373786 0.5684541310104665 0.7802137726479881 1.0 0.4862156451114762 0.609651238461156
grand 0.5655486787777231 0.5700870237246932 0.7818853340034753 1.0 0.48225196754553895 0.6053619201800203
words 0.5656267167441895 0.5686363228305594 0.7803149119930818 1.0 0.4851979405550645 0.606714819115871
presently 0.5631655855307234 0.5685459095502995 0.7826930588870914 1.0 0.48490878505711765 0.6037053202090034
began 0.5657860767829698 0.5681925091245477 0.7827982923193132 1.0 0.48738196732736166 0.6084250507767289
through 0.566630679924096 0.5692339738889204 0.7813917154881388 1.0 0.488704322746065 0.6091127970843802
funny 0.5583433635190054 0.564202782000161 0.7798741726111614 1.0 0.4897872273636173 0.611825951226928
seem 0.5583433635190054 0.564202782000161 0.7798741726111614 1.0 0.4897872273636173 0.611825951226928
among 0.5664940473387792 0.5701029818318794 0.7801444311303595 1.0 0.4881337659957201 0.611406820996878
people 0.564891896485297 0.56830299562099 0.7789402943077547 1.0 0.48864882165218665 0.609993478446729
walk 0.566729730377555 0.5700918633995928 0.781768421955639 1.0 0.4888237139097024 0.6102011464647427
their 0.5665758969950119 0.5666516007365237 0.7785047408336071 1.0 0.49024377922609425 0.609927302624631
heads 0.5658614161857172 0.5668394458914252 0.7812580555964777 1.0 0.4871271583295483 0.6079575695862459
downward 0.5658614161857172 0.5668394458914252 0.7812580555964777 1.0 0.4871271583295483 0.6079575695862459
antipathies 0.5658614161857172 0.5668394458914252 0.7812580555964777 1.0 0.4871271583295483 0.6079575695862459
rather 0.5637258651525509 0.5676374521693002 0.7795484151932254 1.0 0.48678034402604375 0.6098971061832789
glad 0.560561559765922 0.5683538624791862 0.7813962385824422 1.0 0.48676896349268994 0.6108233394611972
listening 0.5644676211120682 0.5702982237209187 0.7757491232072596 1.0 0.48752481211068993 0.6122950995044669
sound 0.5681533778038483 0.5692077698181126 0.7804064856387081 1.0 0.48693910286213204 0.610422067556197
word 0.5681533778038483 0.5692077698181126 0.7804064856387081 1.0 0.48693910286213204 0.610422067556197
ask 0.5643691368270747 0.5670863926038279 0.7824200834147951 1.0 0.4878225876661178 0.6075491745128488
them 0.566879505054393 0.5659320363159515 0.7778395210734795 1.0 0.4896862758283931 0.6107633405817358
name 0.5678864982773996 0.570390039518641 0.7837703886515657 1.0 0.48679841317150446 0.6101812262226312
country 0.5678864982773996 0.570390039518641 0.7837703886515657 1.0 0.48679841317150446 0.6101812262226312
is 0.5666493051372488 0.5676741442841423 0.7789341221907892 1.0 0.4868311065464225 0.6095675162707104
know 0.5693952955731183 0.5689553202775183 0.7832104435379138 1.0 0.48703505406195274 0.6087414928931866
please 0.5657809035046858 0.569747907257895 0.7783283456378414 1.0 0.4803050173650826 0.6085520938623941
ma'am 0.5657809035046858 0.569747907257895 0.7783283456378414 1.0 0.4803050173650826 0.6085520938623941
new 0.5683797488277654 0.5713070803843416 0.7774532349935732 1.0 0.4852471182974731 0.6115510523200611
zeland 0.5683797488277654 0.5713070803843416 0.7774532349935732 1.0 0.4852471182974731 0.6115510523200611
australia 0.5683797488277654 0.5713070803843416 0.7774532349935732 1.0 0.4852471182974731 0.6115510523200611
curtsey 0.5680619843719312 0.5701017872922884 0.780280190506216 1.0 0.48734459578043715 0.6118181978993892
spoke 0.5704404524907564 0.5715163316596589 0.7856729764158115 1.0 0.489177298109615 0.6113573428642921
fancy 0.5682184039342745 0.5698102527458491 0.7833544802237473 1.0 0.4887757627083685 0.6101910602149009
curtseying 0.5704404524907564 0.5715163316596589 0.7856729764158115 1.0 0.489177298109615 0.6113573428642921
re 0.5668396766773168 0.5701370204423717 0.7800619090941222 1.0 0.48956978953377284 0.6129444549080139
air 0.5652406454995397 0.5690741626788489 0.7803584912121704 1.0 0.48975957516386365 0.6137865610922911
manage 0.5688351953119523 0.568400773251325 0.7786343271567663 1.0 0.48976031819625615 0.6157434288866467
ignorant 0.5613172820723817 0.5680102196401671 0.7758793798307608 1.0 0.4896336137237572 0.61372105269674
little 0.5656693943020848 0.5689152448547006 0.7778656946396819 1.0 0.4879878750901237 0.6101948096510774
girl 0.5613172820723817 0.5680102196401671 0.7758793798307608 1.0 0.4896336137237572 0.61372105269674
asking 0.5597918855732401 0.5661132804636527 0.7774615654840074 1.0 0.4906196417589795 0.6094342779120678
perhaps 0.5604219861095037 0.5661922108254825 0.7825241819948373 1.0 0.4923403164373291 0.6127633282775723
written 0.5604219861095037 0.5661922108254825 0.7825241819948373 1.0 0.4923403164373291 0.6127633282775723
else 0.5647839005942733 0.5675542877240309 0.7859022331480535 1.0 0.4863906323083115 0.6078954238412757
soon 0.5652973657137091 0.5676039482473202 0.7795617355749233 1.0 0.48718299324821634 0.6098115465139059
talking 0.5671108324700928 0.5678159519603201 0.7866256183431626 1.0 0.48909019371379325 0.6110019115023945
dinah 0.5655943301363784 0.5674113707550417 0.7800154850025987 1.0 0.48846009469318086 0.611601398622869
miss 0.5641643181664917 0.5655139563098743 0.7828042376871577 1.0 0.49158382224480546 0.6133878322900045
night 0.5626274339592212 0.5646583613093245 0.7826529495510562 1.0 0.49030245510321435 0.6139604835326453
should 0.5623095338697365 0.5633534158322208 0.7800043767818172 1.0 0.4886124356700818 0.611108986217037
cat 0.5689716878749962 0.5666988682508646 0.7800500952212549 1.0 0.4901173248064259 0.6129856354524977
hope 0.5637103732826693 0.5672003950259469 0.7797926535043507 1.0 0.48751331046066504 0.609109789409766
remember 0.5663480741643339 0.5685799446673236 0.7788034193710457 1.0 0.4885821134701137 0.6078688934108843
saucer 0.5637103732826693 0.5672003950259469 0.7797926535043507 1.0 0.48751331046066504 0.609109789409766
milk 0.5638657564875837 0.5696048239660304 0.7780200353529568 1.0 0.4853159757228472 0.6114541384271608
tea 0.5638657564875837 0.5696048239660304 0.7780200353529568 1.0 0.4853159757228472 0.6114541384271608
my 0.5673146756621129 0.5720104916400061 0.7810709034587341 1.0 0.48735141601871207 0.6096233365174928
wish 0.5684714962077974 0.571316690166855 0.7807535641701312 1.0 0.4873408108989037 0.6109140330105693
are 0.5634107473523199 0.5679727583962524 0.7846410300640382 1.0 0.4887116579777925 0.6148765908620625
mice 0.5636537944090485 0.5680194008802529 0.7806528142147394 1.0 0.4899479151651435 0.6146222528132538
m 0.5636537944090485 0.5680194008802529 0.7806528142147394 1.0 0.4899479151651435 0.6146222528132538
afraid 0.5636537944090485 0.5680194008802529 0.7806528142147394 1.0 0.4899479151651435 0.6146222528132538
might 0.567629625733684 0.5713302111786287 0.7797852163196995 1.0 0.4886454649007577 0.6116969977297504
catch 0.5669945536177156 0.5660282272646596 0.781564351000338 1.0 0.49059779836242995 0.6111939455056857
bat 0.5654226430092087 0.5677574175692105 0.7797825056477136 1.0 0.48929641983714606 0.6086907795318138
mouse 0.567320171528779 0.5668955137192093 0.7836519801377848 1.0 0.4898829082964188 0.6082450169050756
cats 0.5622420651718507 0.5653675283042131 0.777730493022846 1.0 0.4875513902048893 0.6098670607417255
eat 0.5639521820133174 0.5670908082418082 0.7771485218750313 1.0 0.48740295250641735 0.6074549350131437
bats 0.5654860072539382 0.5665471544416678 0.7809609401498403 1.0 0.4891193957485379 0.6099273306866015
saying 0.5633027322985744 0.5663783011019099 0.7781964940548001 1.0 0.4866992340144902 0.6090903583595054
dreamy 0.5603827191794566 0.562757792626789 0.7762349665777089 1.0 0.4874025598723429 0.6112989333464708
sometimes 0.5674008655674242 0.5651877804383351 0.7805124187545462 1.0 0.4881774555190842 0.6101089003701118
couldn't 0.5662001897105418 0.5659073395423116 0.7742519100609953 1.0 0.4885215383026402 0.6098131619293339
answer 0.5662001897105418 0.5659073395423116 0.7742519100609953 1.0 0.4885215383026402 0.6098131619293339
question 0.5662001897105418 0.5659073395423116 0.7742519100609953 1.0 0.4885215383026402 0.6098131619293339
matter 0.5675256046343143 0.5702214576529391 0.7788913852102662 1.0 0.48776484732657194 0.6079544683785842
felt 0.5650286605780778 0.5675780385430763 0.7800540666604778 1.0 0.4875398660708978 0.6088460374953929
dozing 0.5642062998213809 0.5658684484076095 0.777797918256111 1.0 0.48682598686840806 0.6080008200481327
begun 0.5701666816679947 0.5705342642443013 0.7780469843997995 1.0 0.48839336136289946 0.6093578504872168
dream 0.5685465280127774 0.5696474112198792 0.7778139392542337 1.0 0.4856988572933482 0.6061361909930113
walking 0.5685465280127774 0.5696474112198792 0.7778139392542337 1.0 0.4856988572933482 0.6061361909930113
hand 0.5673833426344271 0.5698206370103898 0.7789840614872466 1.0 0.4858477650209067 0.6065102379796705
earnestly 0.5659600707508813 0.5649069694288827 0.7773155378310519 1.0 0.48738838335825446 0.6108816497335406
now 0.5669372227253394 0.5664627560354193 0.776831856026776 1.0 0.48575378944163444 0.6095643318657874
tell 0.5643089547217063 0.5660229085834444 0.7736486529226411 1.0 0.48581331134064343 0.6096059177846501
truth 0.5643089547217063 0.5660229085834444 0.7736486529226411 1.0 0.48581331134064343 0.6096059177846501
ever 0.5677270414249522 0.5713968557682948 0.7773694862369405 1.0 0.487441793929063 0.6087711795022711
thump 0.5667073722048501 0.5698539509367194 0.7773813364339968 1.0 0.4894858542912682 0.6110846311929263
came 0.5692325092791265 0.570485218207339 0.7767916446526352 1.0 0.48844832668292215 0.613219941165482
heap 0.5683816769808832 0.5712175360077604 0.7776922155793381 1.0 0.48749569499479245 0.6136779267927417
sticks 0.5683816769808832 0.5712175360077604 0.7776922155793381 1.0 0.48749569499479245 0.6136779267927417
dry 0.5683816769808832 0.5712175360077604 0.7776922155793381 1.0 0.48749569499479245 0.6136779267927417
leaves 0.5683816769808832 0.5712175360077604 0.7776922155793381 1.0 0.48749569499479245 0.6136779267927417
bit 0.5634577573774366 0.5689444948676222 0.7777183759523588 1.0 0.48879710523064396 0.6114642534623393
hurt 0.5634577573774366 0.5689444948676222 0.7777183759523588 1.0 0.48879710523064396 0.6114642534623393
jumped 0.5634577573774366 0.5689444948676222 0.7777183759523588 1.0 0.48879710523064396 0.6114642534623393
overhead 0.5682944581142326 0.5692871016669891 0.7809632420407011 1.0 0.4878189658140721 0.6095066611598923
long 0.5637862822409719 0.5665426920023428 0.7753075831968839 1.0 0.48852346620941306 0.6114688011710847
passage 0.5659073971111044 0.5709074417315125 0.7786220917144916 1.0 0.4874575361613314 0.6103524159945614
sight 0.5699201534381187 0.5706469119589958 0.7798612589728818 1.0 0.4879708886664565 0.6126202322164588
hurrying 0.5699201534381187 0.5706469119589958 0.7798612589728818 1.0 0.4879708886664565 0.6126202322164588
lost 0.5650102457719846 0.5689912973305796 0.7763079162101575 1.0 0.48768664050880445 0.6080945515487729
away 0.5650102457719846 0.5689912973305796 0.7763079162101575 1.0 0.48768664050880445 0.6080945515487729
wind 0.5705168714862 0.5690425905394638 0.7771330153715051 1.0 0.4871762799527387 0.6107896009187904
turned 0.5648260839199575 0.570410327795024 0.7770254787117471 1.0 0.48649493412069006 0.6098997781946829
corner 0.5648260839199575 0.570410327795024 0.7770254787117471 1.0 0.48649493412069006 0.6098997781946829
ears 0.566327681418214 0.5668946532284054 0.7809018633761776 1.0 0.4890637863006228 0.6057471279594097
whiskers 0.56473955105601 0.5702457420915772 0.7805044334005877 1.0 0.4873372559645931 0.6051556528977824
it's 0.5660110075104839 0.5654080246090046 0.7783695546221168 1.0 0.4852521400289973 0.6069503607904193
behind 0.5642099642689393 0.5712802762034236 0.7755761281361092 1.0 0.4863338229351467 0.6099112018776393
longer 0.5678502170226538 0.5725502095293674 0.7782123135503756 1.0 0.4884899572521842 0.6075461002495878
low 0.567321888792753 0.5699737771226767 0.7761440502994553 1.0 0.4869478167361056 0.6119941019228374
hall 0.5662401262067902 0.5692345326091667 0.7773577639194633 1.0 0.48883367321742566 0.6111873668679415
lit 0.5666201686356771 0.5719941332770042 0.7814322613363257 1.0 0.4856311422313777 0.612620676732343
row 0.5666201686356771 0.5719941332770042 0.7814322613363257 1.0 0.4856311422313777 0.612620676732343
lamps 0.5666201686356771 0.5719941332770042 0.7814322613363257 1.0 0.4856311422313777 0.612620676732343
hanging 0.5666201686356771 0.5719941332770042 0.7814322613363257 1.0 0.4856311422313777 0.612620676732343
roof 0.5673074755347703 0.5695835860894731 0.7852780691056234 1.0 0.48918174849807583 0.6087042400340891
doors 0.5672670528230609 0.5694284568684924 0.7812943369536652 1.0 0.48794687333675124 0.6096583502165596
around 0.5627519889266583 0.5699338128451295 0.7766953912837733 1.0 0.488867337683954 0.611711516379137
locked 0.5645825362500821 0.5679991009262098 0.7808425168961584 1.0 0.48852731640920427 0.6124493548651955
been 0.561709192217675 0.5692739938646252 0.777020292994538 1.0 0.48561750523208813 0.6095300371642847
side 0.561709192217675 0.5692739938646252 0.777020292994538 1.0 0.48561750523208813 0.6095300371642847
other 0.5666831001472378 0.5700815881629462 0.7811931649610613 1.0 0.48747374881327366 0.6103223554160441
trying 0.5660547688709844 0.5675853538351593 0.7786654594244299 1.0 0.4863890661890847 0.6089791062725367
every 0.5666762736382871 0.572956310614382 0.7814572633074082 1.0 0.48695734594986 0.6114240490559327
door 0.5661651306516281 0.569989961560772 0.779167331558701 1.0 0.48790677917280745 0.6079102708859412
walked 0.5653106664069388 0.5703617103260521 0.7749697423242691 1.0 0.4883697410140097 0.6131566150037803
sadly 0.5653106664069388 0.5703617103260521 0.7749697423242691 1.0 0.4883697410140097 0.6131566150037803
middle 0.5653106664069388 0.5703617103260521 0.7749697423242691 1.0 0.4883697410140097 0.6131566150037803
wondering 0.5750168076925135 0.5754376269673149 0.7780489701495741 1.0 0.48420875566062455 0.6110737540010548
three 0.5756584066901861 0.5743062041221737 0.7818970866096928 1.0 0.4923309015121175 0.6190811848221413
legged 0.5756584066901861 0.5743062041221737 0.7818970866096928 1.0 0.4923309015121175 0.6190811848221413
table 0.5666221352464043 0.5702592867471971 0.7799689911395328 1.0 0.48760234928889207 0.6104719905294992
solid 0.5718541166831759 0.5737547815677673 0.7832841439022133 1.0 0.4874298117661892 0.6141032366959678
glass 0.5677267957796335 0.5692896362296328 0.780291230935752 1.0 0.48825395529637167 0.6087978060678182
except 0.5685842498854616 0.5711607108647524 0.7823374429586559 1.0 0.4849404355649874 0.6089188852193455
tiny 0.5685842498854616 0.5711607108647524 0.7823374429586559 1.0 0.4849404355649874 0.6089188852193455
golden 0.564381325685389 0.5684006292833651 0.7787348909366475 1.0 0.48838322376126875 0.6105292323385972
key 0.5661465788029234 0.5702149289024916 0.7804970508831373 1.0 0.48925788984149643 0.6101378726975537
belong 0.5672269124902704 0.5692744113259652 0.7773384337604988 1.0 0.4867206245811855 0.6106057953191657
alas 0.5667414133978207 0.565891475386473 0.7803095513298136 1.0 0.48923221150371143 0.6079217818922871
locks 0.5679451229177451 0.5708771521680039 0.7827454693499695 1.0 0.49109315398574854 0.6101618311004285
small 0.5662767033298801 0.5701499175028221 0.7810878560311543 1.0 0.4879617332561856 0.6109493135890534
any 0.5670065263231798 0.5703226937592992 0.7775934310608842 1.0 0.4892073930959867 0.613616527327262
rate 0.5676210011236227 0.5742065421243314 0.7797490276481377 1.0 0.4902838511761732 0.6151056778859466
open 0.5661097021503777 0.5682261721295785 0.7762626557321117 1.0 0.4897126677542933 0.6135698123232991
however 0.5648050192619253 0.5682306047986112 0.778171380849096 1.0 0.4866232551593628 0.6106101328552382
second 0.5645303877584424 0.5664692462146811 0.7767144517022176 1.0 0.48558920029209884 0.6114268797178353
round 0.5660633102841017 0.5675392554653188 0.7746015041612978 1.0 0.4874312474816175 0.6094199934195501
curtain 0.5688977126633006 0.5714986285614498 0.7755944154901803 1.0 0.48570731604507833 0.6114514968401213
fifteen 0.5695830869208424 0.5702931461850531 0.7847368772104886 1.0 0.48741865979858073 0.6093543519174904
inches 0.5665277918748713 0.5670610003417887 0.782074150862509 1.0 0.487148385781288 0.6101165855952214
high 0.5665277918748713 0.5670610003417887 0.782074150862509 1.0 0.487148385781288 0.6101165855952214
lock 0.567993672521384 0.5680400819757921 0.7781703311839094 1.0 0.4902466417845545 0.6111804955826758
delight 0.567993672521384 0.5680400819757921 0.7781703311839094 1.0 0.4902466417845545 0.6111804955826758
fitted 0.5696368847236737 0.5715061670691335 0.7798587766551028 1.0 0.4838350365704601 0.603605229475169
opened 0.5657072389896685 0.5732062090312118 0.7799493944929625 1.0 0.48775949728732887 0.6066384101812813
led 0.5676797835651561 0.5731316906113261 0.7805827369738847 1.0 0.48662947871463225 0.6104695239757564
larger 0.5655260059182972 0.5690070652433216 0.7790212770745132 1.0 0.4896120153839869 0.6093372410805131
than 0.5702244181237112 0.5716853328464139 0.7818941027430408 1.0 0.4892253007453865 0.6087628867221083
rat 0.5702244181237112 0.5716853328464139 0.7818941027430408 1.0 0.4892253007453865 0.6087628867221083
knelt 0.5702244181237112 0.5716853328464139 0.7818941027430408 1.0 0.4892253007453865 0.6087628867221083
along 0.567433825438819 0.5710478996998927 0.7804273442993147 1.0 0.48805141651789835 0.6099627712549985
loveliest 0.5701567331085531 0.569565689858209 0.7781652361809093 1.0 0.489113807198726 0.6110258683863049
garden 0.5666897390125926 0.5669149138569537 0.7772959357222426 1.0 0.4887368783489914 0.6100250739534244
longed 0.5692255702571543 0.5692823817937405 0.7787008056493155 1.0 0.49155794283398546 0.6098984672015201
wander 0.5662584937784592 0.570114094155973 0.7785213324856342 1.0 0.4874441971221257 0.6126118331611258
those 0.5670193081977637 0.5714264201234038 0.7790427892752516 1.0 0.48693085672576236 0.6142678120622209
beds 0.5677811195646757 0.5727404657220619 0.7795649293656656 1.0 0.486416843664072 0.6159259609066844
bright 0.5677811195646757 0.5727404657220619 0.7795649293656656 1.0 0.486416843664072 0.6159259609066844
flowers 0.5677811195646757 0.5727404657220619 0.7795649293656656 1.0 0.486416843664072 0.6159259609066844
cool 0.5677811195646757 0.5727404657220619 0.7795649293656656 1.0 0.486416843664072 0.6159259609066844
fountains 0.5716709522354861 0.5721785888194915 0.7753978507225783 1.0 0.48407990612925267 0.6104354339282367
head 0.5671787824241795 0.5736684848308413 0.7805435971797318 1.0 0.484348817778838 0.6067189295164419
doorway 0.564442422281255 0.5721893756161436 0.7786549069482177 1.0 0.48240171579509794 0.6055508680568621
go 0.5705060028798151 0.574426198601789 0.7822877224755092 1.0 0.4878814615200524 0.6086900420967676
poor 0.5659996284091844 0.566694571830188 0.777752920147673 1.0 0.4873257536248194 0.6060493847533469
shoulders 0.5722836436646964 0.5753732544876946 0.7780741868847811 1.0 0.48644513118386107 0.6103647660529085
shut 0.572635286347755 0.5737999145708012 0.7780882162301527 1.0 0.4858908579453364 0.606679170788409
telescope 0.5706487891402793 0.570215759084871 0.7782828999291184 1.0 0.48577156695574064 0.6064264590102939
only 0.5700855283910397 0.5687563412003316 0.7820771496606813 1.0 0.4866192731160779 0.6111531168139168
begin 0.5767655153224327 0.57373208555435 0.7847674205263855 1.0 0.48635714797772567 0.6114317097382896
happened 0.5688387198289617 0.5697727118881608 0.7781073284945623 1.0 0.4881869207909925 0.6076082675687724
lately 0.5717927494053685 0.5714243545676243 0.7782808802351335 1.0 0.49109770123931196 0.6125912700752056
few 0.5653876620298223 0.5668025363245008 0.780344808339367 1.0 0.4866171369291163 0.6098269492567894
indeed 0.5660893562991615 0.568641819356685 0.779555497122735 1.0 0.4864032994324088 0.6101819163003948
really 0.5607798601166838 0.5698015042505126 0.7837912248510533 1.0 0.48700030629972535 0.6112526861616296
impossible 0.5607798601166838 0.5698015042505126 0.7837912248510533 1.0 0.48700030629972535 0.6112526861616296
waiting 0.5678384936674604 0.5745798816695981 0.7829436972671243 1.0 0.4891388909008204 0.6112534477599875
back 0.5640153613860734 0.5695360310078628 0.7785959787758837 1.0 0.4848354332993893 0.6079971027400548
half 0.5635846244606886 0.5729960746882887 0.7793189384255579 1.0 0.4843082788354307 0.6083024008491463
hoping 0.5635846244606886 0.5729960746882887 0.7793189384255579 1.0 0.4843082788354307 0.6083024008491463
find 0.5714541836040963 0.5794861437786218 0.7814095944973498 1.0 0.4905583694338231 0.6123866607453049
rules 0.5672631367041792 0.5713109405054126 0.7779859493259426 1.0 0.49165080178541415 0.6130803101325478
shutting 0.5688684820409998 0.5701492175220516 0.7784473840502515 1.0 0.48799141085807124 0.6079292637962522
telescopes 0.5676049331784045 0.5746192695048874 0.7810074666473036 1.0 0.4886868248623165 0.6099569827719756
bottle 0.565323332319393 0.5674523277744481 0.7780868356441842 1.0 0.4878074240509151 0.6096498294068281
certainly 0.5661107777429303 0.5684196897923469 0.7793556667857123 1.0 0.4885389711432071 0.6086955917446355
neck 0.5675948478594379 0.5686082979941341 0.7724904656062078 1.0 0.4892716304357897 0.607414920283888
paper 0.5675948478594379 0.5686082979941341 0.7724904656062078 1.0 0.4892716304357897 0.607414920283888
label 0.5657717823851718 0.5695164727785552 0.7769119180229591 1.0 0.48811863378430387 0.6075523983161166
drink 0.5658139041068164 0.5669773271781441 0.7781895886080913 1.0 0.48825042909304206 0.6108118847570733
beautifully 0.5671243759059948 0.5683695314790239 0.7769358880941537 1.0 0.4848167637562171 0.6037463077939457
printed 0.5693996664729968 0.5689322051389504 0.7789895961746628 1.0 0.48698343589508825 0.604994750529365
letters 0.5649282412123792 0.5664886320694187 0.7803221328506319 1.0 0.48572237952174585 0.609056369195523
wise 0.5652012637340785 0.5731300848517122 0.7774856094288385 1.0 0.48753327220687387 0.6081211399704204
hurry 0.565631733097144 0.570412662618807 0.7767404287010934 1.0 0.48651530070236304 0.6110984373593876
marked 0.5633830283112953 0.5657884482241384 0.7783356893518883 1.0 0.4875874902577539 0.6106772013917293
poison 0.5645605574457268 0.5650819092039739 0.7796107883154235 1.0 0.4893251996927066 0.6123476207011648
read 0.5616969721814964 0.5656515411689172 0.7803049487984138 1.0 0.488783804765254 0.6108811688367504
histories 0.5675836399425868 0.5678076834145295 0.7776694588949163 1.0 0.48790323845091793 0.612819419640001
children 0.567945152429517 0.5665595098591695 0.7809975234661931 1.0 0.4920158242391175 0.6136908346614252
who 0.567945152429517 0.5665595098591695 0.7809975234661931 1.0 0.4920158242391175 0.6136908346614252
d 0.5644930591125167 0.5645740619830062 0.7766278356372331 1.0 0.4884265500954032 0.6088817162602926
gotten 0.567945152429517 0.5665595098591695 0.7809975234661931 1.0 0.4920158242391175 0.6136908346614252
burnt 0.567945152429517 0.5665595098591695 0.7809975234661931 1.0 0.4920158242391175 0.6136908346614252
eaten 0.5681468899925319 0.5649885177527533 0.7801623643202761 1.0 0.4902447712694482 0.6131185941869065
wild 0.5681468899925319 0.5649885177527533 0.7801623643202761 1.0 0.4902447712694482 0.6131185941869065
beasts 0.5681468899925319 0.5649885177527533 0.7801623643202761 1.0 0.4902447712694482 0.6131185941869065
unpleasant 0.5666898789290439 0.5672269641681692 0.7809309130431115 1.0 0.48798654127577246 0.6092283642038671
because 0.5666898789290439 0.5672269641681692 0.7809309130431115 1.0 0.48798654127577246 0.6092283642038671
simple 0.5684160621782495 0.5665390593923939 0.7803867185274922 1.0 0.4879628499748893 0.6063720845167153
friends 0.5664215432312303 0.5631997004944361 0.7752300194653299 1.0 0.49166864828102264 0.6096525324368419
taught 0.5664215432312303 0.5631997004944361 0.7752300194653299 1.0 0.49166864828102264 0.6096525324368419
red 0.563249141505621 0.5659481041270602 0.7799571276739069 1.0 0.48403395057108217 0.6085982366061404
poker 0.5660207665740505 0.5664588160900771 0.7806730829992632 1.0 0.48937427764648217 0.6130961286262304
will 0.5660207665740505 0.5664588160900771 0.7806730829992632 1.0 0.48937427764648217 0.6130961286262304
burn 0.5660207665740505 0.5664588160900771 0.7806730829992632 1.0 0.48937427764648217 0.6130961286262304
hold 0.5660207665740505 0.5664588160900771 0.7806730829992632 1.0 0.48937427764648217 0.6130961286262304
cut 0.5630049561398422 0.5626545662711089 0.7743706367156549 1.0 0.48968370757949964 0.611249874312064
your 0.564683043309942 0.5643814952993562 0.7810986303990577 1.0 0.4891374837073589 0.611766510993621
finger 0.564683043309942 0.5643814952993562 0.7810986303990577 1.0 0.4891374837073589 0.611766510993621
deeply 0.564683043309942 0.5643814952993562 0.7810986303990577 1.0 0.4891374837073589 0.611766510993621
knife 0.564683043309942 0.5643814952993562 0.7810986303990577 1.0 0.4891374837073589 0.611766510993621
usually 0.5642967934424064 0.5652092140775088 0.7846158221927406 1.0 0.4928069991276821 0.6148342969645797
bleeds 0.5642967934424064 0.5652092140775088 0.7846158221927406 1.0 0.4928069991276821 0.6148342969645797
forgotten 0.5627297549231821 0.5628582104773354 0.7751263728762348 1.0 0.48681725625476097 0.6090658002326539
almost 0.5620803168626506 0.5625591106376205 0.7776359855333673 1.0 0.4885544145262808 0.6140721195184352
certain 0.5620803168626506 0.5625591106376205 0.7776359855333673 1.0 0.4885544145262808 0.6140721195184352
disagree 0.5620803168626506 0.5625591106376205 0.7776359855333673 1.0 0.4885544145262808 0.6140721195184352
sooner 0.5672381316956308 0.567734023434124 0.7808334476478852 1.0 0.48958188644626816 0.6063379099852504
later 0.5672381316956308 0.567734023434124 0.7808334476478852 1.0 0.48958188644626816 0.6063379099852504
ventured 0.5619029273646169 0.5657857443807054 0.7832657377818218 1.0 0.48843261344100836 0.6063377713333937
taste 0.5619029273646169 0.5657857443807054 0.7832657377818218 1.0 0.48843261344100836 0.6063377713333937
finding 0.5638491408718129 0.5659991695857445 0.7797064607347793 1.0 0.48867671445382344 0.6060956211157337
fact 0.5652707092520988 0.5645343780271412 0.7733048638147902 1.0 0.4859782792315505 0.6095168558522005
mixed 0.5652707092520988 0.5645343780271412 0.7733048638147902 1.0 0.4859782792315505 0.6095168558522005
flavor 0.5652707092520988 0.5645343780271412 0.7733048638147902 1.0 0.4859782792315505 0.6095168558522005
cherry 0.575048807063993 0.582267023206677 0.7808759978399868 1.0 0.4904598899701243 0.6108766662322918
tart 0.575048807063993 0.582267023206677 0.7808759978399868 1.0 0.4904598899701243 0.6108766662322918
custard 0.5681358453410754 0.5777627494224623 0.7851300992665688 1.0 0.4904161171679815 0.6141456034028063
pine 0.5681358453410754 0.5777627494224623 0.7851300992665688 1.0 0.4904161171679815 0.6141456034028063
apple 0.5681358453410754 0.5777627494224623 0.7851300992665688 1.0 0.4904161171679815 0.6141456034028063
roast 0.5681358453410754 0.5777627494224623 0.7851300992665688 1.0 0.4904161171679815 0.6141456034028063
turkey 0.5652951025921754 0.5706316362084543 0.7811705056803927 1.0 0.4880553047650463 0.6102559578404789
toffee 0.5652951025921754 0.5706316362084543 0.7811705056803927 1.0 0.4880553047650463 0.6102559578404789
buttered 0.5652951025921754 0.5706316362084543 0.7811705056803927 1.0 0.4880553047650463 0.6102559578404789
toast 0.5667868423299776 0.5668785961550824 0.7772955186762599 1.0 0.4873292111173902 0.6089333361477329
finished 0.5672188900784025 0.5697248790535688 0.7779917697703939 1.0 0.48785719211548223 0.6115305125297944
curious 0.5671888916249611 0.5652242885044345 0.7755822753207339 1.0 0.48648576751207706 0.6077409967300057
feeling 0.5685165391833983 0.5710482457861042 0.7746653844967449 1.0 0.48766163411977553 0.6092225192722298
ten 0.5634776583861498 0.563834314824142 0.7794159228736988 1.0 0.48687856835977156 0.610877531569897
face 0.5634776583861498 0.563834314824142 0.7794159228736988 1.0 0.48687856835977156 0.610877531569897
brightened 0.5701435542448599 0.569284563860207 0.7780624696365441 1.0 0.4847636817003547 0.6096287041464146
size 0.5664280286156966 0.5660413669673076 0.7807549413362866 1.0 0.48700501180086836 0.6071664338636827
lovely 0.5643727787955513 0.5641358943040303 0.778085005762274 1.0 0.49141495840156946 0.6088636159851449
waited 0.5652193313358711 0.5687629162503959 0.7771630232684081 1.0 0.48643895771246376 0.6113164853285981
minutes 0.5649864418025612 0.5648902285106054 0.7803094746259049 1.0 0.4869550098943532 0.6093057936167173
shrink 0.5666779332139211 0.5646915496581508 0.7746344024389908 1.0 0.48656568197323274 0.6107040427631077
further 0.5666779332139211 0.5646915496581508 0.7746344024389908 1.0 0.48656568197323274 0.6107040427631077
nervous 0.5627900901694902 0.5655440111675791 0.7763931209313202 1.0 0.4883521044390815 0.6096490946892587
altogether 0.5653376680745682 0.5704543499065804 0.7809189189968663 1.0 0.4878841927589921 0.6095524973310433
candle 0.566346475297553 0.5672012886662221 0.7780988416041483 1.0 0.4899486288995576 0.6106147608736109
flame 0.5660080053290261 0.5681131186123358 0.7810481396470471 1.0 0.48837633251217216 0.6090308922545656
blown 0.5674755823565032 0.564735142317632 0.7751695978792386 1.0 0.490465296699574 0.6085906490171553
thing 0.5658983820341772 0.5686136624905258 0.7762323311063422 1.0 0.4885180486832649 0.6064957896915012
while 0.5669093240726399 0.5721352192225165 0.7751631269961674 1.0 0.4856777641207627 0.6042149590817024
more 0.5658015285379879 0.5662132718599442 0.7761358922532372 1.0 0.488921589851594 0.605852702701812
decided 0.5655637387834996 0.5670568682768681 0.7756499342085507 1.0 0.48569804754523954 0.6101903943230406
possibly 0.5679970350425028 0.5684746319139514 0.7786559924034072 1.0 0.48529600463211575 0.6081060943733532
reach 0.5661695386379323 0.5671051032377125 0.7806360294434529 1.0 0.4870212474008466 0.6074031301890533
plainly 0.5682186882649022 0.5681297233143762 0.7834607648221179 1.0 0.48945898456151904 0.6045377233206266
best 0.5666450671502357 0.565568733387621 0.7801565940861511 1.0 0.48906411907955477 0.6099487324521236
climb 0.5666450671502357 0.565568733387621 0.7801565940861511 1.0 0.48906411907955477 0.6099487324521236
legs 0.5639610731310826 0.5659187085400402 0.780152314969371 1.0 0.48821478860971346 0.60928908187105
slippery 0.5664738877604797 0.5686057521235357 0.779145881210087 1.0 0.4883408454759105 0.6121772424725698
sat 0.564882082823132 0.5652228239587156 0.7762228901973919 1.0 0.4867644536431241 0.6048553130126391
cried 0.5673302970762547 0.566030915429287 0.7775902749118624 1.0 0.4908116154581832 0.6074373302736518
crying 0.5634161247621767 0.5638942947778633 0.7738589866685037 1.0 0.4896864249516699 0.6102837828593134
sharply 0.5635258731833449 0.5663533669729923 0.7781573623894593 1.0 0.48542392303105836 0.608297258124838
advise 0.5635392115572506 0.5629763265430324 0.7768894400267492 1.0 0.4856858107272334 0.6068724085171086
leave 0.5635392115572506 0.5629763265430324 0.7768894400267492 1.0 0.4856858107272334 0.6068724085171086
minute 0.5615211212388513 0.5609150683664401 0.7763310062455863 1.0 0.48671049815877065 0.6054746949875954
generally 0.5651835460392906 0.5643058289741232 0.7807577154393436 1.0 0.4878891411153943 0.6084791389176546
gave 0.5651835460392906 0.5643058289741232 0.7807577154393436 1.0 0.4878891411153943 0.6084791389176546
advice 0.5651835460392906 0.5643058289741232 0.7807577154393436 1.0 0.4878891411153943 0.6084791389176546
seldom 0.5675375198421523 0.5653580025888443 0.7777158142327459 1.0 0.4901573635645645 0.6120711964528591
followed 0.5675375198421523 0.5653580025888443 0.7777158142327459 1.0 0.4901573635645645 0.6120711964528591
scolded 0.5673662848744049 0.5627974894105843 0.778356145466469 1.0 0.4867627159223096 0.6095684562257857
severely 0.5666050578441392 0.5652222520258404 0.7803721737327962 1.0 0.488826609534992 0.6096809677797267
bring 0.5666050578441392 0.5652222520258404 0.7803721737327962 1.0 0.488826609534992 0.6096809677797267
tears 0.5716156978957919 0.5666981392496757 0.7841882589633061 1.0 0.489720572346125 0.6093497833441843
remembered 0.5635107771055636 0.5616130704276606 0.7753185369088632 1.0 0.4869526216748744 0.6088336234201838
box 0.5633282515934966 0.5638158825433662 0.7747431953682017 1.0 0.4874116642314398 0.6083076615241048
cheated 0.5679114347016004 0.5635528003703049 0.7812981979868222 1.0 0.4907855581108151 0.6063369728444312
game 0.5660410035464128 0.5648462344467613 0.7816115515064815 1.0 0.49109571275192004 0.6112249193495692
croquet 0.5660410035464128 0.5648462344467613 0.7816115515064815 1.0 0.49109571275192004 0.6112249193495692
playing 0.5660410035464128 0.5648462344467613 0.7816115515064815 1.0 0.49109571275192004 0.6112249193495692
against 0.5660410035464128 0.5648462344467613 0.7816115515064815 1.0 0.49109571275192004 0.6112249193495692
child 0.5615030417520358 0.5645725853545431 0.7753240871175128 1.0 0.4887146289897517 0.6048069674706072
fond 0.5615030417520358 0.5645725853545431 0.7753240871175128 1.0 0.4887146289897517 0.6048069674706072
pretending 0.5615030417520358 0.5645725853545431 0.7753240871175128 1.0 0.4887146289897517 0.6048069674706072
two 0.5626286467212002 0.5642737792911825 0.7765048047664349 1.0 0.48854284501490425 0.6099081964229359
pretend 0.5621845716250206 0.564239524464582 0.7736798716213336 1.0 0.4890693252937861 0.6102536546407029
hardly 0.5651407690475648 0.56596261996546 0.7809544696745748 1.0 0.48668885157494496 0.6086730584415352
enough 0.5651407690475648 0.56596261996546 0.7809544696745748 1.0 0.48668885157494496 0.6086730584415352
respectable 0.5669642313119232 0.5658739925453513 0.7826727995520878 1.0 0.4890025341391531 0.6100238349172903
person 0.5669642313119232 0.5658739925453513 0.7826727995520878 1.0 0.4890025341391531 0.6100238349172903
eye 0.5638948771178273 0.5655432183958873 0.774836939722117 1.0 0.48729791038022463 0.6100013139850975
lying 0.563145716565543 0.5660188095017056 0.7741678238323639 1.0 0.48787073071998543 0.6077816722072352
cake 0.565560629030239 0.5663241941968737 0.7821236734141984 1.0 0.4852328431299423 0.607229460751606
currants 0.5598588202168739 0.5679030375460326 0.7745194660780168 1.0 0.4823867275102834 0.6056778301836168
makes 0.5609439359319043 0.5639511668516723 0.7766267626245126 1.0 0.48613438024766353 0.6049399376551036
grow 0.5608849015849834 0.5643741033936078 0.7796416609115997 1.0 0.4874442196873532 0.606483549235848
can 0.564961491860956 0.567562946290172 0.7793491806821611 1.0 0.48712557855326816 0.6062200475867193
smaller 0.5574492692288483 0.5630216427074987 0.7766828072528208 1.0 0.4861480446934049 0.6062687693159515
creep 0.5655782281908529 0.5693789741854779 0.7761029637534173 1.0 0.4855143052326031 0.6057437921856941
