word v0 v1 v2 v3 v4 v5
alice 0.545086214975098 0.6678968216407868 0.6587532598799299 1.0 0.6890765268104574 0.5298671701090253
was 0.5463300286709808 0.669053508392316 0.6592738602952309 1.0 0.6893102388693164 0.530386623592593
beginning 0.5451287331591734 0.6744271644163979 0.6626198649070427 1.0 0.6908937133704748 0.5302818532461695
to 0.5455703936909666 0.6690325346639941 0.6592628834162885 1.0 0.6892581528335846 0.5305148949176153
get 0.5459924721522282 0.6685183344513371 0.6586462790304665 1.0 0.6886568575099996 0.5304302607086355
very 0.5458252442519171 0.6686038975304457 0.6594737486225585 1.0 0.6890647107624436 0.5302422546851617
tired 0.5440514234212489 0.6684519937530344 0.6582835958472405 1.0 0.6881989429319438 0.5280364935944244
of 0.545513834857645 0.6691766586169285 0.6591963573152657 1.0 0.689376378536095 0.5301631991633979
sitting 0.5430873681648395 0.6702850878534132 0.6606649614775746 1.0 0.6909078647482529 0.5301611371445937
by 0.5453741372681854 0.6682349113705562 0.659587583236219 1.0 0.6890394690329784 0.5308981193918371
her 0.5448743429514821 0.6699637181033251 0.6602236829728843 1.0 0.6893737323192555 0.5311137192228763
sister 0.5423306997198859 0.6718672083204076 0.6608220163045415 1.0 0.6899338452601192 0.5302079949142969
on 0.5460270665990803 0.6681408527798657 0.6585008233682396 1.0 0.6884630127743294 0.5300872717263958
the 0.5461821894140287 0.6700781002198585 0.6594239048754186 1.0 0.6893186430762123 0.5302107773639674
bank 0.5430647073264905 0.6702455405819413 0.6621306572188127 1.0 0.690443899091171 0.5308682484280925
and 0.5461143025795719 0.6680780098845293 0.6591271594462286 1.0 0.6893559745625565 0.5304718645714409
having 0.5415863504916605 0.6645520169181827 0.6578457736309945 1.0 0.6895025033683726 0.5298537066555994
nothing 0.545295928796657 0.6708732424223988 0.6597922170095528 1.0 0.687988496996841 0.5305106035026618
do 0.5481862276285961 0.6693796207110277 0.6605013617172173 1.0 0.6892670904966816 0.5323672797746207
once 0.5422763371522965 0.6653781427389341 0.6584312995987558 1.0 0.6892970041922665 0.5307222212062451
or 0.5458862945222506 0.6701999512092531 0.6600342192113047 1.0 0.6900897394102632 0.530744042331154
twice 0.5419538606152037 0.6686600325530898 0.6618498932962313 1.0 0.6901178961144192 0.532087010437601
she 0.5458793157298921 0.6684612191301946 0.6589739953120574 1.0 0.6894512020756917 0.5307215630756549
peeped 0.5415755693144114 0.6734461128957453 0.6609787518945613 1.0 0.6889618056093054 0.5302547574387177
into 0.5447131106841114 0.6677235875994625 0.6582638188225918 1.0 0.6893460835553029 0.5301079038359273
book 0.5427535111118906 0.6715967207015285 0.6594869716165571 1.0 0.6892460417531144 0.5304153646069846
reading 0.540135874065546 0.6695139662497652 0.660799906404748 1.0 0.690358778839481 0.5303303728136872
but 0.5461289168724373 0.6691372021154635 0.659339926002989 1.0 0.6891071759312386 0.5306240797697889
it 0.5459041132919051 0.6682334854058429 0.6587550803496431 1.0 0.6893196652949682 0.5304984340230707
had 0.5460994554092706 0.6684809492458591 0.6583369999027407 1.0 0.6887693467725076 0.530627897115
no 0.544774597861775 0.6670944994597963 0.6586144965391346 1.0 0.6884154769141355 0.5303895151824174
pictures 0.5421142002962311 0.6721612633892665 0.6613326261014151 1.0 0.6902202031214938 0.5307870466905413
conversations 0.5407906087249291 0.6695335029224974 0.6607880663855741 1.0 0.6897846618591558 0.530727272737361
in 0.5453458699451377 0.6678769863934764 0.658876236988516 1.0 0.6890396555194024 0.5306375691263853
what 0.5451275385967477 0.6702512427184713 0.66015081458976 1.0 0.6892641945585195 0.5305495101208945
s 0.5475143117265738 0.668847848946513 0.6595807385608157 1.0 0.6906999358058756 0.5302280206762531
use 0.5439255495200074 0.6649706652741106 0.6573451167105536 1.0 0.6891261913491058 0.5291972988693494
a 0.5461679012747644 0.6679055079278161 0.6590955523702414 1.0 0.6894551727896026 0.5306066365566869
thought 0.5460876293127591 0.6703253574826727 0.6596710292658649 1.0 0.6893143917498709 0.5302616316539216
without 0.5454513926539296 0.6701295719349466 0.6599128967497234 1.0 0.6904248279183389 0.5300954108950767
conversation 0.5439132384033961 0.6768925585659882 0.6637857237029616 1.0 0.6913595829108735 0.5303627322341123
so 0.5442190810840257 0.6675971675297129 0.6588189157096708 1.0 0.6888138763713793 0.5302120471360762
considering 0.5415603202016074 0.6701866825051328 0.6601240201857179 1.0 0.6888988681093825 0.5308367331220767
own 0.5407445392815694 0.6652884811604414 0.6586072638612419 1.0 0.6884965119838566 0.5304120565064182
mind 0.5415666934780974 0.6705069468546009 0.6614297557710513 1.0 0.6893716961234098 0.5303996152859586
as 0.5465295375291631 0.6714123493170735 0.660184453972347 1.0 0.6884654225265983 0.5314020109069992
well 0.5438738705193306 0.6713666054493362 0.659264472325206 1.0 0.6887785125474286 0.5298723729860867
could 0.5465251226211338 0.6679944997385033 0.6585604757735509 1.0 0.6902755338650083 0.5309439035866638
for 0.5455478117155033 0.6686992256377562 0.6590661126746603 1.0 0.6894338427092677 0.530409816947382
hot 0.5456884231811483 0.6684013010090671 0.6592402857494308 1.0 0.688396421771673 0.530680384172121
day 0.5435816431739766 0.6746192674715726 0.662353872469993 1.0 0.6907033424400856 0.5306530567807605
made 0.5454561484790632 0.6688518259626506 0.6600781720363794 1.0 0.6893149872643369 0.5306875599791828
feel 0.5426764793573909 0.6707542181619435 0.6623511149400508 1.0 0.6903903021923078 0.5293831440015109
sleepy 0.5443782853925616 0.6707117315048815 0.6614541337194708 1.0 0.6893762056112929 0.5306165563895163
stupid 0.5426764793573909 0.6707542181619435 0.6623511149400508 1.0 0.6903903021923078 0.5293831440015109
whether 0.5475686526391301 0.669689374469922 0.6599061431671431 1.0 0.6912967449305882 0.5305730311482446
pleasure 0.5421799242274881 0.6701139431174116 0.6613348149133828 1.0 0.6900264145255566 0.5308678628381802
making 0.5421799242274881 0.6701139431174116 0.6613348149133828 1.0 0.6900264145255566 0.5308678628381802
daisy 0.5427371584247372 0.6710784421251837 0.6627259079157418 1.0 0.6900677402232531 0.5304529810786793
chain 0.5427371584247372 0.6710784421251837 0.6627259079157418 1.0 0.6900677402232531 0.5304529810786793
would 0.5474394450686507 0.670806512374466 0.6599470368522657 1.0 0.689120676745548 0.5314115756458365
be 0.5450154779246295 0.6674208696396693 0.6592136472869609 1.0 0.6888977645208952 0.5303773612761473
worth 0.5427371584247372 0.6710784421251837 0.6627259079157418 1.0 0.6900677402232531 0.5304529810786793
trouble 0.5461094009555737 0.6767746908458557 0.6625848839033797 1.0 0.6918352091930168 0.5311941592165805
getting 0.5451409423019983 0.6707267870667902 0.6606596001066639 1.0 0.6897815639366456 0.5314659019397482
up 0.5478202559378856 0.6693733541683757 0.6590680547283003 1.0 0.6890798273352217 0.5315355128587587
picking 0.5461094009555737 0.6767746908458557 0.6625848839033797 1.0 0.6918352091930168 0.5311941592165805
daisies 0.5461094009555737 0.6767746908458557 0.6625848839033797 1.0 0.6918352091930168 0.5311941592165805
when 0.5457362460795921 0.668055163743077 0.6594486130521359 1.0 0.6900163667555654 0.5310588545142627
suddenly 0.5466321766669321 0.6706353835874513 0.6613958187417535 1.0 0.6907292205435014 0.5320286703624852
white 0.5467031874783694 0.6720273144034089 0.6607278412479995 1.0 0.689642668474267 0.5305391790848923
rabbit 0.5452877326719064 0.6713227048825989 0.6609825287927001 1.0 0.6895470425006484 0.5306789526537169
with 0.5472086988977438 0.6700904044812024 0.6602118180815892 1.0 0.6897070150738656 0.5299181636050784
pink 0.5434526723612846 0.6743017783155941 0.6624514696062457 1.0 0.6904184958774507 0.5305646749945261
eyes 0.5440178588951416 0.667643689620266 0.660270020867245 1.0 0.6899670309577112 0.5298499120082524
ran 0.5426627441748781 0.6694077835859155 0.6611694859703496 1.0 0.6902097887165977 0.5306677826247687
close 0.5442662725636817 0.6664376119411939 0.6604427265710313 1.0 0.689619877462387 0.5324448492707157
there 0.5454654842370397 0.668469202054513 0.6588581554623958 1.0 0.6880599346330595 0.5307899924872804
remarkable 0.5401462135200276 0.6738277943195708 0.6592797945074943 1.0 0.688403439708045 0.5298779760823105
that 0.5457410339122201 0.6684975186202821 0.6587107716332212 1.0 0.6887092394267585 0.5305875977128168
nor 0.5401462135200276 0.6738277943195708 0.6592797945074943 1.0 0.688403439708045 0.5298779760823105
did 0.5458801799550971 0.6711334724201239 0.6601947794766916 1.0 0.6886030229306003 0.5311112962204699
think 0.5459387125939468 0.6713063363200351 0.6602236485015412 1.0 0.689496322155822 0.5310612217228374
much 0.5484334909829731 0.6696707786411351 0.6599901056265504 1.0 0.6901042575439879 0.5308872451906549
out 0.5444348713691483 0.6669787844646659 0.6587358504343396 1.0 0.6889828164849604 0.5303507010409575
way 0.545066539781185 0.6683175233591528 0.6583584577190903 1.0 0.6885061925672503 0.5309855394270946
hear 0.5445628231787598 0.6678046043656283 0.6585873785856519 1.0 0.689982602370139 0.5307615830006218
say 0.5469205384295039 0.6705917701954339 0.6593932703439546 1.0 0.689560247767397 0.5299396511976964
itself 0.5430758402536457 0.6759137384653109 0.6606241298802706 1.0 0.6889942368035228 0.52982301617156
oh 0.5445765872028401 0.6678273926584676 0.6595080301010803 1.0 0.6888249332103104 0.5310861676465618
dear 0.5444556277141693 0.6725271100577138 0.6610872161276522 1.0 0.6891341822292836 0.5320903785802042
i 0.5457543122397048 0.6693999655430546 0.6593803778106677 1.0 0.6889933584741417 0.5306880205693861
shall 0.5446269187426603 0.673908206212561 0.6600379612758879 1.0 0.6870108025267367 0.5309342836094105
late 0.5444901604452054 0.6690937504657586 0.6606159661745693 1.0 0.6884925098250946 0.5327223478322871
over 0.5468498676975174 0.6738915589746193 0.660243450173521 1.0 0.6878739894948112 0.5306860642155397
afterwards 0.5450218367365967 0.6740005758309925 0.6604458494661466 1.0 0.6870996209815589 0.5311933964127994
occurred 0.5450218367365967 0.6740005758309925 0.6604458494661466 1.0 0.6870996209815589 0.5311933964127994
ought 0.5451223762755045 0.6740936292639038 0.6624594721642901 1.0 0.6893649393471788 0.5329987996134279
have 0.5441669197173273 0.6736978807337374 0.6605012416073218 1.0 0.6875334307834948 0.53164886043259
wondered 0.5451223762755045 0.6740936292639038 0.6624594721642901 1.0 0.6893649393471788 0.5329987996134279
at 0.5461317855996192 0.6720465745281664 0.6605687765748633 1.0 0.6893630851291809 0.531412361201019
this 0.5454371362995497 0.6705284982786088 0.6591590751663686 1.0 0.6890534088141551 0.5301958816099742
time 0.5461213065013291 0.6702918836532415 0.6598749505370589 1.0 0.6888432772164335 0.5313667836482103
all 0.5472054144895652 0.6693618483918296 0.6587524868232203 1.0 0.6884603487034484 0.5317765041834024
seemed 0.5443161399020982 0.6708344831831056 0.6605287318298656 1.0 0.6893005458172408 0.5313179024487842
quite 0.5445510833529338 0.6734822040912295 0.6614766119931995 1.0 0.6899148228320634 0.5313458077042045
natural 0.5445933743087431 0.6781071689453088 0.6640090238814935 1.0 0.6894889880905336 0.5300108178822108
actually 0.5501117718460372 0.6780132999414187 0.6640117907210727 1.0 0.6896816714349839 0.5301185035880733
took 0.5469841944169263 0.67538963436931 0.6631236143893737 1.0 0.6907204472316463 0.5307241721204877
watch 0.5450158345051607 0.6704584585272241 0.6610806838584948 1.0 0.690396712264959 0.5313068713276982
its 0.5439729727659797 0.6702577829834933 0.6604896872104034 1.0 0.690403823651692 0.5308346122611258
waistcoat 0.5450158345051607 0.6704584585272241 0.6610806838584948 1.0 0.690396712264959 0.5313068713276982
pocket 0.5459231337830639 0.6707086998970642 0.6619326909244113 1.0 0.6911891338499423 0.5309820797598539
looked 0.5465011868429788 0.671462186332572 0.6599600947077168 1.0 0.689449657892012 0.5312530929334455
then 0.545290225543916 0.6714869238075951 0.661079022170944 1.0 0.6895167883542361 0.5304451774109129
hurried 0.5451417165704282 0.6708429605247602 0.6622759684333707 1.0 0.6925856163848813 0.5278714776078851
started 0.5420773850280786 0.6692193281900293 0.6598334681714649 1.0 0.690572883025073 0.5276187255184894
feet 0.5468763007307479 0.6701345289078346 0.6613548761516752 1.0 0.6914790437014291 0.5308532308384116
flashed 0.5420356588818243 0.6684314901506171 0.6614693445058324 1.0 0.6895623018284879 0.5303360690269802
across 0.5435675475080718 0.6706236162406846 0.6615454644000152 1.0 0.6905390830504586 0.5293940280309684
she'd 0.5420356588818243 0.6684314901506171 0.6614693445058324 1.0 0.6895623018284879 0.5303360690269802
never 0.5469928470070082 0.6707847796500773 0.6609183401402682 1.0 0.6906128780466352 0.5308295906781909
before 0.5463891926112517 0.6696345823090861 0.6593622100339263 1.0 0.6894328958475943 0.5287874752633425
seen 0.5441363118695609 0.6662240856415764 0.6580574954377814 1.0 0.6897564540268036 0.5300050899533714
either 0.5450206715429489 0.6680972876969066 0.658727325405586 1.0 0.6892779048522233 0.5298250846090716
take 0.5437452108104266 0.6679188654289451 0.6586735253517072 1.0 0.69050320751086 0.531535536987664
burning 0.5437452108104266 0.6679188654289451 0.6586735253517072 1.0 0.69050320751086 0.531535536987664
curiosity 0.5434559137969981 0.6699194876453228 0.660278657387224 1.0 0.6913988262145311 0.5287743179898706
field 0.5450994250411387 0.6728157264564576 0.6616215837429751 1.0 0.6915158571990624 0.528451993856752
after 0.543923703771607 0.6706513586934204 0.6591396706250231 1.0 0.6890301046251754 0.5297735144732195
fortunately 0.5439020772809717 0.6718788513500014 0.6616372273379852 1.0 0.6918016196866779 0.5306289154203261
just 0.5495059800992064 0.6702262519590154 0.6605518027174135 1.0 0.6906507184728717 0.5312915953348704
see 0.5452378460264922 0.6698774815771648 0.6589705794710137 1.0 0.6885348938180427 0.5308333543568524
pop 0.5424391241502222 0.6707488603405168 0.6607900453529736 1.0 0.6881584336468937 0.5308435675301385
down 0.5463477919939705 0.6710132609667755 0.6603144134662172 1.0 0.689427947218957 0.5312027965159724
large 0.5486892562347191 0.6685740458960919 0.6594773132366379 1.0 0.6894785824189428 0.5304943609555957
hole 0.544970777613597 0.670195092202378 0.6603587888733866 1.0 0.6904754570758721 0.5319406911554898
under 0.5407662122373682 0.6652375964781674 0.6569121375598228 1.0 0.6882559445315146 0.5281319524844906
hedge 0.5410663781373428 0.6714942826671377 0.6603960698777268 1.0 0.690120386212993 0.5311053718127963
another 0.5457177420234203 0.6703035904612417 0.6583544346141217 1.0 0.6891037920577128 0.5308338771521967
moment 0.5463374329778842 0.6718967549305831 0.660956824318939 1.0 0.690298549918144 0.5310999886177593
went 0.5474185135862395 0.670521193740138 0.6602989393595892 1.0 0.6902153789098392 0.5312597284046091
how 0.5461570851544897 0.6688060275083999 0.659996183320358 1.0 0.689757204534528 0.5313465829658474
world 0.5435288594140105 0.6696305084948719 0.6601887128423499 1.0 0.6896038853087512 0.5307057184412908
again 0.548354430758966 0.6699999266298713 0.6607512266230322 1.0 0.6898115534707281 0.5312284668554326
straight 0.5449478161915724 0.6712877400385491 0.6618335603884766 1.0 0.6901035779081259 0.5327641543766163
like 0.5461247338851551 0.6671723707256553 0.6588048968155654 1.0 0.6890574323788958 0.5307069479437286
tunnel 0.5449478161915724 0.6712877400385491 0.6618335603884766 1.0 0.6901035779081259 0.5327641543766163
some 0.5439637196673246 0.6703465853377611 0.6610145539224358 1.0 0.6891985167834024 0.5316966554770458
dipped 0.5439637196673246 0.6703465853377611 0.6610145539224358 1.0 0.6891985167834024 0.5316966554770458
not 0.5478162668891773 0.6688488015968951 0.6585968637884758 1.0 0.6892853712239688 0.530582029144683
about 0.546762410438007 0.670411454873342 0.660303087505703 1.0 0.6905823108077642 0.5311908723229247
stopping 0.5450920006167839 0.6765085244516461 0.663007687960861 1.0 0.6898839653139314 0.5293946126339076
herself 0.5442578029111306 0.6657574210700204 0.6582171673296093 1.0 0.6885947094499951 0.5294655127637213
found 0.5445926993950845 0.6665609186721222 0.6575385993324608 1.0 0.6886801419319654 0.5300776853820617
falling 0.5479586929632876 0.6697533176384004 0.6613908962694273 1.0 0.6895784330713781 0.5309577919544465
deep 0.5436890881362352 0.6715042789226278 0.6604488109699078 1.0 0.6893622380561231 0.5300034342068494
fell 0.5446877735902496 0.6715396649582097 0.6599703390015275 1.0 0.6886018473651138 0.5306355229181982
slowly 0.5459516200404809 0.6725792195071518 0.6624223825299084 1.0 0.6916571079198117 0.5312568069863967
plenty 0.5490517474410095 0.673054488306196 0.6624734634872422 1.0 0.691520074595087 0.5308501680074051
look 0.5448560541544072 0.6674101626692266 0.6601014267790872 1.0 0.6908374278328101 0.5293182017159624
wonder 0.5467312016361715 0.6715821199541845 0.6613641098255983 1.0 0.6895295500058488 0.531468699901223
going 0.5462634353155965 0.6656346481635304 0.6583099007901005 1.0 0.6904010171345709 0.5303309184462267
happen 0.5451099938723475 0.6694114721476168 0.6608468650003987 1.0 0.6904254731924958 0.5297420252700153
next 0.5451099938723475 0.6694114721476168 0.6608468650003987 1.0 0.6904254731924958 0.5297420252700153
first 0.5464860246800262 0.6664075262806457 0.6581964712992467 1.0 0.6899757099837881 0.5292018556714096
tried 0.5459013659705975 0.6707265103292067 0.6592228421205848 1.0 0.6895188349599007 0.5305921776094604
make 0.5415297256799656 0.6651940679143047 0.6588687646793314 1.0 0.6884846473993974 0.5287225516940881
coming 0.5394014066042254 0.665368308679954 0.6602117274630491 1.0 0.6890238080369107 0.5282671939657634
too 0.5465259879329373 0.6653887592569393 0.6587567006063721 1.0 0.6890381005461886 0.5306290587554309
dark 0.5452761307672743 0.667482084192869 0.6578176804378543 1.0 0.6883277241374217 0.5308671070627862
anything 0.544716128630595 0.6732519229967315 0.6623111142942241 1.0 0.6907262963984593 0.5317061007968467
sides 0.5421210406498272 0.6724805943181772 0.6603388461978671 1.0 0.6865426777852206 0.5314458204493643
noticed 0.5449735668526775 0.6677836942791874 0.658759055451695 1.0 0.6876661229014913 0.5308104579066316
they 0.5450170209933778 0.6675533975896242 0.6589634106073298 1.0 0.6886120127885722 0.5310469839508734
were 0.5451942863173491 0.6659166222966121 0.658055551467558 1.0 0.6882352839018926 0.5311448280859047
filled 0.5401912889611968 0.6686897295169164 0.6587162858049914 1.0 0.6871990874798587 0.5318530108599414
cupboards 0.541269999502395 0.6705520039746616 0.6586642085051183 1.0 0.6864289148028452 0.532130225114976
shelves 0.544275854463066 0.6744290679778111 0.6603755860610782 1.0 0.6882004022522993 0.5311230387383908
here 0.5438969643845996 0.6670346418034022 0.6581237161310203 1.0 0.6884876981208555 0.5288260120501272
saw 0.541356165992882 0.6651434573788052 0.6577777962060745 1.0 0.6893468228464809 0.5304819322069038
maps 0.5400024127815443 0.6680678323648082 0.6588251082016311 1.0 0.6906495307527271 0.5291655649588859
hung 0.5422995778837822 0.6700982788652415 0.6594247861972439 1.0 0.6889488261495585 0.531664792773319
upon 0.5468175233098511 0.6679398381912167 0.6588069524846824 1.0 0.6883263583358773 0.5316369915814844
pegs 0.5422995778837822 0.6700982788652415 0.6594247861972439 1.0 0.6889488261495585 0.531664792773319
jar 0.5440849466828649 0.6736054804069173 0.661336845207855 1.0 0.6883409406362447 0.5309977091774901
from 0.5473434515131758 0.6685821895307111 0.659219533904323 1.0 0.6914698793948305 0.5310925112541995
one 0.5457258717673209 0.6716149851704823 0.6594823443742378 1.0 0.6882294553856311 0.5316065238221062
passed 0.5471229905394358 0.6781449978366274 0.6621682435010302 1.0 0.6887790253880469 0.531776782142103
labled 0.5418348634894427 0.6708050432078664 0.6594773077342007 1.0 0.6865581532285593 0.5320189630675192
orange 0.5418348634894427 0.6708050432078664 0.6594773077342007 1.0 0.6865581532285593 0.5320189630675192
marmalade 0.5418348634894427 0.6708050432078664 0.6594773077342007 1.0 0.6865581532285593 0.5320189630675192
great 0.5446227472851232 0.6692703479164159 0.6596320963371468 1.0 0.6868941478171021 0.5321804080718047
disappointment 0.5423976138417591 0.6701112262513196 0.6597265711230603 1.0 0.6855196223970638 0.5332602727197365
empty 0.5417465385598866 0.6699647730802608 0.6589609997009509 1.0 0.6856448633938753 0.5319038622337985
drop 0.5442877297082358 0.6744183679325204 0.6604387194633639 1.0 0.684957932800432 0.5306728325500806
fear 0.5442877297082358 0.6744183679325204 0.6604387194633639 1.0 0.684957932800432 0.5306728325500806
killing 0.5442877297082358 0.6744183679325204 0.6604387194633639 1.0 0.684957932800432 0.5306728325500806
somebody 0.5431850933388441 0.6741625955775986 0.6597803402906937 1.0 0.686323620582765 0.5313813432527381
managed 0.5431850933388441 0.6741625955775986 0.6597803402906937 1.0 0.686323620582765 0.5313813432527381
put 0.547797462049046 0.6743261292940693 0.6611218444959349 1.0 0.6893255331009653 0.5315412726487913
past 0.5423473161711704 0.6724118720658134 0.6586121984977296 1.0 0.6856597373163063 0.5324070811633458
such 0.5458959112367769 0.6709278373672486 0.6582571355753638 1.0 0.6883837688888228 0.5306170450559426
fall 0.5488747209425819 0.6764993279523062 0.6617031040349487 1.0 0.6890991706853998 0.5312176488639154
tumbling 0.5455850027985572 0.6740009106830046 0.6600503174011182 1.0 0.6898483716128494 0.5308992012037627
stairs 0.5455850027985572 0.6740009106830046 0.6600503174011182 1.0 0.6898483716128494 0.5308992012037627
brave 0.5446207754845442 0.6716115212376956 0.6623742608921913 1.0 0.691455989474383 0.5294627497684267
ll 0.5459886956805702 0.667744986559933 0.6594516482663462 1.0 0.6893900787017468 0.5308486758132874
me 0.5467488224250006 0.6680354740866128 0.6589365972581438 1.0 0.6889550173025101 0.5295891703584218
home 0.5465203401406673 0.674793127861235 0.6635647184468965 1.0 0.6919716345720606 0.5304393353503432
why 0.5446866932901181 0.6679256844587853 0.6607136420555082 1.0 0.6909248879613906 0.5298378525846388
n't 0.5478234429924431 0.6743552697844117 0.6611474989009524 1.0 0.6891038928649236 0.5322093308238696
even 0.5497396044250893 0.6714212212992654 0.6601836449461816 1.0 0.6900166219725403 0.5309695695746478
if 0.5469151891674643 0.6670111966259694 0.6590794514220125 1.0 0.6895085720627375 0.5298994435672965
off 0.5467921119944884 0.6691405577402553 0.6592361719734527 1.0 0.6889265552463717 0.5304808060440916
top 0.5475522736786315 0.6757268531609462 0.6626811278969477 1.0 0.6903906498653429 0.5319102376241754
house 0.5475522736786315 0.6757268531609462 0.6626811278969477 1.0 0.6903906498653429 0.5319102376241754
which 0.5457150651181092 0.6671961617623184 0.6580599549036213 1.0 0.6887586905736752 0.5302300412219622
likely 0.5466491939124923 0.6761330639735409 0.6613702668751195 1.0 0.6897601634041317 0.530449788507709
true 0.5466491939124923 0.6761330639735409 0.6613702668751195 1.0 0.6897601634041317 0.530449788507709
come 0.548604043434885 0.6725283413099982 0.6607896410795842 1.0 0.6898626269936877 0.5305775726003926
an 0.5504653679268513 0.6759552202685357 0.6633167468059045 1.0 0.6913682233556961 0.5330499756768499
end 0.5451492087081323 0.6699756891597314 0.6603608618416638 1.0 0.689468975039071 0.5310447513064271
many 0.5440761658885969 0.6672295303890452 0.6578466800440526 1.0 0.6874056961335927 0.5311052504558886
miles 0.5436610342717857 0.6731532282265279 0.6604068799162948 1.0 0.6870654203012517 0.5304959739312953
ve 0.544921955962299 0.6711747905993349 0.6599116739537613 1.0 0.6889370109037437 0.5306241079733615
fallen 0.5467298584980851 0.6736893493693962 0.6620318003543233 1.0 0.6880847451855151 0.5306979166008037
said 0.5452567185985225 0.6653803598646786 0.6574640506860163 1.0 0.6895778527027505 0.5286186969488317
aloud 0.5462160921414023 0.6725077176320031 0.6610954278992327 1.0 0.6900953900315034 0.5305951818700417
must 0.5432782796781337 0.6667011261966453 0.659272437858089 1.0 0.6886036774581333 0.52891123944796
somewhere 0.5439296200500379 0.6705491225989408 0.6590401396435385 1.0 0.6868133059746309 0.5297607804319359
near 0.5420519144890923 0.6694458619774675 0.6590439935803474 1.0 0.6872141954414795 0.5290145088934693
centre 0.5420519144890923 0.6694458619774675 0.6590439935803474 1.0 0.6872141954414795 0.5290145088934693
earth 0.5433979815091818 0.6713072981602576 0.6593264124323295 1.0 0.6874656847844179 0.5303563386348131
let 0.5423984808137636 0.6715729382003158 0.6586152836779141 1.0 0.6870340407754251 0.5298073099269573
four 0.5406090519371426 0.672620049348689 0.6587908771392168 1.0 0.68605168953317 0.5302951395352853
thousand 0.5406090519371426 0.672620049348689 0.6587908771392168 1.0 0.68605168953317 0.5302951395352853
you 0.547975981624002 0.6677522362747442 0.6591021058797496 1.0 0.6891526038277287 0.5314926751948448
learnt 0.5438550073897749 0.6769869394522098 0.6599946161037986 1.0 0.687813616498144 0.5314991033174308
several 0.5467352404705356 0.6698773440847069 0.6591990165433093 1.0 0.6885789660720835 0.5310409356874026
things 0.5444035980371809 0.6659659535863566 0.6561131040232802 1.0 0.6874688274664069 0.5315780616963983
sort 0.5464192130799718 0.6701390278920488 0.6593976757988766 1.0 0.6893031639860029 0.5311034965526202
lessons 0.5444664543964491 0.6760344835291048 0.6605878005183706 1.0 0.6874948243204004 0.5300508798613941
schoolroom 0.5462001265839178 0.6756198106862287 0.6603741913191649 1.0 0.6871997317324721 0.5314396757644151
though 0.5465724157702602 0.6687856284217121 0.6580010043294643 1.0 0.6881515504382226 0.529841028518972
good 0.5448322244003261 0.6704461312094939 0.6587776380808573 1.0 0.6881825929400645 0.5296366576122489
opportunity 0.5477692289279457 0.6764992904950327 0.6615146915263453 1.0 0.6881376153833524 0.5310850851491646
showing 0.5460070058091242 0.6744646508516632 0.6613687163549734 1.0 0.6871393045486839 0.5324329220230668
knowledge 0.5460070058091242 0.6744646508516632 0.6613687163549734 1.0 0.6871393045486839 0.5324329220230668
listen 0.5454483990969095 0.6736666341707676 0.6611959635661887 1.0 0.6891060821245228 0.5324824134408948
still 0.5477145765630642 0.6714089659195068 0.6605093186678889 1.0 0.6893811626808878 0.5324474765991724
practice 0.5453435933638469 0.674708878750984 0.6598418350045349 1.0 0.6886945662080578 0.5303112086637217
yes 0.5469295289707542 0.6751141820456547 0.6615607412116261 1.0 0.6901155244507601 0.5296072587777301
right 0.5460499839999716 0.6722745732245812 0.6600727793605504 1.0 0.6888772471621687 0.5314247673571508
distance 0.5469295289707542 0.6751141820456547 0.6615607412116261 1.0 0.6901155244507601 0.5296072587777301
latitude 0.5474033025627659 0.6735145616935413 0.6607960617339652 1.0 0.6889294277686657 0.5299508944571322
longitude 0.5437296811089737 0.6691426899981758 0.6581384924154661 1.0 0.6890370030514263 0.5289018643072461
got 0.5411633824782955 0.6656662109346819 0.6571312547165519 1.0 0.6902496498649574 0.530933700924701
idea 0.5452572119753365 0.671398666648936 0.659734393631121 1.0 0.6888397784545007 0.5294939981471385
nice 0.5481885675218562 0.6674806826936838 0.6581826117396496 1.0 0.6887488892264788 0.5304959828494757
grand 0.5463285592145225 0.6688771084774896 0.659251957039574 1.0 0.688473966407854 0.5279024373338778
words 0.5467528360305912 0.6674010864608217 0.6582773463478949 1.0 0.6883063386131554 0.5265514555878159
presently 0.5471838867654052 0.6707481663016893 0.6627076467654007 1.0 0.6909569879305252 0.5297797042571499
began 0.5475633971820352 0.6699974507843321 0.661106677558602 1.0 0.6895764993002134 0.531242815657693
through 0.5478084405763646 0.6686235014516031 0.6594003450955138 1.0 0.6892223043067719 0.5315672838903339
funny 0.5460234099622278 0.6708753899187339 0.6596157766382411 1.0 0.6887989906696853 0.5306292255930356
seem 0.5460234099622278 0.6708753899187339 0.6596157766382411 1.0 0.6887989906696853 0.5306292255930356
among 0.5458531814312867 0.6694032354406528 0.6599434349646476 1.0 0.6897887573943835 0.5325060839171808
people 0.5464739667020024 0.668450765649092 0.6592798637259467 1.0 0.6901434406796308 0.5307756921555148
walk 0.5481796702099407 0.6732593165294574 0.6634635760460087 1.0 0.6908862391989703 0.533871594607774
their 0.5463387879983138 0.6688992400309575 0.6586958976803174 1.0 0.6888598064123569 0.5330170805273846
heads 0.5476129824798641 0.6765220787955637 0.6617506447167009 1.0 0.6899025495014676 0.5315704884076141
downward 0.5476129824798641 0.6765220787955637 0.6617506447167009 1.0 0.6899025495014676 0.5315704884076141
antipathies 0.5476129824798641 0.6765220787955637 0.6617506447167009 1.0 0.6899025495014676 0.5315704884076141
rather 0.5459050745520343 0.6693852841766554 0.6595422519207679 1.0 0.6890501238706507 0.5309145545717954
glad 0.5444822587392321 0.675029705957213 0.6612147606274803 1.0 0.6884103886606384 0.5318218210627301
listening 0.5438823144523538 0.6718554530738949 0.6596358701648679 1.0 0.6859287858697658 0.5320025875235908
sound 0.5439477829557634 0.6748690691183489 0.6598456445302335 1.0 0.6857847892380604 0.5339959038364973
word 0.5439477829557634 0.6748690691183489 0.6598456445302335 1.0 0.6857847892380604 0.5339959038364973
ask 0.5448750455973445 0.670942156908686 0.6590895301673296 1.0 0.6872109812135777 0.5310205299970885
them 0.5450219707060072 0.6692220649372379 0.6567217612814095 1.0 0.6867432407132025 0.5312853092422684
name 0.5479729412648964 0.6776252536577195 0.6608061318015961 1.0 0.6871027701774897 0.5297041978350167
country 0.5479729412648964 0.6776252536577195 0.6608061318015961 1.0 0.6871027701774897 0.5297041978350167
is 0.5463276343659491 0.6688639628865827 0.6589433346722003 1.0 0.6894932882200329 0.528473294810384
know 0.5459179811052512 0.6687344427487681 0.6602964558631571 1.0 0.6894062129612558 0.531699986297349
please 0.5467101914017004 0.6683678566983964 0.6596233240000257 1.0 0.6900901780107211 0.5270446442603915
ma'am 0.5467101914017004 0.6683678566983964 0.6596233240000257 1.0 0.6900901780107211 0.5270446442603915
new 0.5486679903406738 0.6717803205971733 0.6617343855048162 1.0 0.6886462245062 0.528488029535048
zeland 0.5486679903406738 0.6717803205971733 0.6617343855048162 1.0 0.6886462245062 0.528488029535048
australia 0.5486679903406738 0.6717803205971733 0.6617343855048162 1.0 0.6886462245062 0.528488029535048
curtsey 0.5496826546074846 0.681041092901682 0.6625445387448664 1.0 0.6880760895778022 0.5275588877724688
spoke 0.5513714442268317 0.6764049904182592 0.661650255146945 1.0 0.6872463492076492 0.5317269472548012
fancy 0.5470598390299501 0.6694535429838969 0.6587611506637903 1.0 0.6876478706706425 0.5306658020894711
curtseying 0.5513714442268317 0.6764049904182592 0.661650255146945 1.0 0.6872463492076492 0.5317269472548012
re 0.5515117741732536 0.6682999680462754 0.6607825448852144 1.0 0.6902451334122122 0.5319824757936799
air 0.5505824466187759 0.6706656610816327 0.6611374739381212 1.0 0.690100086320941 0.5320826293226079
manage 0.547954100100658 0.6687121794697328 0.6589494266198773 1.0 0.6886536427524131 0.532825228359549
ignorant 0.5480191084053831 0.6712841280388802 0.6619970772011143 1.0 0.6904187824512642 0.5343871772881634
little 0.5470227574418233 0.6667905384081955 0.6580540716844049 1.0 0.6898039033253734 0.5306296408710327
girl 0.5480191084053831 0.6712841280388802 0.6619970772011143 1.0 0.6904187824512642 0.5343871772881634
asking 0.5469496802521135 0.6681734431705597 0.6598549221445663 1.0 0.688188166823388 0.5326352407987399
perhaps 0.5457993461514901 0.6716476948264387 0.6590363020843413 1.0 0.686414120119535 0.5305038806299984
written 0.5457993461514901 0.6716476948264387 0.6590363020843413 1.0 0.686414120119535 0.5305038806299984
else 0.5519848595331158 0.6731206542791499 0.6617675795259944 1.0 0.6888154887267033 0.5307030223160555
soon 0.5460055932009152 0.6665883507635662 0.6584693556913499 1.0 0.6885683549778749 0.5286678551756516
talking 0.5494404917725113 0.6685773771261169 0.6600601132599495 1.0 0.6894149343859414 0.5320970440602343
dinah 0.549332222375057 0.6705166368705263 0.6604484156951107 1.0 0.6894261005757253 0.5320388408326937
miss 0.5502851525897176 0.6678447597943566 0.6604709778713489 1.0 0.6883832066495812 0.5332588529796781
night 0.549731783998162 0.6718602666647744 0.6601206675401146 1.0 0.6893991726490752 0.5314220155003003
should 0.5479284658150813 0.6708435100679052 0.6594085572726025 1.0 0.6879084881100829 0.5311003144953894
cat 0.5479398849851178 0.6708749044328755 0.6604154382891553 1.0 0.6897557356327159 0.530523049140931
hope 0.5484717835616212 0.6676562528003426 0.6624876146833024 1.0 0.6916489631845438 0.533434398590328
remember 0.5454141262842946 0.6660269509111145 0.6576594400562226 1.0 0.6894294112205065 0.5316428456866459
saucer 0.5484717835616212 0.6676562528003426 0.6624876146833024 1.0 0.6916489631845438 0.533434398590328
milk 0.5482431634353441 0.668183487368817 0.6606980813484843 1.0 0.6891552545500604 0.5316536534625673
tea 0.5482431634353441 0.668183487368817 0.6606980813484843 1.0 0.6891552545500604 0.5316536534625673
my 0.5474266183168769 0.6644706375840324 0.658201367611196 1.0 0.6895350380629411 0.531473548130944
wish 0.5475678814691531 0.666834317376949 0.6583832395323816 1.0 0.689966562925273 0.5321976260504003
are 0.5477074283941502 0.6709209768643705 0.6610902525274402 1.0 0.689078870451129 0.5329377643039239
mice 0.5496548288831486 0.6730270016079878 0.6614917499765095 1.0 0.689955306093866 0.5321825985845452
m 0.5496548288831486 0.6730270016079878 0.6614917499765095 1.0 0.689955306093866 0.5321825985845452
afraid 0.5496548288831486 0.6730270016079878 0.6614917499765095 1.0 0.689955306093866 0.5321825985845452
might 0.5471914367216676 0.668357826691507 0.6585646435467181 1.0 0.6893096429762957 0.5307834611691117
catch 0.5494115633514353 0.6722609034110916 0.6633211644884306 1.0 0.6909921948463472 0.5349261286752197
bat 0.550788275230182 0.6713077079332096 0.6619547139280169 1.0 0.691912969217444 0.5332972253564727
mouse 0.5472499576176119 0.6688523480673769 0.661855391014845 1.0 0.6913991139380928 0.5344175064822485
cats 0.5483146768411921 0.6703014355879889 0.6605694546471578 1.0 0.688540297202704 0.5335168486803975
eat 0.5460276154775412 0.667453154399243 0.6592010988992292 1.0 0.6889376140210628 0.5316122439297676
bats 0.5476984903880003 0.6707476077053065 0.6612916019947778 1.0 0.6899492856372977 0.5337050401543377
saying 0.5479049934920328 0.6705335217322594 0.6596281329828398 1.0 0.6879740500630425 0.53229870932251
dreamy 0.5478112087993325 0.6703473099985519 0.6603498465760155 1.0 0.6879935130802255 0.5329348643262564
sometimes 0.5454631507524597 0.6650487869003668 0.6580238343991414 1.0 0.6893817912737078 0.5321995868857767
couldn't 0.5490038003908869 0.6696571306271588 0.658837182505335 1.0 0.6884061165820147 0.5313154676257601
answer 0.5490038003908869 0.6696571306271588 0.658837182505335 1.0 0.6884061165820147 0.5313154676257601
question 0.5490038003908869 0.6696571306271588 0.658837182505335 1.0 0.6884061165820147 0.5313154676257601
matter 0.5517654836428961 0.6724730448858373 0.6605589429423113 1.0 0.6905009717879484 0.5306603992570028
felt 0.5483154243704271 0.6693657232347378 0.6603735360694732 1.0 0.6914955030172627 0.5316352147677909
dozing 0.5540291210229392 0.6727125600770768 0.6614957034099832 1.0 0.6900959562488513 0.5325891980998101
begun 0.5445644417807367 0.6652458214870325 0.6556497153702501 1.0 0.6881675999768886 0.5319750048984314
dream 0.5474234218487626 0.6694478657593198 0.657267664002085 1.0 0.6890005622844552 0.5310816099780256
walking 0.5474234218487626 0.6694478657593198 0.657267664002085 1.0 0.6890005622844552 0.5310816099780256
hand 0.5477116894116784 0.6700850896730915 0.658088118849825 1.0 0.6884765950541643 0.5313722326334355
earnestly 0.548190313873884 0.6705801089260388 0.6596770174093106 1.0 0.6888546773667198 0.5319567283434046
now 0.5475593280397426 0.6667455814632021 0.6591769363323625 1.0 0.6894417828720072 0.5304358948825987
tell 0.5525415071927687 0.6731808962173568 0.6625589995885885 1.0 0.690867005967004 0.5309313905512663
truth 0.5525415071927687 0.6731808962173568 0.6625589995885885 1.0 0.690867005967004 0.5309313905512663
ever 0.5465579901069482 0.6667032247258139 0.6582527399343407 1.0 0.6904493408306052 0.5313927103867782
thump 0.5502052680890798 0.666698272505599 0.6610329746084538 1.0 0.6917281198346382 0.5328846640839544
came 0.5482304162743697 0.6667035637585351 0.6586382645868726 1.0 0.6880155407374094 0.5319265499756889
heap 0.5497774634692921 0.6669894544307895 0.660471245644049 1.0 0.6906897243668582 0.5318480309194943
sticks 0.5497774634692921 0.6669894544307895 0.660471245644049 1.0 0.6906897243668582 0.5318480309194943
dry 0.5497774634692921 0.6669894544307895 0.660471245644049 1.0 0.6906897243668582 0.5318480309194943
leaves 0.5497774634692921 0.6669894544307895 0.660471245644049 1.0 0.6906897243668582 0.5318480309194943
bit 0.5526070412611345 0.6693146298832048 0.6616886337681253 1.0 0.690650598182183 0.5314394536302913
hurt 0.5526070412611345 0.6693146298832048 0.6616886337681253 1.0 0.690650598182183 0.5314394536302913
jumped 0.5526070412611345 0.6693146298832048 0.6616886337681253 1.0 0.690650598182183 0.5314394536302913
overhead 0.5520749523602005 0.6734314692035961 0.6595154513445707 1.0 0.689398767179984 0.5332192414600381
long 0.5479603780927187 0.6635866838940548 0.6575828471046606 1.0 0.688100428084511 0.5305039373680137
passage 0.5487932851165995 0.6697318489911025 0.6592332052324607 1.0 0.6904555307790162 0.5310305646799615
sight 0.5499938995311274 0.6691382015260643 0.6598186907223846 1.0 0.6896578389075091 0.5324123370979819
hurrying 0.5499938995311274 0.6691382015260643 0.6598186907223846 1.0 0.6896578389075091 0.5324123370979819
lost 0.5526278555375969 0.6691751563012901 0.6609387248956708 1.0 0.6911185363723373 0.5315771451218176
away 0.5526278555375969 0.6691751563012901 0.6609387248956708 1.0 0.6911185363723373 0.5315771451218176
wind 0.5505919954123631 0.6660809630468618 0.6585191577555554 1.0 0.6900530272648557 0.5306563289448034
turned 0.5463602658895389 0.6618343822729474 0.65768572235816 1.0 0.6905953320577958 0.5320147392650524
corner 0.5463602658895389 0.6618343822729474 0.65768572235816 1.0 0.6905953320577958 0.5320147392650524
ears 0.5426587073786168 0.6592315889929803 0.6565254299507408 1.0 0.687691534288418 0.5300368787567524
whiskers 0.5456582944466656 0.6600829797448076 0.6578401747582755 1.0 0.6883429091608365 0.5313098320898362
it's 0.5447931676216989 0.6628859970384516 0.6583154701354069 1.0 0.6896161505698969 0.5311869397656575
behind 0.5495803175092986 0.6669770543108363 0.660263620387625 1.0 0.691648738237637 0.5318121936704941
longer 0.5441689921193087 0.6607056480011223 0.6574159954899503 1.0 0.6894624393956524 0.5311602204908202
low 0.5463094349886868 0.6633221737023416 0.6561193539410095 1.0 0.6866523524143484 0.5300846520358355
hall 0.5469418106169166 0.6650975203902832 0.6572596429170521 1.0 0.6885416041385812 0.5304743705869494
lit 0.5464714579828521 0.6630225759691096 0.6564072703787108 1.0 0.6874056872272362 0.5306381559591506
row 0.5464714579828521 0.6630225759691096 0.6564072703787108 1.0 0.6874056872272362 0.5306381559591506
lamps 0.5464714579828521 0.6630225759691096 0.6564072703787108 1.0 0.6874056872272362 0.5306381559591506
hanging 0.5464714579828521 0.6630225759691096 0.6564072703787108 1.0 0.6874056872272362 0.5306381559591506
roof 0.547844797246501 0.6646723920468627 0.6566765566310065 1.0 0.6879775046000103 0.5311703284455773
doors 0.5497479731028179 0.6678174920677564 0.6586924291813124 1.0 0.6898904461829702 0.5307370805727958
around 0.5461747076817748 0.6659794869157403 0.6571631133899125 1.0 0.6880149735063061 0.5308739089307098
locked 0.5447739742640975 0.663166666648266 0.656704869127306 1.0 0.6873089936770359 0.5320535617583385
been 0.5464664329675378 0.6670873530610012 0.6582390311835905 1.0 0.6883626641965598 0.5324534755028175
side 0.5464664329675378 0.6670873530610012 0.6582390311835905 1.0 0.6883626641965598 0.5324534755028175
other 0.5472697031499697 0.6656920003237058 0.6565536827851894 1.0 0.687480247629426 0.5331489171935943
trying 0.5442346685864575 0.6641490029266649 0.6565591393811459 1.0 0.6871270887997524 0.5298051046319889
every 0.5473047213371046 0.667770957253405 0.657918926257558 1.0 0.6880578873998469 0.5331352473620682
door 0.5459613732619327 0.666484988271141 0.6580895505680642 1.0 0.6903229043509015 0.5303507035032958
walked 0.5493394954357518 0.6692310980606708 0.6576965140810105 1.0 0.6863198145073074 0.5321943672423493
sadly 0.5493394954357518 0.6692310980606708 0.6576965140810105 1.0 0.6863198145073074 0.5321943672423493
middle 0.5493394954357518 0.6692310980606708 0.6576965140810105 1.0 0.6863198145073074 0.5321943672423493
wondering 0.5493592896485543 0.6692083710079375 0.6595038577632703 1.0 0.689903604472625 0.5321809704557511
three 0.5486082582860717 0.6685834175408161 0.6575557682772757 1.0 0.6904435506681322 0.532408065949156
legged 0.5486082582860717 0.6685834175408161 0.6575557682772757 1.0 0.6904435506681322 0.532408065949156
table 0.5463179019206988 0.6672736064294481 0.65742481068814 1.0 0.6905496902193807 0.5295019548287168
solid 0.5482172225271491 0.6669621601424295 0.6578204343743039 1.0 0.688246865840103 0.5319832498423317
glass 0.5441278402683476 0.6665410327158567 0.656591529951018 1.0 0.6866967860823622 0.5301848163316046
except 0.5466554801101695 0.6672135388564558 0.6564208964111127 1.0 0.6840587932429613 0.5306798605277507
tiny 0.5466554801101695 0.6672135388564558 0.6564208964111127 1.0 0.6840587932429613 0.5306798605277507
golden 0.54861155880043 0.6678783939424281 0.6579192701486898 1.0 0.688768215133928 0.5313861278146814
key 0.5481630809921918 0.6679659514748004 0.6580261474301732 1.0 0.6892719091987513 0.5304511879261304
belong 0.551667775099724 0.6709900676763323 0.6607259123903076 1.0 0.6918200992198884 0.5303000478474379
alas 0.5475046926389716 0.667867063418006 0.6583950745758296 1.0 0.6916293593465658 0.5306255290256168
locks 0.5513894902980513 0.6697638837388022 0.6610579908522611 1.0 0.6898023062859544 0.5326963901157142
small 0.5463233737759859 0.6667332823155852 0.6584144450985798 1.0 0.6891427163342736 0.5303107490563539
any 0.54752412298973 0.668647031455973 0.6579342757548621 1.0 0.6885118560949809 0.5310869787113526
rate 0.5488701651287624 0.670486288211923 0.6583900756359686 1.0 0.6887946182046999 0.5314555453001789
open 0.5473543825293243 0.6697757812371582 0.6576329028334271 1.0 0.6876666241660739 0.5313751333326522
however 0.5462409596814212 0.6651898829164891 0.6561299725448748 1.0 0.6883640535108789 0.5291605685671347
second 0.5455955927767641 0.6661130446624044 0.6560516002068288 1.0 0.6855791408386801 0.5305568057322833
round 0.5465743241701916 0.6659264261949678 0.6563937816814125 1.0 0.6868139654327406 0.5237235033999733
curtain 0.5463144627499026 0.6654644618705238 0.6561600261402252 1.0 0.6852926832478787 0.5296119240663625
fifteen 0.5515355993634213 0.6694549260096045 0.6600176889511122 1.0 0.6922499758977562 0.5336842955368234
inches 0.5488837004820886 0.667613270120313 0.6596745674954946 1.0 0.6921964199008619 0.5331662010409314
high 0.5488837004820886 0.667613270120313 0.6596745674954946 1.0 0.6921964199008619 0.5331662010409314
lock 0.5468558732216053 0.6684264492169025 0.6595372822057084 1.0 0.688273610417422 0.5310966646404262
delight 0.5468558732216053 0.6684264492169025 0.6595372822057084 1.0 0.688273610417422 0.5310966646404262
fitted 0.5456675057144375 0.6679231761669079 0.6574014649666439 1.0 0.6882317682716768 0.5312893447554206
opened 0.5443804075346489 0.6659935940408527 0.6572092113523301 1.0 0.6890512360796365 0.5305285651293871
led 0.5504133738777764 0.6702704089646306 0.6608936066806829 1.0 0.6926142494266921 0.5324276361949211
larger 0.547105236416158 0.6677848882994732 0.657937309247918 1.0 0.6897428743606265 0.5279455096325674
than 0.5488825162161168 0.6678096760892691 0.6588485487829819 1.0 0.6912005692802669 0.5319501393828016
rat 0.5488825162161168 0.6678096760892691 0.6588485487829819 1.0 0.6912005692802669 0.5319501393828016
knelt 0.5488825162161168 0.6678096760892691 0.6588485487829819 1.0 0.6912005692802669 0.5319501393828016
along 0.5460263935331262 0.6691753664489526 0.6578104019306057 1.0 0.6898920343035798 0.5301564831879964
loveliest 0.5475706455164863 0.6707595268928181 0.6588627165585631 1.0 0.6910068156974305 0.5316466732082413
garden 0.5460181420884853 0.6678521297748501 0.6578505910424156 1.0 0.6905871883664277 0.5296971232662379
longed 0.5436750767626057 0.6623027215371671 0.655108612634205 1.0 0.6863534971494478 0.5301642735206403
wander 0.5435367832441342 0.6655638791860367 0.6564385616576279 1.0 0.6886960356559841 0.5311464958042919
those 0.5443816189974422 0.6664084578109625 0.6567749779338535 1.0 0.6881915373298277 0.5318330417577204
beds 0.5452257163649544 0.6672522982748227 0.6571111001825136 1.0 0.6876874799348188 0.532518987670516
bright 0.5452257163649544 0.6672522982748227 0.6571111001825136 1.0 0.6876874799348188 0.532518987670516
flowers 0.5452257163649544 0.6672522982748227 0.6571111001825136 1.0 0.6876874799348188 0.532518987670516
cool 0.5452257163649544 0.6672522982748227 0.6571111001825136 1.0 0.6876874799348188 0.532518987670516
fountains 0.547202778630884 0.6677944838904156 0.6580809069653255 1.0 0.6875874656984364 0.5296205552664687
head 0.5507145671606918 0.6692675913753753 0.6587464095208722 1.0 0.6894939930741881 0.5304761963864523
doorway 0.5495408275203796 0.6705121755560535 0.6580150877594977 1.0 0.6898282291015356 0.5301503962850216
go 0.550026912685567 0.6660339267136232 0.6594890024929646 1.0 0.6898347005676536 0.5315325497388366
poor 0.5443040799698554 0.6646534187590141 0.6575947565763535 1.0 0.6896197336416947 0.5284573929535243
shoulders 0.5469867739038218 0.6633787776872496 0.656047051769601 1.0 0.6894917581119245 0.5298285714857593
shut 0.547209347010816 0.6636735967581584 0.656851228815264 1.0 0.6897460109873575 0.5305805669533343
telescope 0.5451208969739322 0.6617986196268628 0.6566343465215626 1.0 0.6890053086493201 0.5307766052925773
only 0.546307900737777 0.6673809202688269 0.6599163022099239 1.0 0.6909825542941633 0.5320481168775387
begin 0.5463684195688521 0.6689806748207164 0.6604996111254109 1.0 0.689820983124561 0.5314445822154614
happened 0.5423760254751077 0.6654952656714267 0.6557220579175783 1.0 0.68780469069366 0.5306333554085944
lately 0.541718494902182 0.6610629330108208 0.6540391424565287 1.0 0.6873384348820758 0.5328643271128397
few 0.5442184128471208 0.6636769834404737 0.655940025409643 1.0 0.6883902315760313 0.5302564518581749
indeed 0.5445254102877399 0.6622223947843772 0.6561156224491581 1.0 0.6881750633344926 0.5308762238229792
really 0.5463900585196975 0.6672139876560558 0.657401504498103 1.0 0.6885539717843374 0.5317980507307228
impossible 0.5463900585196975 0.6672139876560558 0.657401504498103 1.0 0.6885539717843374 0.5317980507307228
waiting 0.5468827084018215 0.6690038114675886 0.6583914343404866 1.0 0.6916753263969486 0.5279497057990091
back 0.5483799861645513 0.6691538307834085 0.658530097248551 1.0 0.6911641925388471 0.5305147300558496
half 0.5505713962585634 0.6722354591869011 0.658899346756903 1.0 0.691060065557381 0.5325021736664609
hoping 0.5505713962585634 0.6722354591869011 0.658899346756903 1.0 0.691060065557381 0.5325021736664609
find 0.5474298911498812 0.6675498077510107 0.6563966869421156 1.0 0.68884434369892 0.5303625521312141
rules 0.5459010033260745 0.6676720059984388 0.6553965972487042 1.0 0.6877656871202383 0.5311777655263176
shutting 0.5469036370317394 0.6681233758412498 0.6590618254875971 1.0 0.6896802593395884 0.5301566701611456
telescopes 0.5492918980364266 0.6722951310126061 0.6586225580268806 1.0 0.6893613184039545 0.5315031440226922
bottle 0.5474292902782086 0.667050308837911 0.656732409072444 1.0 0.6902291522812987 0.5270307098596385
certainly 0.5459733775614345 0.667221008642534 0.6569019772070319 1.0 0.6885139352473877 0.5314151786934361
neck 0.5475503082071084 0.6657403315765308 0.6567350026324976 1.0 0.6880453238016336 0.5169093825486885
paper 0.5475503082071084 0.6657403315765308 0.6567350026324976 1.0 0.6880453238016336 0.5169093825486885
label 0.5560347461589965 0.6743500759875727 0.6601867629294006 1.0 0.6894394875886964 0.5236873600695047
drink 0.5527770827205991 0.6700157197642056 0.658990624126735 1.0 0.690452746654742 0.5271579895658517
beautifully 0.5463300607682866 0.6638701937519201 0.6568793580264124 1.0 0.6875256126172067 0.5278721944922307
printed 0.5559441183054671 0.672792808470253 0.6590282971656052 1.0 0.6886615593075012 0.5278649219569495
letters 0.5522387619965741 0.665207764215363 0.65658220475139 1.0 0.6904751289864849 0.527941195926821
wise 0.5489529869797153 0.6636678245630471 0.6568633055481122 1.0 0.6899259573846475 0.5306842670320548
hurry 0.5501052123129528 0.6640164492289922 0.6561855309935474 1.0 0.6865277272283031 0.5300865645319138
marked 0.5477427893315363 0.6654215161771048 0.6574269746853769 1.0 0.6913141616404529 0.5297788020180834
poison 0.5511761869605858 0.6669618808167099 0.6580244601390179 1.0 0.6928302716202501 0.5304982943130816
read 0.5506999827266209 0.6658571146749709 0.6579834298823238 1.0 0.6909039585132412 0.5321452809444868
histories 0.5490184181817869 0.6636811479315835 0.657801423066419 1.0 0.6896699848823414 0.5320372717548071
children 0.5481607367801885 0.6616661489376455 0.6566260043878502 1.0 0.6884296244803957 0.5320161894178252
who 0.5481607367801885 0.6616661489376455 0.6566260043878502 1.0 0.6884296244803957 0.5320161894178252
d 0.5462335633194556 0.6636181373380892 0.6567226745267877 1.0 0.6882670736707118 0.5309956008074
gotten 0.5481607367801885 0.6616661489376455 0.6566260043878502 1.0 0.6884296244803957 0.5320161894178252
burnt 0.5481607367801885 0.6616661489376455 0.6566260043878502 1.0 0.6884296244803957 0.5320161894178252
eaten 0.547193891308903 0.6645446662782463 0.6579822814892355 1.0 0.6871634291918234 0.5333635442149386
wild 0.547193891308903 0.6645446662782463 0.6579822814892355 1.0 0.6871634291918234 0.5333635442149386
beasts 0.547193891308903 0.6645446662782463 0.6579822814892355 1.0 0.6871634291918234 0.5333635442149386
unpleasant 0.5472348435792309 0.6636224601195054 0.655194623242288 1.0 0.6869052243033755 0.533162525107026
because 0.5472348435792309 0.6636224601195054 0.655194623242288 1.0 0.6869052243033755 0.533162525107026
simple 0.5457317900704559 0.6653649903107909 0.6543067333245647 1.0 0.6856331851547122 0.5315636760006848
friends 0.5445138202743466 0.6645768565381222 0.6539694360519256 1.0 0.6868508922042664 0.5321699537495078
taught 0.5445138202743466 0.6645768565381222 0.6539694360519256 1.0 0.6868508922042664 0.5321699537495078
red 0.5476351640610602 0.6663678421781916 0.6568647698981378 1.0 0.6857593353706791 0.5302164158185529
poker 0.550637887222094 0.6646577357092458 0.6580197694828983 1.0 0.6864767797955055 0.5312447508497673
will 0.550637887222094 0.6646577357092458 0.6580197694828983 1.0 0.6864767797955055 0.5312447508497673
burn 0.550637887222094 0.6646577357092458 0.6580197694828983 1.0 0.6864767797955055 0.5312447508497673
hold 0.550637887222094 0.6646577357092458 0.6580197694828983 1.0 0.6864767797955055 0.5312447508497673
cut 0.5476261484786166 0.6598372957734965 0.6576683614769057 1.0 0.6874192758530665 0.5304394920089863
your 0.5540194382773931 0.665646775346581 0.6613439043667756 1.0 0.6918784002319291 0.5294405272273849
finger 0.5540194382773931 0.665646775346581 0.6613439043667756 1.0 0.6918784002319291 0.5294405272273849
deeply 0.5540194382773931 0.665646775346581 0.6613439043667756 1.0 0.6918784002319291 0.5294405272273849
knife 0.5540194382773931 0.665646775346581 0.6613439043667756 1.0 0.6918784002319291 0.5294405272273849
usually 0.5530653274270366 0.6664770529706794 0.6609922237843473 1.0 0.6946984951761112 0.5330428886236713
bleeds 0.5530653274270366 0.6664770529706794 0.6609922237843473 1.0 0.6946984951761112 0.5330428886236713
forgotten 0.5468139763686823 0.6663051804653087 0.658278014099351 1.0 0.6904215204908692 0.5299140009768242
almost 0.5528343541997568 0.6678809149632472 0.6600628673399977 1.0 0.69432013463116 0.5312525678794434
certain 0.5528343541997568 0.6678809149632472 0.6600628673399977 1.0 0.69432013463116 0.5312525678794434
disagree 0.5528343541997568 0.6678809149632472 0.6600628673399977 1.0 0.69432013463116 0.5312525678794434
sooner 0.5491436064207622 0.6666329082480683 0.6582781448109285 1.0 0.6923961647617088 0.5307639448515055
later 0.5491436064207622 0.6666329082480683 0.6582781448109285 1.0 0.6923961647617088 0.5307639448515055
ventured 0.549101402282906 0.668423018981353 0.6578373915545157 1.0 0.6904895289329943 0.5304120379634841
taste 0.549101402282906 0.668423018981353 0.6578373915545157 1.0 0.6904895289329943 0.5304120379634841
finding 0.546206618065957 0.669316696915254 0.6578053472759108 1.0 0.6896837094123655 0.5300828593352785
fact 0.5468131852030198 0.663761027616725 0.6571588464670693 1.0 0.6909550495663104 0.5300572574956658
mixed 0.5468131852030198 0.663761027616725 0.6571588464670693 1.0 0.6909550495663104 0.5300572574956658
flavor 0.5468131852030198 0.663761027616725 0.6571588464670693 1.0 0.6909550495663104 0.5300572574956658
cherry 0.544655984313621 0.6627990271428477 0.6572165771664703 1.0 0.689418903062526 0.5299460836178043
tart 0.544655984313621 0.6627990271428477 0.6572165771664703 1.0 0.689418903062526 0.5299460836178043
custard 0.5442011961552343 0.6625739648575671 0.6555868656004782 1.0 0.690776822930341 0.5291615347955815
pine 0.5442011961552343 0.6625739648575671 0.6555868656004782 1.0 0.690776822930341 0.5291615347955815
apple 0.5442011961552343 0.6625739648575671 0.6555868656004782 1.0 0.690776822930341 0.5291615347955815
roast 0.5442011961552343 0.6625739648575671 0.6555868656004782 1.0 0.690776822930341 0.5291615347955815
turkey 0.5428424563011235 0.665950004740497 0.6573595924912523 1.0 0.6880170598046804 0.5301439199371895
toffee 0.5428424563011235 0.665950004740497 0.6573595924912523 1.0 0.6880170598046804 0.5301439199371895
buttered 0.5428424563011235 0.665950004740497 0.6573595924912523 1.0 0.6880170598046804 0.5301439199371895
toast 0.5428771401563199 0.661293243545935 0.6567250165056884 1.0 0.6880616630574153 0.530411369302157
finished 0.5431101285741615 0.6611577271614691 0.6574446619849814 1.0 0.6901645347168057 0.5283293044553607
curious 0.5453026923007871 0.6654627030561286 0.6589237950378184 1.0 0.6923772491683329 0.5297115695213552
feeling 0.5463303782710409 0.6679693180266885 0.6599435207456454 1.0 0.6916638694430701 0.5323521800375808
ten 0.5462474311896633 0.6657824684625541 0.6593334683067643 1.0 0.6921431795488139 0.5326511600566355
face 0.5462474311896633 0.6657824684625541 0.6593334683067643 1.0 0.6921431795488139 0.5326511600566355
brightened 0.5508429234955895 0.6730549260937927 0.6606687121355935 1.0 0.6903937912170837 0.5324727984966665
size 0.5489499797056515 0.6680334478475325 0.6588407286948726 1.0 0.6917477461749565 0.5311641418374271
lovely 0.5456023322416005 0.6648017997612732 0.6564163462567272 1.0 0.6897270482497766 0.5287166362584087
waited 0.5447605307188336 0.6630364429731986 0.6554151338445082 1.0 0.6877167933560813 0.5284462854961336
minutes 0.5439673973799789 0.6639463302811472 0.6568898377548789 1.0 0.6880314150487014 0.5289272340700967
shrink 0.5450022543935437 0.6638420512368824 0.6573239169994917 1.0 0.6887906916093351 0.5300622228148398
further 0.5450022543935437 0.6638420512368824 0.6573239169994917 1.0 0.6887906916093351 0.5300622228148398
nervous 0.5441928833754032 0.6642703415538986 0.6582808770142116 1.0 0.6906343688406222 0.5315678008948376
altogether 0.5446904698540368 0.6608965654071934 0.6577289246497753 1.0 0.6904961673106756 0.5316092365586634
candle 0.5440693941878861 0.6643314491338659 0.657006562504994 1.0 0.6890295841579072 0.5296497007423451
flame 0.5427489265809297 0.6625032124422279 0.6558725103745632 1.0 0.6880493276209725 0.5296048274188895
blown 0.5464117020020407 0.6646772767339362 0.6581283292626379 1.0 0.6909024618081059 0.5281561427900254
thing 0.542764088043568 0.6657503763317161 0.6565448354940684 1.0 0.6898247158637698 0.5258581614262505
while 0.5403083057086059 0.6665795774666167 0.6563403836928151 1.0 0.6867804613805787 0.5285147491938726
more 0.5433238092460478 0.6702066778039586 0.6577734355608857 1.0 0.6888812234765496 0.5297550424820705
decided 0.5448759033578535 0.6679851583376942 0.658269341113118 1.0 0.6910263604009301 0.5287211939108957
possibly 0.5452231339202794 0.6676609083995322 0.6579020860004972 1.0 0.6912840942029915 0.5299725460800596
reach 0.5447630187004368 0.6672519262663325 0.6574235390343055 1.0 0.690988596619407 0.5277163667920536
plainly 0.544193919691066 0.6696865617753126 0.6578583913276062 1.0 0.6864164831505996 0.5322433886694263
best 0.5452984633973328 0.673733041378034 0.6577647615202901 1.0 0.6882868667059211 0.5322342636611586
climb 0.5452984633973328 0.673733041378034 0.6577647615202901 1.0 0.6882868667059211 0.5322342636611586
legs 0.5465216449587016 0.6674097078006618 0.6575780892333463 1.0 0.6916832761818938 0.5260610898137184
slippery 0.5421649125381381 0.6608616039891259 0.6551698666563017 1.0 0.6889238638903818 0.5281055572231528
sat 0.543488946414976 0.6664346174969099 0.6568782647493069 1.0 0.6886160661738945 0.5217887191201555
cried 0.5431246984400184 0.6615965240781895 0.6552904912824296 1.0 0.6883652409149046 0.5226973619674131
crying 0.5442897257824829 0.6628112849421108 0.6555935700231804 1.0 0.6872588139132066 0.5269974190875997
sharply 0.5471685653538527 0.6624420607266994 0.6568434917755435 1.0 0.6903725455952773 0.5290779676050337
advise 0.5433118145575914 0.6616708596876594 0.6532394357526804 1.0 0.6868790578553352 0.5271645925814857
leave 0.5433118145575914 0.6616708596876594 0.6532394357526804 1.0 0.6868790578553352 0.5271645925814857
minute 0.5403700418660063 0.6599915016480017 0.6528817609766341 1.0 0.6846496120877985 0.525157865095878
generally 0.5413790508045173 0.6601244830191922 0.6549726747023504 1.0 0.6877163432728194 0.5275118582420847
gave 0.5413790508045173 0.6601244830191922 0.6549726747023504 1.0 0.6877163432728194 0.5275118582420847
advice 0.5413790508045173 0.6601244830191922 0.6549726747023504 1.0 0.6877163432728194 0.5275118582420847
seldom 0.5439964841955767 0.660213801069337 0.6556061356957203 1.0 0.6874404974759319 0.5279298130617287
followed 0.5439964841955767 0.660213801069337 0.6556061356957203 1.0 0.6874404974759319 0.5279298130617287
scolded 0.5437401010081973 0.6583200609858311 0.6547872224890171 1.0 0.6885026420984953 0.5310985734398039
severely 0.5422829499610141 0.6587714820298121 0.6572590252570087 1.0 0.6871870780284659 0.5301878161973362
bring 0.5422829499610141 0.6587714820298121 0.6572590252570087 1.0 0.6871870780284659 0.5301878161973362
tears 0.544582510091847 0.6609919073778068 0.658090638367414 1.0 0.6895159936595261 0.5291358260359524
remembered 0.5403918009058886 0.6580377727456164 0.65583845085513 1.0 0.6878148781031369 0.5303613955570493
box 0.5401871325146194 0.6605085623032908 0.6549673060388514 1.0 0.6866216451726542 0.5283439663852513
cheated 0.5396671194879804 0.6583824686955578 0.6552141912514569 1.0 0.6870418964761509 0.5287673200841062
game 0.5405935590330532 0.6591860265725592 0.6558263077043364 1.0 0.6922914989667016 0.5276568783195709
croquet 0.5405935590330532 0.6591860265725592 0.6558263077043364 1.0 0.6922914989667016 0.5276568783195709
playing 0.5405935590330532 0.6591860265725592 0.6558263077043364 1.0 0.6922914989667016 0.5276568783195709
against 0.5405935590330532 0.6591860265725592 0.6558263077043364 1.0 0.6922914989667016 0.5276568783195709
child 0.5428052747038116 0.6636834522204462 0.6586894354086572 1.0 0.6919753930097365 0.5282484631779191
fond 0.5428052747038116 0.6636834522204462 0.6586894354086572 1.0 0.6919753930097365 0.5282484631779191
pretending 0.5428052747038116 0.6636834522204462 0.6586894354086572 1.0 0.6919753930097365 0.5282484631779191
two 0.5442064680448272 0.6641137149916057 0.657512738707848 1.0 0.6901632865608759 0.528859507172645
pretend 0.5445303824672931 0.6634858148382565 0.6575581908093785 1.0 0.6893164831649012 0.529217168253615
hardly 0.5428565210775259 0.6610712544015754 0.6578679682629053 1.0 0.6898801248654328 0.5292375095884857
enough 0.5428565210775259 0.6610712544015754 0.6578679682629053 1.0 0.6898801248654328 0.5292375095884857
respectable 0.5436476915789171 0.6650206747402929 0.6575323347182901 1.0 0.6879481095008623 0.529175694341452
person 0.5436476915789171 0.6650206747402929 0.6575323347182901 1.0 0.6879481095008623 0.529175694341452
eye 0.5429301362550784 0.6654743860003738 0.6562058321772236 1.0 0.6867415822818748 0.5269801858940566
lying 0.539982941537802 0.6629735884373374 0.6540981932760925 1.0 0.6854311956062359 0.5263312431176531
cake 0.5378955298594601 0.658976656985613 0.6553935859735569 1.0 0.6870056430255013 0.528064697747882
currants 0.5375523666253186 0.6608496697161885 0.6556536207103222 1.0 0.6868143037059891 0.5276433282361175
makes 0.5426962372866805 0.664297401786948 0.6563931665002988 1.0 0.6899075725482181 0.5260744152635972
grow 0.5443395557106938 0.6663813152136838 0.657323390517351 1.0 0.6914066264631842 0.5256832123286135
can 0.5427719914973016 0.6640540414242297 0.6566078383485939 1.0 0.6899631831601621 0.5262231557784024
smaller 0.5443770734091594 0.665920112185548 0.6577029255443002 1.0 0.6921211891493667 0.5259105110722795
creep 0.5412547236989947 0.6612892181830128 0.656274371915753 1.0 0.6892399103384953 0.5269838206211489
