word v0 v1 v2 v3 v4 v5
alice 0.45366868313595143 0.5838563504850429 0.9157223571686629 1.0 0.6992852066005844 0.5586295808385295
was 0.4536550072199328 0.5825773256890731 0.9151997614344003 1.0 0.6987876029177477 0.5565224523183256
beginning 0.44727152771740447 0.5781702151270282 0.9107952610166161 1.0 0.6964635513125508 0.5461668503650144
to 0.45428167694486726 0.5829316826057876 0.9156905289237879 1.0 0.6987032812817608 0.5572428662744382
get 0.4548612019408359 0.5830700958047756 0.9167476230435727 1.0 0.6987603229288237 0.5565471437348913
very 0.45373443568584537 0.581825230057391 0.9141800443210715 1.0 0.6990401465320031 0.5552515101220814
tired 0.4539994188258576 0.5826172899236457 0.9160205964787259 1.0 0.6964619327744981 0.5541862612768578
of 0.45316719092071606 0.5836722718003298 0.9141563095489158 1.0 0.6984831546162309 0.5562944012559478
sitting 0.45111954333184856 0.5809047402649072 0.9124761371426355 1.0 0.6965630413357776 0.5473528872201587
by 0.4541140169433335 0.5821278189836644 0.9144374172934767 1.0 0.6983412582710433 0.5542572626662569
her 0.45463475720349444 0.583474742881882 0.9154503563083267 1.0 0.6983145985447774 0.5555651065020517
sister 0.45088852117050254 0.5823427402313993 0.9146581741766941 1.0 0.6979181941267327 0.5507260088192254
on 0.45459095370801456 0.5831341316677262 0.9157189493961753 1.0 0.6985254710339833 0.5569240437275544
the 0.45408043781761614 0.5836269006717736 0.9155371254744576 1.0 0.6987336921888875 0.5572877990043766
bank 0.45417955520466824 0.583637071487443 0.9129830855571959 1.0 0.6968101650505677 0.5525507417938049
and 0.4535074379933445 0.58270364447661 0.914930539444064 1.0 0.6981452888257224 0.5575298454161055
having 0.4540549004531189 0.5796936529746037 0.9125931275438545 1.0 0.6965292046476094 0.5557940408153069
nothing 0.453672647920263 0.5825232932428543 0.9146311016097544 1.0 0.6980199638389015 0.5554559020615423
do 0.4545215434053821 0.5854437611748694 0.9171592301284573 1.0 0.6998096374413485 0.5587978963867226
once 0.45478889499144376 0.5829236392128101 0.9169776540855001 1.0 0.6971902875623803 0.5590704903558412
or 0.45412559689399457 0.5832336334191845 0.9159609782015988 1.0 0.6990949912082834 0.5570089731848065
twice 0.45208287114274304 0.5833780114273691 0.917284860675322 1.0 0.6996691597620752 0.5549052511861553
she 0.45409313120433836 0.5831593825469134 0.9149770391216467 1.0 0.6985468250265622 0.5573374421955009
peeped 0.45065587453467393 0.5837908517570505 0.9168555546023185 1.0 0.6992828759218147 0.5541228491383159
into 0.45541587434732034 0.5843200448069262 0.915909388037037 1.0 0.6974862078150225 0.5578280802287543
book 0.4523656104158126 0.5822195840368841 0.9161094512114863 1.0 0.6977244554609965 0.5550650024632117
reading 0.4549914936880955 0.5812650692005803 0.9152851213718758 1.0 0.6967483027620955 0.5520293006295219
but 0.4542949613902316 0.5841258317955107 0.9171345913401219 1.0 0.6990133902445611 0.5583291381725968
it 0.45350470186900427 0.5828102353025184 0.9145881749320707 1.0 0.6983911587375109 0.5577393275386433
had 0.45433378427789384 0.582893087807727 0.9160223972011747 1.0 0.69842813183982 0.5589052564771734
no 0.45531483166437275 0.5853890420936523 0.9178375588747576 1.0 0.6990617518654278 0.5595539979570595
pictures 0.45182742754889677 0.5826822126457984 0.9136648195968262 1.0 0.6972673677760106 0.5545615614939164
conversations 0.45553332226855275 0.583976289970308 0.9178361229684298 1.0 0.6963551336719631 0.5546070378196891
in 0.45436548864539883 0.5830120018030694 0.9161928170945771 1.0 0.6979320406426288 0.5579895995629199
what 0.45558546986107584 0.5826273329207212 0.9168819576707821 1.0 0.6988203942894963 0.5577748125305974
s 0.45365733036939293 0.5841155490231328 0.9167295323902928 1.0 0.6996168189339818 0.5612007063011597
use 0.45433357294005394 0.5840706207769033 0.916923540083134 1.0 0.6993086534062601 0.5600538425965921
a 0.45336023465222375 0.5821068865497634 0.9146378194658817 1.0 0.6988225502527097 0.5566975196362023
thought 0.45323235541812684 0.5841115646335102 0.915282645847868 1.0 0.6985894588725128 0.5577490817870442
without 0.45607584753021796 0.5846485686777856 0.9185540141561641 1.0 0.7002693084243451 0.5573394442271161
conversation 0.4529741340605558 0.5854148239226413 0.9150219668050359 1.0 0.697944304881012 0.5549026359458995
so 0.45351276150958375 0.5811125847137555 0.9136691281728159 1.0 0.6978784109655887 0.5547499089037188
considering 0.454532672008363 0.5848383624836552 0.9184517628099209 1.0 0.6990265071778748 0.5558610731558246
own 0.45667223551131203 0.583519279009679 0.9171827512483544 1.0 0.6975864566123847 0.5555452879403762
mind 0.45219460673207 0.5839527832758806 0.9158967112144453 1.0 0.6974957691516731 0.5524913865499028
as 0.45522137954515135 0.5861699253081344 0.9156480966553098 1.0 0.6999371291673429 0.5562485109998803
well 0.4521298800457284 0.5813876847725514 0.9119736263723858 1.0 0.6981805242215506 0.5520962721635903
could 0.4545255482026799 0.5831895299336998 0.9140720427710348 1.0 0.6978760666909363 0.5561407119536891
for 0.4537974617465499 0.5827379191954241 0.9145717800300279 1.0 0.6986911821713958 0.556676181999421
hot 0.4531559884446047 0.5809840865322728 0.9133875514071819 1.0 0.698944737290286 0.5576427103856004
day 0.45244106201262324 0.5845724217051435 0.9160341042735405 1.0 0.699100959053499 0.5534588195268273
made 0.4507735961021962 0.5831243121137999 0.9120316904766346 1.0 0.7008608232687731 0.5540391199701685
feel 0.4481464416532958 0.5829715349428163 0.9105054841044012 1.0 0.7018259253904522 0.5524595641669782
sleepy 0.4538073602513529 0.5834131811246894 0.9161694394812375 1.0 0.7019554605420023 0.5552264077482366
stupid 0.4481464416532958 0.5829715349428163 0.9105054841044012 1.0 0.7018259253904522 0.5524595641669782
whether 0.4530231484512164 0.5830950666451995 0.9167403093026095 1.0 0.6986346359239476 0.5566511856128226
pleasure 0.4500701461071459 0.5825034593839686 0.9128931979300403 1.0 0.6976182459089817 0.5491579718709906
making 0.4500701461071459 0.5825034593839686 0.9128931979300403 1.0 0.6976182459089817 0.5491579718709906
daisy 0.4522835414854574 0.5819197186883915 0.9128792664973553 1.0 0.6974641832132111 0.5512800403847545
chain 0.4522835414854574 0.5819197186883915 0.9128792664973553 1.0 0.6974641832132111 0.5512800403847545
would 0.45465606019612065 0.5849154575761762 0.9167495829276843 1.0 0.7011852517759224 0.559142059557212
be 0.45494246198187027 0.5847757729146646 0.9178747654794286 1.0 0.7001390657693263 0.5602930678736645
worth 0.4522835414854574 0.5819197186883915 0.9128792664973553 1.0 0.6974641832132111 0.5512800403847545
trouble 0.4497180134298824 0.5831903086351244 0.9145823093689813 1.0 0.697326094046926 0.5560162765975921
getting 0.4541019446070458 0.5859560091649687 0.9182267442826918 1.0 0.6996477051882235 0.5577996827205406
up 0.45424901678031504 0.5824461062642529 0.9153573963666297 1.0 0.6987519547410411 0.5578414381147898
picking 0.4497180134298824 0.5831903086351244 0.9145823093689813 1.0 0.697326094046926 0.5560162765975921
daisies 0.4497180134298824 0.5831903086351244 0.9145823093689813 1.0 0.697326094046926 0.5560162765975921
when 0.45340277393536826 0.5843524714110836 0.9152995963291662 1.0 0.6976636322020381 0.5580476423413648
suddenly 0.4537056723619607 0.582582870767404 0.9132308997182198 1.0 0.7001579666575567 0.5551742232190819
white 0.4535002784077402 0.5840530592009854 0.9130993055082461 1.0 0.6980423066575016 0.5504173509443049
rabbit 0.4529028680880796 0.583521701010007 0.9162626118440745 1.0 0.6983477818370609 0.5529809320955152
with 0.4544490340946987 0.5827818470972626 0.9175740565739321 1.0 0.6986960714068357 0.5570709346322346
pink 0.45070442330691224 0.581670027188186 0.9104950232944711 1.0 0.6983116945681158 0.5479279122532051
eyes 0.4553380716261906 0.5836107228194204 0.9149354231844573 1.0 0.6993274660965632 0.5529523050853236
ran 0.45566858575734603 0.5822972458474496 0.9182819084583351 1.0 0.6970340978025606 0.5524449485212278
close 0.45592722509390604 0.5838543998589284 0.9191335948644558 1.0 0.6985409901661226 0.5538190362782186
there 0.45460124608784824 0.5847522507929993 0.9178029558577837 1.0 0.6988203252066889 0.5592698162349293
remarkable 0.4537482443533185 0.5820901456831908 0.9211646219724291 1.0 0.697382646360522 0.5568330501029823
that 0.45399473924877803 0.5828100993010389 0.916305708642141 1.0 0.6993968767309905 0.5571289137377946
nor 0.4537482443533185 0.5820901456831908 0.9211646219724291 1.0 0.697382646360522 0.5568330501029823
did 0.4552580496496056 0.5852558710917058 0.9153945182111225 1.0 0.6992604283737868 0.5578659289949548
think 0.4536091003329569 0.58560678588142 0.9160585959276064 1.0 0.7005358178607688 0.558112452915884
much 0.4545052173508923 0.5837646657383786 0.9157595174941285 1.0 0.6990161368375898 0.559171414332171
out 0.4533846577814118 0.581736621769475 0.9149702924440868 1.0 0.6982789006494768 0.5555567957741248
way 0.45402793902880256 0.58319638431912 0.9142789339945707 1.0 0.6982768494242677 0.5570571133125278
hear 0.452098728405589 0.5827052467929014 0.9111478600233626 1.0 0.6977631215271259 0.5579013709256448
say 0.4531681144246633 0.583573812488751 0.9138778746267856 1.0 0.7004448361764483 0.5579645077730583
itself 0.4503668844441531 0.5817012849132936 0.9114824316561368 1.0 0.6974953438148164 0.5549026730940098
oh 0.45289309410824025 0.5813681258094017 0.9136023658243955 1.0 0.6984869947712128 0.5564719302844645
dear 0.4538257012613432 0.5833958487972093 0.916076497746222 1.0 0.6983176559917564 0.5584814919186212
i 0.455168511090546 0.5841589757776255 0.9160900138166483 1.0 0.6995658420309075 0.5585945596451585
shall 0.45365849737884284 0.5859798744887534 0.9145427315616013 1.0 0.7009020777313367 0.5550160729302605
late 0.4533933164860402 0.5844903711826049 0.9160452755157261 1.0 0.6980833197011194 0.5557725713676677
over 0.4527002355664808 0.5840140233969217 0.9161421337299094 1.0 0.6989861676412586 0.5570361640491484
afterwards 0.44916952206908806 0.5818062688186295 0.911909777743936 1.0 0.6952707485525578 0.5522008454811318
occurred 0.44916952206908806 0.5818062688186295 0.911909777743936 1.0 0.6952707485525578 0.5522008454811318
ought 0.4519089604490699 0.5837538532891847 0.9139680074177404 1.0 0.6971132118338258 0.5532016016808123
have 0.4526905906906792 0.5853567967088454 0.9154068060322029 1.0 0.6986693658931448 0.5542542028962055
wondered 0.4519089604490699 0.5837538532891847 0.9139680074177404 1.0 0.6971132118338258 0.5532016016808123
at 0.4527743590645737 0.5827214212647228 0.9146167720444726 1.0 0.6987255618148619 0.5573332821414506
this 0.45393882395665425 0.5827317140758121 0.9135302197129398 1.0 0.6998199775719397 0.5578926314312036
time 0.4548705557090108 0.5847494562816589 0.9175378604288941 1.0 0.6993112546064082 0.5580068501057074
all 0.45363979954141886 0.5827898848131347 0.9152469711099165 1.0 0.6984048246734917 0.5591543356939374
seemed 0.45323030092839706 0.5827863221891858 0.9159230497314781 1.0 0.6992716801550857 0.5566460816720517
quite 0.45754534471686964 0.5818861946896082 0.915984104653048 1.0 0.697304557135878 0.5595479233062389
natural 0.455009543728811 0.5820790904822193 0.918316978750267 1.0 0.6974849556507309 0.5631290243935384
actually 0.4498964266414171 0.5821084617611267 0.9154388122168995 1.0 0.6970285452904901 0.5536532227747035
took 0.4517642102657709 0.5861316003333489 0.9141961958513972 1.0 0.6974407804617286 0.5538397233825593
watch 0.4503261999636969 0.5811545479555746 0.9116322615559167 1.0 0.698738572369443 0.5516936830092175
its 0.44826346023836355 0.5817050993255147 0.9098543723532916 1.0 0.6992478809759151 0.5518520359129323
waistcoat 0.4503261999636969 0.5811545479555746 0.9116322615559167 1.0 0.698738572369443 0.5516936830092175
pocket 0.45093070540690466 0.5814705941510306 0.9110472293272183 1.0 0.6991511114402791 0.5520324131937819
looked 0.4521854425941918 0.5827080041218488 0.9151584281031623 1.0 0.7007779039447782 0.555167081577883
then 0.45551475726705665 0.5816988136142917 0.9164442960824515 1.0 0.699657210047578 0.5561535884069865
hurried 0.451433116834253 0.5796197552133535 0.9131952099200342 1.0 0.6981732795564541 0.556341739689099
started 0.4500840686630216 0.5805033595874629 0.9118683640332477 1.0 0.6990728023305739 0.5553183118710705
feet 0.4521554685541962 0.5814472930018973 0.9133608275627276 1.0 0.6987976758496044 0.5565260692312592
flashed 0.4495552843552306 0.5820604271001416 0.9134609652259282 1.0 0.6950452958682571 0.5524397091728581
across 0.4510411456677689 0.5820621461825155 0.9165070697226853 1.0 0.695880490409277 0.5546608763514518
she'd 0.4495552843552306 0.5820604271001416 0.9134609652259282 1.0 0.6950452958682571 0.5524397091728581
never 0.4549323577168815 0.5834460248222878 0.9181749853417637 1.0 0.6996316551415656 0.558242207333954
before 0.4514534032306613 0.5801457713811601 0.9134035243275951 1.0 0.6977583541778284 0.5552816152741172
seen 0.45463456845252337 0.5833209554138891 0.9171941600756984 1.0 0.6992670393875725 0.5559927000633261
either 0.45392608875535656 0.5830924059716004 0.9157538597452145 1.0 0.6991409422650717 0.5561882935259128
take 0.4536986448610304 0.5802839166691504 0.9152202549659837 1.0 0.6976804014232209 0.5511437468654945
burning 0.4536986448610304 0.5802839166691504 0.9152202549659837 1.0 0.6976804014232209 0.5511437468654945
curiosity 0.45534549809191976 0.5833107853258973 0.9207622826312466 1.0 0.6983487846604252 0.5562088305403889
field 0.45254401744360034 0.582063884945318 0.9195880466858645 1.0 0.696725246438952 0.5569074719347297
after 0.4519833770293856 0.5806875312775672 0.9136555628275649 1.0 0.6975407108100317 0.5552427621064842
fortunately 0.4514231128850189 0.5837008777706575 0.9172829185558047 1.0 0.696018805790061 0.5558449481450887
just 0.45480138531570335 0.5851006784932984 0.9173460229393211 1.0 0.698743294528724 0.5614516785516063
see 0.4547274905195361 0.5828924437819958 0.9162195691746382 1.0 0.6989018538064773 0.558630706425859
pop 0.45246478378915833 0.5818094431331857 0.9184751850674162 1.0 0.6990929003474199 0.5547310746826299
down 0.4535065683670291 0.5846153526953212 0.914554357298416 1.0 0.6996456339783861 0.5572284514660477
large 0.45217624040347254 0.5812702852972833 0.9169737050295673 1.0 0.699068763815827 0.55658250697791
hole 0.45373351792727806 0.584440454097081 0.9182061364668314 1.0 0.7014766284557286 0.5527670461432426
under 0.4534164559194334 0.5820538261061463 0.9130013287463596 1.0 0.6985048192849694 0.555079444596946
hedge 0.45489179014199654 0.5866164970968731 0.9187797144955486 1.0 0.7005532656456739 0.5501842324078936
another 0.452894417270551 0.5838330924699606 0.9178562095482315 1.0 0.6983419065317268 0.5575514452704573
moment 0.45233400028231063 0.5850244548679419 0.9149930730292908 1.0 0.6990640102877843 0.5566454028278334
went 0.45373839722844195 0.5847035899712257 0.9165832285237644 1.0 0.6997209078985963 0.5579799585190923
how 0.45454282294186843 0.5835342152822889 0.9151002339069012 1.0 0.6990519101790517 0.5576280069828352
world 0.45386689770231964 0.5804680596735289 0.9167608723386996 1.0 0.6976386523188854 0.5578230023762399
again 0.45588538632423964 0.5827617767764781 0.9179009354873618 1.0 0.7001978665761982 0.5593456246040057
straight 0.4534880836194418 0.5815383332037192 0.9190370692296265 1.0 0.7016201087968642 0.5483173280161999
like 0.45491089722088446 0.5821745100274335 0.9160615507940167 1.0 0.6995200380552266 0.5573147886531553
tunnel 0.4534880836194418 0.5815383332037192 0.9190370692296265 1.0 0.7016201087968642 0.5483173280161999
some 0.45343390542564893 0.5790026181305694 0.9125996836806193 1.0 0.7023510144477128 0.5464913644602934
dipped 0.45343390542564893 0.5790026181305694 0.9125996836806193 1.0 0.7023510144477128 0.5464913644602934
not 0.4532007907168375 0.5828808039736199 0.914365497320135 1.0 0.6986730276879656 0.5573686080643224
about 0.4516143721820411 0.5815754094208969 0.9126017562497937 1.0 0.6987343496001975 0.5578400884631199
stopping 0.44900502834102385 0.5773257224049938 0.9103980917004731 1.0 0.7004095833710704 0.5479358395447558
herself 0.4544384187193519 0.5832105789747443 0.9141920281218471 1.0 0.6984610358934372 0.5565733549903394
found 0.4530413080936457 0.5828629807953045 0.9143344306576865 1.0 0.6995303058418255 0.5566569940838987
falling 0.4540581090333487 0.5831765285203484 0.914881160126538 1.0 0.7020950173744276 0.5551718657425169
deep 0.4508842198819928 0.5774797302951412 0.9093535710909374 1.0 0.6989718153774369 0.5464532707538426
fell 0.45231381708164864 0.5841183951472044 0.9084351706249226 1.0 0.6993610890549936 0.5515412794033411
slowly 0.45322409101584643 0.5828750401740902 0.9101851798000066 1.0 0.6985535341591004 0.5468010832499827
plenty 0.4547768200931406 0.5816146394726384 0.9118183655010786 1.0 0.6967881248262475 0.5529193934145897
look 0.45247852817960876 0.5791040935291695 0.9154006068932714 1.0 0.6967841325950827 0.5548663652727375
wonder 0.4560983717006829 0.5847417267463749 0.9184919481004067 1.0 0.699703024090659 0.5579290234932827
going 0.45515549107550773 0.5789799346880979 0.9151198648087419 1.0 0.6973478047187006 0.5565064774607352
happen 0.45208486034044276 0.577197860635619 0.9147690500078051 1.0 0.6956144992683339 0.5529285490169105
next 0.45208486034044276 0.577197860635619 0.9147690500078051 1.0 0.6956144992683339 0.5529285490169105
first 0.4533713127391144 0.5804528609611892 0.9164306190833205 1.0 0.6979841136133746 0.5575659691992364
tried 0.4554194039193002 0.5824147019330101 0.9157262747429151 1.0 0.6970413921679398 0.5593685943929992
make 0.45136700428027277 0.578797060113853 0.9140957784059464 1.0 0.6999103893895395 0.5540132919859203
coming 0.45167387873968745 0.5783588357322386 0.9162348397661267 1.0 0.6998173347035554 0.5525361646509439
too 0.4532403109591362 0.5824927296800447 0.9159326804077076 1.0 0.6989253827147546 0.5564925808349569
dark 0.45356852106744266 0.5820509900257533 0.9173219083118304 1.0 0.6977962843283965 0.5560884628060537
anything 0.45017711920598036 0.5799767202012664 0.9101660903676971 1.0 0.6995331224256043 0.5560209307184892
sides 0.45078479770029184 0.5797116926680627 0.9149790444838378 1.0 0.6982964128531687 0.5522417366302197
noticed 0.4511931424024785 0.5794979132780456 0.9110888982503904 1.0 0.6960282453251604 0.5555280951862336
they 0.4545008298548312 0.5838283021605668 0.9148978676737355 1.0 0.698784244496587 0.5573915313059786
were 0.45467301994133075 0.584566398200809 0.9173300459247793 1.0 0.6982226758052276 0.5591082278056335
filled 0.451114649822872 0.5800313597384704 0.9122058599627856 1.0 0.6964891117573418 0.5490768507938252
cupboards 0.4507798403671158 0.5831914154225903 0.9075253128281712 1.0 0.6969390238589227 0.5497258622023644
shelves 0.45609927359119906 0.5840697245723155 0.9160275240491577 1.0 0.6979103395659744 0.5528596461531223
here 0.4560903256930714 0.5834697128325511 0.9197144113248191 1.0 0.6985550648864236 0.559173286745636
saw 0.45514407311325866 0.5833201433209478 0.9157939976699904 1.0 0.6973619889083607 0.5577994017494362
maps 0.4534079589878468 0.5803400778131699 0.9152076971997299 1.0 0.6938823155148589 0.5550994861708953
hung 0.44751438187698983 0.5813763736820384 0.9106882488962051 1.0 0.6971121631972411 0.556757906124513
upon 0.45038169877197487 0.5828882523080291 0.9151299412099669 1.0 0.6977833311910417 0.5594401183422764
pegs 0.44751438187698983 0.5813763736820384 0.9106882488962051 1.0 0.6971121631972411 0.556757906124513
jar 0.45524720662506546 0.5886635234496209 0.9142680020548577 1.0 0.6986990786110793 0.5516414250882937
from 0.45458829434108694 0.5857970629444041 0.9152086382145559 1.0 0.697970158962644 0.5586555855718075
one 0.455155294221947 0.5848606252700317 0.9146053565292098 1.0 0.6987356520951669 0.5574978567644299
passed 0.45927509754238993 0.5878884229331677 0.9180332312605562 1.0 0.6985981163018691 0.5548424792464905
labled 0.457346248460309 0.5860011758604758 0.91968306951939 1.0 0.6996648113729717 0.557618696228733
orange 0.457346248460309 0.5860011758604758 0.91968306951939 1.0 0.6996648113729717 0.557618696228733
marmalade 0.457346248460309 0.5860011758604758 0.91968306951939 1.0 0.6996648113729717 0.557618696228733
great 0.4540648061329155 0.5853919233350341 0.9142374455657959 1.0 0.6965079324073525 0.5556100593998484
disappointment 0.45433941200342104 0.5872778221910976 0.9163223869445646 1.0 0.7011681197377453 0.5560803247016152
empty 0.4557259777618432 0.5839715698141288 0.9102272105052575 1.0 0.6974952500180805 0.5515109773310886
drop 0.4568623257890521 0.5871824881818479 0.9155774968535129 1.0 0.6995440983462423 0.5492619349518627
fear 0.4568623257890521 0.5871824881818479 0.9155774968535129 1.0 0.6995440983462423 0.5492619349518627
killing 0.4568623257890521 0.5871824881818479 0.9155774968535129 1.0 0.6995440983462423 0.5492619349518627
somebody 0.45405202580739773 0.5867810313132581 0.9161854361527308 1.0 0.6975445669312765 0.5555368894156562
managed 0.45405202580739773 0.5867810313132581 0.9161854361527308 1.0 0.6975445669312765 0.5555368894156562
put 0.45512544687474465 0.5872529047789139 0.9157577299187271 1.0 0.6983337438029781 0.5592852547508405
past 0.45044170467833045 0.5863828653263468 0.9027982658405629 1.0 0.6973934057043139 0.550381321347508
such 0.4543559657783187 0.5825209361948664 0.9140887362284164 1.0 0.7009199881130702 0.5539346182947408
fall 0.4547253378433188 0.585879746971751 0.9158901253651864 1.0 0.7020935365635099 0.5555455264608237
tumbling 0.4540436898495071 0.5892686834857606 0.9102077135352372 1.0 0.7014402749006433 0.5524230981854514
stairs 0.4540436898495071 0.5892686834857606 0.9102077135352372 1.0 0.7014402749006433 0.5524230981854514
brave 0.45187854155246365 0.5843011398537676 0.9071251737705558 1.0 0.6975308848570406 0.5545248648336005
ll 0.45529827818319946 0.5837956119544612 0.914619821132961 1.0 0.6986719629033881 0.5585693305684853
me 0.45489827324412296 0.5830049106977493 0.9154277339050463 1.0 0.6984392327203605 0.5593394467679789
home 0.44871487524258724 0.5830304198815714 0.9068987503958537 1.0 0.6998705225570987 0.5593905184328556
why 0.4509108962859781 0.5807678272433027 0.9109353900789251 1.0 0.698344053022245 0.5611873011419503
n't 0.4526484280099938 0.5862368435140476 0.9141695955863541 1.0 0.7003930517055406 0.5596067764186007
even 0.452406051312988 0.5868463599245197 0.9138213882479381 1.0 0.700926036114237 0.5598737331135085
if 0.45395617747251377 0.5814548803949761 0.9146257046486334 1.0 0.6988321714174247 0.5587727311540803
off 0.4544360214433048 0.583848926635279 0.9145399817319432 1.0 0.7006071901596882 0.5585274425274156
top 0.45097498981271456 0.5871764793005882 0.9102230944675436 1.0 0.7040272412830936 0.5545332900842054
house 0.45097498981271456 0.5871764793005882 0.9102230944675436 1.0 0.7040272412830936 0.5545332900842054
which 0.4546843265322796 0.58469971499946 0.9135933569011477 1.0 0.6997977729226358 0.5564436258839244
likely 0.4514368633539148 0.583340233882617 0.9044783719886142 1.0 0.7015058500697471 0.5526720804527061
true 0.4514368633539148 0.583340233882617 0.9044783719886142 1.0 0.7015058500697471 0.5526720804527061
come 0.4544454533892772 0.5858234317255239 0.9158923381169772 1.0 0.7010934878147235 0.5587452097507497
an 0.4567469324678776 0.5849147039591593 0.9159335794197084 1.0 0.7021757654886093 0.557635435700465
end 0.45768158149156707 0.5877616430074712 0.9155755611843411 1.0 0.7037403200628679 0.5595542066183514
many 0.4529017223196325 0.5802127015899446 0.9116716737913417 1.0 0.6988456169580255 0.5552050051262213
miles 0.452984508943834 0.583773239159914 0.9137121183323286 1.0 0.7031807864624467 0.5609097177888217
ve 0.45490097680320374 0.5834680856110649 0.9149787941763579 1.0 0.7003224320937824 0.5585663277470871
fallen 0.451546664936489 0.5792314357219988 0.9098226319863969 1.0 0.7016337560937208 0.5571062702337332
said 0.4549860714086468 0.5826717677508441 0.9158620897240398 1.0 0.7000070805370179 0.5604716816059938
aloud 0.45433294501275323 0.5882883720564137 0.9170010871996315 1.0 0.7056363730936844 0.5572658899401578
must 0.4550450949434174 0.5838558174530579 0.9189050626462222 1.0 0.7031904198156921 0.5602012177129306
somewhere 0.45521996299144735 0.5858871213174014 0.9172743347855037 1.0 0.7011058839651028 0.5592618726486284
near 0.45585909649748885 0.5892048791301553 0.921245757773685 1.0 0.7034592587250438 0.5593826586426369
centre 0.45585909649748885 0.5892048791301553 0.921245757773685 1.0 0.7034592587250438 0.5593826586426369
earth 0.4586766614415995 0.5886823982360042 0.9208751565297925 1.0 0.7034527218721858 0.5615364914625237
let 0.45901880852437843 0.590038641966618 0.9226133932547473 1.0 0.7036286836213611 0.5650095949757218
four 0.4544398418200181 0.5883702857286643 0.917648913507457 1.0 0.7047466337619872 0.5647594276610235
thousand 0.4544398418200181 0.5883702857286643 0.917648913507457 1.0 0.7047466337619872 0.5647594276610235
you 0.4558758832438157 0.5857017074102602 0.9165533149920896 1.0 0.7008990601852724 0.560644315169312
learnt 0.4522201455473322 0.5891769805436002 0.9176821119750418 1.0 0.7032678520430902 0.5631849620796613
several 0.4538147114947944 0.5828353560603686 0.9173305329304613 1.0 0.6992180663692653 0.5605766545476656
things 0.4539656550345501 0.5814492139772608 0.916285054964406 1.0 0.6984218819791458 0.5571174261780981
sort 0.45437640742052915 0.5859153039726179 0.9165539534179845 1.0 0.7012146780411048 0.5620704715587427
lessons 0.45531368039521575 0.5868830741059587 0.9184173800180172 1.0 0.7012470497779156 0.5600877138404303
schoolroom 0.45750632302807054 0.5841506986596987 0.9182014748218067 1.0 0.6987229114062757 0.5622577111142867
though 0.4563023663993302 0.5862591931239646 0.9168138453858982 1.0 0.699014909130659 0.5592608388109193
good 0.4553515938485219 0.5841869534075811 0.9175954671937966 1.0 0.7014771489971975 0.559683006871385
opportunity 0.4563588349886086 0.5848931412557212 0.9215205636307329 1.0 0.7019727460947223 0.561193809218904
showing 0.45843711739302295 0.5886385807897934 0.9266261988115989 1.0 0.7035038729311617 0.5591871639240719
knowledge 0.45843711739302295 0.5886385807897934 0.9266261988115989 1.0 0.7035038729311617 0.5591871639240719
listen 0.4601336452968454 0.586309939072053 0.9225070036418325 1.0 0.7027182915070136 0.5562412562046789
still 0.45612230771069523 0.5861957913217506 0.916574317894305 1.0 0.7002535236612764 0.5557255220260995
practice 0.4566460533185021 0.5862350995009022 0.9194527550761884 1.0 0.7049609648980049 0.5619116384123034
yes 0.45364129358766403 0.5879877148484783 0.9217576786346439 1.0 0.703706861659738 0.5629010333023589
right 0.4560388515531891 0.5856437050338009 0.9195459270120522 1.0 0.7014564393217914 0.5594467378499133
distance 0.45364129358766403 0.5879877148484783 0.9217576786346439 1.0 0.703706861659738 0.5629010333023589
latitude 0.45735215653902717 0.588729533128282 0.9205311225105706 1.0 0.6989966166896157 0.5628368487151204
longitude 0.45772983328965977 0.587614001963589 0.9232458037458267 1.0 0.7002218506439962 0.5615035643924314
got 0.4560010062480101 0.5863273745347818 0.9175366745939645 1.0 0.6991683433524475 0.5606910184677496
idea 0.4567865637737823 0.5882157382555939 0.9180498828692071 1.0 0.6975187798813843 0.5628774738064629
nice 0.4536722606918544 0.581866388925276 0.9170111065097715 1.0 0.6984782138732025 0.5604452444148147
grand 0.45657728788868424 0.5879376545697463 0.9209763047588511 1.0 0.7030286291259716 0.5584517376728624
words 0.45423943006446854 0.5816582057511541 0.9160692504492172 1.0 0.699139841965225 0.5553169194800271
presently 0.4558162211764657 0.5858315890426857 0.9214831296805344 1.0 0.7039657566596541 0.5610133541163439
began 0.4572152298055416 0.5835543526116368 0.9189459386304911 1.0 0.7006940927093965 0.5590280196489047
through 0.4570315379771479 0.5873479064598263 0.9180925487770022 1.0 0.7007174605130627 0.5600850461837629
funny 0.4554756155259362 0.5863052517259408 0.9165632060605514 1.0 0.7003513988752991 0.5553450987742342
seem 0.4554756155259362 0.5863052517259408 0.9165632060605514 1.0 0.7003513988752991 0.5553450987742342
among 0.45433882403812803 0.5857978396331132 0.9155885402433608 1.0 0.700601812898477 0.5573082400842995
people 0.45305230433402066 0.5820663772520023 0.9151935707069463 1.0 0.6983997377195001 0.5603456252037042
walk 0.4554767030189887 0.5865920219402917 0.918544241942596 1.0 0.7003544424533018 0.5567987378897019
their 0.45599311238990975 0.5840899872037904 0.9200077719382517 1.0 0.7007252595158961 0.5570106559898842
heads 0.45828143651566816 0.5861127288882209 0.91768757923251 1.0 0.7005840074525294 0.5606607797443127
downward 0.45828143651566816 0.5861127288882209 0.91768757923251 1.0 0.7005840074525294 0.5606607797443127
antipathies 0.45828143651566816 0.5861127288882209 0.91768757923251 1.0 0.7005840074525294 0.5606607797443127
rather 0.4570997293748991 0.5838492734902576 0.9181932709066875 1.0 0.6998946652220892 0.5591656244490997
glad 0.456301774935963 0.5840656312653588 0.919079373811974 1.0 0.7018937809933171 0.5579319795790547
listening 0.45621236726220227 0.585649239499314 0.9173442482607991 1.0 0.700041388755567 0.5594986250155148
sound 0.45555153524417186 0.5887834449325033 0.9183916265851412 1.0 0.7001563657951528 0.5590402622973683
word 0.45555153524417186 0.5887834449325033 0.9183916265851412 1.0 0.7001563657951528 0.5590402622973683
ask 0.45420249008301805 0.585808469292118 0.9167263033298703 1.0 0.6999450879752112 0.5572606788519333
them 0.45430786466331285 0.5841569604471721 0.9182994380858018 1.0 0.6998912385273902 0.556717095313213
name 0.45563758639058677 0.5852474625416565 0.9151988462442091 1.0 0.7012794497703158 0.553958971280046
country 0.45563758639058677 0.5852474625416565 0.9151988462442091 1.0 0.7012794497703158 0.553958971280046
is 0.45357418991654747 0.5798393278145597 0.9127774087235474 1.0 0.6982536537216326 0.5554778870676287
know 0.4568401507779434 0.5853575317718603 0.9159662815461628 1.0 0.7008446501859216 0.5570777886512349
please 0.45634640722983494 0.5837997161699203 0.9146011632761201 1.0 0.7006227379597062 0.5552182351270265
ma'am 0.45634640722983494 0.5837997161699203 0.9146011632761201 1.0 0.7006227379597062 0.5552182351270265
new 0.45790987868447774 0.5857166920193713 0.9188173057687153 1.0 0.7025944687067102 0.5607050851360176
zeland 0.45790987868447774 0.5857166920193713 0.9188173057687153 1.0 0.7025944687067102 0.5607050851360176
australia 0.45790987868447774 0.5857166920193713 0.9188173057687153 1.0 0.7025944687067102 0.5607050851360176
curtsey 0.45547787016668173 0.5869821023466117 0.9199547467436883 1.0 0.699874420317119 0.5609855195743804
spoke 0.45732243219418767 0.5910643917621377 0.921700742477664 1.0 0.6986874072568853 0.5605025685050423
fancy 0.4567961336207168 0.585584466354005 0.9188939305742438 1.0 0.6986250869560006 0.5604982496483966
curtseying 0.45732243219418767 0.5910643917621377 0.921700742477664 1.0 0.6986874072568853 0.5605025685050423
re 0.45748238702209915 0.5914580008676802 0.9211540098965151 1.0 0.7034485160116571 0.5636761592343426
air 0.45782650125537655 0.5897824657757125 0.92063689955829 1.0 0.7017819942674167 0.5645358144359265
manage 0.4564366945688569 0.5889470709137724 0.9152946798648024 1.0 0.6993101717479981 0.5560768039333501
ignorant 0.4571016610026836 0.5872126989319778 0.9146941732498821 1.0 0.7003159263445474 0.5571681998960386
little 0.4541461626715022 0.5823301637434881 0.9146322359571877 1.0 0.6990729788451666 0.5584714326105127
girl 0.4571016610026836 0.5872126989319778 0.9146941732498821 1.0 0.7003159263445474 0.5571681998960386
asking 0.45341804593936036 0.5882601430641069 0.9172819429033879 1.0 0.69886394143304 0.5593284623843682
perhaps 0.4545893802512894 0.5826137507415027 0.9133560442146892 1.0 0.6987839942648841 0.5591427026123924
written 0.4545893802512894 0.5826137507415027 0.9133560442146892 1.0 0.6987839942648841 0.5591427026123924
else 0.4526464990402245 0.5810013364880056 0.9155528442819417 1.0 0.6983696126755043 0.5582747324305445
soon 0.4530912492744155 0.5783367692538017 0.9112135307592181 1.0 0.6972787332496251 0.5552042738397103
talking 0.456353726836492 0.5810009908501693 0.9135564301908409 1.0 0.6960698939937898 0.5580938434092013
dinah 0.45703353352022286 0.5852209628806787 0.9187221699043511 1.0 0.698765366433081 0.5600600068176134
miss 0.4584956810740646 0.5846583206801561 0.9200932454935951 1.0 0.6999584347385647 0.5603874067857372
night 0.45712500390480326 0.5871035167025798 0.9266702354633121 1.0 0.7021229283744599 0.5612404224478099
should 0.45947411788163406 0.5853456590373246 0.923360434670266 1.0 0.7009458239034289 0.5610743024141464
cat 0.4578037306232847 0.5860078407724137 0.9179048372615538 1.0 0.6994176215264395 0.5584938721916832
hope 0.4562653916616773 0.5857933086405906 0.9133030876501734 1.0 0.7001696752804273 0.560590728269754
remember 0.4550284005488461 0.580178653191163 0.9137579639335683 1.0 0.699021197554801 0.5584866655635633
saucer 0.4562653916616773 0.5857933086405906 0.9133030876501734 1.0 0.7001696752804273 0.560590728269754
milk 0.45461492254954705 0.5885562035151266 0.9221317263134002 1.0 0.6997592509142055 0.5613432469406584
tea 0.45461492254954705 0.5885562035151266 0.9221317263134002 1.0 0.6997592509142055 0.5613432469406584
my 0.4550832482438757 0.585537157290186 0.9173224085140336 1.0 0.6997893964503618 0.559360092650716
wish 0.45654463592873296 0.5856808289192248 0.9214557376175809 1.0 0.6976467269515088 0.5610176954353813
are 0.45926463153071717 0.5886794466825255 0.9241970393297956 1.0 0.6988833697087473 0.5645221586253841
mice 0.4581703840675777 0.5881080575018092 0.9201201369831604 1.0 0.7001165932796528 0.5653948915087592
m 0.4581703840675777 0.5881080575018092 0.9201201369831604 1.0 0.7001165932796528 0.5653948915087592
afraid 0.4581703840675777 0.5881080575018092 0.9201201369831604 1.0 0.7001165932796528 0.5653948915087592
might 0.45571716158505843 0.5873222638817022 0.9171003211173036 1.0 0.7002091103250477 0.5610156100521875
catch 0.45810931160109986 0.5869195006150922 0.9207771215709607 1.0 0.701452079996048 0.5621628721097378
bat 0.4582727813520668 0.58754958382692 0.9194279460993738 1.0 0.7009861444978505 0.5618551581450092
mouse 0.45742589180497584 0.5852154602365961 0.9183272371574777 1.0 0.7033175687062272 0.5577958765739927
cats 0.45451935487412226 0.5882218989748192 0.9168776912510499 1.0 0.7005511320720463 0.5609993219873155
eat 0.4549412227612162 0.5856852166272651 0.9156873133341698 1.0 0.6988964790237424 0.5601056080396447
bats 0.4542482461440264 0.5868417121308688 0.9163468112871807 1.0 0.6989577128468056 0.5599785360984659
saying 0.4558950872426378 0.5844082954784189 0.9186932830287807 1.0 0.6987595958710203 0.5599261378763745
dreamy 0.455558182383241 0.5878570203427779 0.9188783768939627 1.0 0.7004152340363732 0.561608853905081
sometimes 0.4539660214336668 0.5841585863917463 0.9133025994856142 1.0 0.6971534036758282 0.5577375908308804
couldn't 0.45463004299088766 0.5876747445541991 0.9122132093929057 1.0 0.702191831280973 0.560464738678122
answer 0.45463004299088766 0.5876747445541991 0.9122132093929057 1.0 0.702191831280973 0.560464738678122
question 0.45463004299088766 0.5876747445541991 0.9122132093929057 1.0 0.702191831280973 0.560464738678122
matter 0.4550683679352565 0.5870910822422925 0.9172366520016031 1.0 0.6994480997668792 0.5621036682609588
felt 0.45423196002521726 0.582483115685264 0.9117060663518431 1.0 0.6993111151430735 0.5624087349491305
dozing 0.4572040665779091 0.5871833067241072 0.916376883212254 1.0 0.7018289126089141 0.5638222691895578
begun 0.4550478594590129 0.5862884892029805 0.9180852073137552 1.0 0.7033061329433953 0.552791480689035
dream 0.4556908537390539 0.5897526980824793 0.9182544698736433 1.0 0.7070540001398606 0.5526223023700672
walking 0.4556908537390539 0.5897526980824793 0.9182544698736433 1.0 0.7070540001398606 0.5526223023700672
hand 0.4559621594719634 0.5853433325251038 0.918381815988563 1.0 0.7020635684385539 0.5554426450488168
earnestly 0.4638981441740887 0.5854829344586817 0.9148487016345077 1.0 0.6986027786167264 0.56085519940858
now 0.4540988991869856 0.578938843065694 0.9132084972534261 1.0 0.6981501146584651 0.557872544859213
tell 0.45545732759041574 0.5843099458456312 0.9125011386035887 1.0 0.6993118093582059 0.5591958531668133
truth 0.45545732759041574 0.5843099458456312 0.9125011386035887 1.0 0.6993118093582059 0.5591958531668133
ever 0.45577195530317793 0.5838554448584258 0.9158275455729742 1.0 0.6992358149906501 0.5595231337809042
thump 0.45529251410610116 0.5860995441234736 0.9167119829429194 1.0 0.6982384130736254 0.5679864114439345
came 0.4515312837993443 0.5829180223628251 0.9158442313568075 1.0 0.6979774664274987 0.5630199631433305
heap 0.45101466783936683 0.5853002126834317 0.9174843285263148 1.0 0.6970544755586228 0.5604935384315183
sticks 0.45101466783936683 0.5853002126834317 0.9174843285263148 1.0 0.6970544755586228 0.5604935384315183
dry 0.45101466783936683 0.5853002126834317 0.9174843285263148 1.0 0.6970544755586228 0.5604935384315183
leaves 0.45101466783936683 0.5853002126834317 0.9174843285263148 1.0 0.6970544755586228 0.5604935384315183
bit 0.4550100955189604 0.5888434774403529 0.9138637928824831 1.0 0.6995045426314448 0.5572184721003609
hurt 0.4550100955189604 0.5888434774403529 0.9138637928824831 1.0 0.6995045426314448 0.5572184721003609
jumped 0.4550100955189604 0.5888434774403529 0.9138637928824831 1.0 0.6995045426314448 0.5572184721003609
overhead 0.4547795852040919 0.5823398372387965 0.9186200613016425 1.0 0.7008650454457442 0.5583649668198892
long 0.45497138091250106 0.5847582907907406 0.9156317386965417 1.0 0.6991782864779749 0.5555702535755837
passage 0.45388252371236026 0.5863432921587091 0.9174040134014472 1.0 0.6990787275582342 0.5589604014923739
sight 0.4521041360510492 0.586081449099131 0.9106315246927039 1.0 0.697784556616582 0.5552089091966449
hurrying 0.4521041360510492 0.586081449099131 0.9106315246927039 1.0 0.697784556616582 0.5552089091966449
lost 0.4542262642676832 0.5893305678225805 0.9190637657481455 1.0 0.6987722881219587 0.5651074444227003
away 0.4542262642676832 0.5893305678225805 0.9190637657481455 1.0 0.6987722881219587 0.5651074444227003
wind 0.45577659048776376 0.58442889716643 0.9183678067303578 1.0 0.6983936872946391 0.5646705086774488
turned 0.45483911174708574 0.5850643130166746 0.9166081127255116 1.0 0.6996928856473237 0.5599347364646744
corner 0.45483911174708574 0.5850643130166746 0.9166081127255116 1.0 0.6996928856473237 0.5599347364646744
ears 0.45313794689337683 0.5820216916615443 0.9136562493350976 1.0 0.6973630230751263 0.5574556640104861
whiskers 0.45132751146478534 0.5841691228060628 0.9124479791857167 1.0 0.6997479414845966 0.5563117149440683
it's 0.45531754227298865 0.5829151395214438 0.9162452785185231 1.0 0.6973344320910536 0.5612107520888551
behind 0.4523371283917343 0.5841492713587337 0.9156410259297555 1.0 0.6988685484218317 0.5591625329028458
longer 0.456765311322439 0.5887043060526412 0.9208488902919613 1.0 0.6986402100824936 0.5577417787252457
low 0.4541975426113451 0.5848071840643091 0.9164617543732133 1.0 0.6971776511230072 0.5582401787362491
hall 0.4541559784078702 0.5853130891283839 0.9169537103694824 1.0 0.6980217927197784 0.5594231831294265
lit 0.457228735003263 0.5895794285543673 0.9195232318620704 1.0 0.6991126181638042 0.5592700921103442
row 0.457228735003263 0.5895794285543673 0.9195232318620704 1.0 0.6991126181638042 0.5592700921103442
lamps 0.457228735003263 0.5895794285543673 0.9195232318620704 1.0 0.6991126181638042 0.5592700921103442
hanging 0.457228735003263 0.5895794285543673 0.9195232318620704 1.0 0.6991126181638042 0.5592700921103442
roof 0.45619208225106195 0.5862643651817121 0.9194418769843415 1.0 0.6954411889854519 0.5647092899576146
doors 0.4543139348190217 0.586234440400838 0.9180113933685279 1.0 0.6976950361491262 0.5624183254896872
around 0.45430822524562753 0.5839552728756943 0.9185877661892989 1.0 0.6969356090486033 0.5646505712272769
locked 0.45541186166414055 0.5858060200265776 0.9177750848251818 1.0 0.6964058907548085 0.5630596785833742
been 0.4532694810681501 0.58326394063594 0.9149239567441464 1.0 0.6965330639531573 0.563514112097489
side 0.4532694810681501 0.58326394063594 0.9149239567441464 1.0 0.6965330639531573 0.563514112097489
other 0.45112021863226137 0.578032061322985 0.9124603221387193 1.0 0.698121737831575 0.558935035458857
trying 0.4550031020111809 0.5820711051491784 0.9153419394689494 1.0 0.6963189828284759 0.560175289566164
every 0.44962236584805937 0.5806855776206161 0.910435201659693 1.0 0.6973630570012347 0.5608900152484108
door 0.45372290720272346 0.5823655548509591 0.9138774240253754 1.0 0.6978065352614722 0.559842714231597
walked 0.4513865880925554 0.5831061644748765 0.911623177121384 1.0 0.6982670351427503 0.5564542222821188
sadly 0.4513865880925554 0.5831061644748765 0.911623177121384 1.0 0.6982670351427503 0.5564542222821188
middle 0.4513865880925554 0.5831061644748765 0.911623177121384 1.0 0.6982670351427503 0.5564542222821188
wondering 0.4548011589849845 0.5854976396004196 0.919020733586095 1.0 0.697857581726317 0.5599413838252911
three 0.45183571572241893 0.5829505344133052 0.9159089148265416 1.0 0.6998602428334637 0.5543552606937701
legged 0.45183571572241893 0.5829505344133052 0.9159089148265416 1.0 0.6998602428334637 0.5543552606937701
table 0.45135093527201825 0.5812215517795493 0.9116987702683923 1.0 0.698484995816738 0.5575696127192116
solid 0.4533746340307868 0.58327557052821 0.9135427248441408 1.0 0.6999053152191791 0.5556029734223868
glass 0.45395133000787585 0.5842622931555335 0.9116166257373052 1.0 0.6980251720391726 0.5576448351937504
except 0.4525178970633208 0.5839610965713289 0.914209336643649 1.0 0.7000610135645028 0.5569561998033675
tiny 0.4525178970633208 0.5839610965713289 0.914209336643649 1.0 0.7000610135645028 0.5569561998033675
golden 0.4531310279017167 0.5828547708723035 0.9136480484143855 1.0 0.6951967848704516 0.5582373650561063
key 0.45329075880465686 0.5824002999781682 0.9150673535497021 1.0 0.696556773924027 0.5599089185991781
belong 0.4524564269693831 0.5862048444732639 0.9165966298095952 1.0 0.6999241150419706 0.5601525371869044
alas 0.4528644651680292 0.5828737566731237 0.9159633938222077 1.0 0.6972448923185128 0.560627047218488
locks 0.4536790918281343 0.5843518806554542 0.9176114496206514 1.0 0.7013336174905935 0.5577313068523011
small 0.45229799779136987 0.5822543614273934 0.913652529211567 1.0 0.6973216755886279 0.560102280865737
any 0.45338841427910015 0.5801171073777658 0.9142043023707329 1.0 0.6985960229179009 0.5581248767291069
rate 0.4524205628470516 0.5813888951397945 0.9143665708049633 1.0 0.6992401789367471 0.5579089558363096
open 0.4529373283203381 0.583916525454982 0.9165807495157617 1.0 0.6983519222249732 0.557621132377557
however 0.4531554600941211 0.5791290163423284 0.9155330830849188 1.0 0.6973425884956066 0.5593519085880815
second 0.45416655773720654 0.5848539297156505 0.917453985252011 1.0 0.6959459634510454 0.5616132111533404
round 0.453577721915003 0.5817255352854602 0.9142851522754976 1.0 0.6969287780844116 0.5587188977106279
curtain 0.45200004078364553 0.5828028052946005 0.915846753290566 1.0 0.6961580349349513 0.5606131191496554
fifteen 0.45423225242741666 0.5849933063496547 0.9100581943462327 1.0 0.6927090325031152 0.5599828637339741
inches 0.4529389421629784 0.5797047977110092 0.9105718852742658 1.0 0.6957329807678194 0.5565377813887683
high 0.4529389421629784 0.5797047977110092 0.9105718852742658 1.0 0.6957329807678194 0.5565377813887683
lock 0.4537913948938455 0.5835142287975956 0.9121615744101362 1.0 0.6918680185192962 0.5551418399163722
delight 0.4537913948938455 0.5835142287975956 0.9121615744101362 1.0 0.6918680185192962 0.5551418399163722
fitted 0.45560679677955074 0.5854057730331172 0.9153299151933277 1.0 0.6970887564043026 0.558813422495104
opened 0.4528780502828406 0.5827263905226071 0.9111941649239689 1.0 0.6973904770650765 0.5620410016202771
led 0.45160525352357983 0.5861227894135227 0.9181033298877505 1.0 0.6955941877709592 0.5663872369873266
larger 0.45422655209214335 0.5822326295184721 0.9142134402517668 1.0 0.6951401517017194 0.5627825775528458
than 0.45282085623448487 0.5851727475974023 0.9167994168210766 1.0 0.7022564962321104 0.5598112313095507
rat 0.45282085623448487 0.5851727475974023 0.9167994168210766 1.0 0.7022564962321104 0.5598112313095507
knelt 0.45282085623448487 0.5851727475974023 0.9167994168210766 1.0 0.7022564962321104 0.5598112313095507
along 0.4537249271344805 0.5864514558169729 0.9183844743606757 1.0 0.703884982689595 0.557555159075382
loveliest 0.4573569744223043 0.5883772249473004 0.9170468286772048 1.0 0.7009485581251003 0.5571547181451424
garden 0.45811065423069663 0.5841777814661421 0.9188567338438838 1.0 0.6973615961585267 0.5592482998225263
longed 0.4534764203380286 0.5842796122748329 0.9155705416185191 1.0 0.6970259235631743 0.5570543018949977
wander 0.4532100842113826 0.5850100359959187 0.9126565779872492 1.0 0.700847196527251 0.5578136500870589
those 0.4534410785569705 0.5849625357741789 0.9094246998922464 1.0 0.6991193764289927 0.5558784706479528
beds 0.453671378228559 0.5849151784008232 0.9062025410900516 1.0 0.6973967524393008 0.5539491109133813
bright 0.453671378228559 0.5849151784008232 0.9062025410900516 1.0 0.6973967524393008 0.5539491109133813
flowers 0.453671378228559 0.5849151784008232 0.9062025410900516 1.0 0.6973967524393008 0.5539491109133813
cool 0.453671378228559 0.5849151784008232 0.9062025410900516 1.0 0.6973967524393008 0.5539491109133813
fountains 0.45214997617162433 0.5877463047255234 0.9080392624085797 1.0 0.7026535335417222 0.5609452453947442
head 0.4549458694537538 0.5888524218106702 0.9172910373743401 1.0 0.7006025908665046 0.5609731989550601
doorway 0.45625953871186203 0.5908422681093696 0.9189940432720859 1.0 0.6998394215670645 0.5604597579171753
go 0.4565692703696827 0.5896593768002304 0.9173010465830576 1.0 0.7016044589760682 0.5625148855492016
poor 0.45495540972253656 0.585631210138399 0.9161633108970001 1.0 0.698773822192068 0.5633355735607709
shoulders 0.45919719454777475 0.5838774631109397 0.9221084190272608 1.0 0.7026090290164547 0.559791677270345
shut 0.45591188957413814 0.5812083853169525 0.9182808787175407 1.0 0.697271972875497 0.558058776323475
telescope 0.45301662261591225 0.5784174109729234 0.9162113750135412 1.0 0.6985878077821758 0.557291614392178
only 0.4518316761297445 0.5779092637209957 0.9106864702828386 1.0 0.6983376296573165 0.5536453982570989
begin 0.4520247552472525 0.5814197372617407 0.9102859113390425 1.0 0.6979018169471684 0.5542166012340795
happened 0.45337181516005065 0.5772960153022991 0.9126885524729484 1.0 0.6946123465566584 0.5562056957932145
lately 0.454416813773408 0.5828886548105155 0.917919090115722 1.0 0.6996279113822352 0.552957515211575
few 0.4542860102876846 0.5773857720248753 0.917960294413726 1.0 0.696043603732385 0.5572908058213729
indeed 0.4533795441950685 0.5790633168384174 0.9158394095964794 1.0 0.697221119400554 0.5567000101108067
really 0.4528806444597278 0.5816848123482673 0.9154018219584662 1.0 0.6980745756836897 0.5590771884534157
impossible 0.4528806444597278 0.5816848123482673 0.9154018219584662 1.0 0.6980745756836897 0.5590771884534157
waiting 0.4558711657471471 0.5822181175634392 0.9137759516794406 1.0 0.6984118271400869 0.5576375119265736
back 0.45208141547751984 0.5822534335837813 0.9131906430645029 1.0 0.7003297700597388 0.5608850150616065
half 0.45217578733568875 0.5826667295794773 0.9149405980494277 1.0 0.7028303541678549 0.5649787866257622
hoping 0.45217578733568875 0.5826667295794773 0.9149405980494277 1.0 0.7028303541678549 0.5649787866257622
find 0.4523669065165627 0.5816962348856944 0.9174840616861689 1.0 0.6983843260800638 0.562765615167817
rules 0.4537959205384938 0.5805155552736057 0.9171753519838067 1.0 0.6992945037283942 0.5570131181805846
shutting 0.45255765662607916 0.5796855312150361 0.9147527631705072 1.0 0.7012349524919104 0.5572873172729207
telescopes 0.45089540819747687 0.5808149571343386 0.9129430517461236 1.0 0.6995634627157367 0.5535982562620257
bottle 0.4535673412972657 0.5806062202982754 0.9133077422711428 1.0 0.7007840490512066 0.5565707556556907
certainly 0.45710389277718755 0.5877486821816533 0.9179388338163297 1.0 0.7011095270885328 0.5596521879197773
neck 0.4529956089811574 0.578632858530216 0.9111524986710993 1.0 0.6979003716731205 0.5558576293806868
paper 0.4529956089811574 0.578632858530216 0.9111524986710993 1.0 0.6979003716731205 0.5558576293806868
label 0.4527354290354138 0.5785400750785932 0.916033084322029 1.0 0.6957158518408452 0.5555299931480215
drink 0.4542831426924838 0.5798409729565531 0.9165222621248604 1.0 0.6976380294458489 0.5568271763196161
beautifully 0.45485698118859097 0.5797311604635114 0.9130268900703363 1.0 0.6961630019367657 0.5571762228787466
printed 0.4552788225045675 0.578975462830928 0.9152044922195335 1.0 0.6952809401950535 0.5573999913227702
letters 0.4504046523497528 0.5776893025079846 0.9148650375151464 1.0 0.696803025750046 0.5572669966009566
wise 0.4527939498787368 0.5771926482013234 0.914274063910935 1.0 0.7009146887146043 0.5511927001373699
hurry 0.45425699462578145 0.5776684599359327 0.9143141341240709 1.0 0.6981482271562175 0.5507112930877407
marked 0.4541620605621552 0.581088772196397 0.914409824022635 1.0 0.6985767365057646 0.559942794144223
poison 0.4537225673022566 0.581028899427609 0.9143168140288059 1.0 0.6995318501574787 0.5596172181673607
read 0.4542219726524632 0.5830803511187682 0.9188201622704085 1.0 0.697101944381745 0.5630676336408511
histories 0.4523158334510868 0.5787878833583341 0.9162437517197588 1.0 0.6971892059429962 0.5610655656188318
children 0.45213362011201874 0.5792259543269551 0.9129478121145408 1.0 0.6983544868693885 0.5565600858574224
who 0.45213362011201874 0.5792259543269551 0.9129478121145408 1.0 0.6983544868693885 0.5565600858574224
d 0.4523524549599339 0.5815851490998637 0.9137973565565454 1.0 0.6994027714624591 0.5581509455360634
gotten 0.45213362011201874 0.5792259543269551 0.9129478121145408 1.0 0.6983544868693885 0.5565600858574224
burnt 0.45213362011201874 0.5792259543269551 0.9129478121145408 1.0 0.6983544868693885 0.5565600858574224
eaten 0.45294383122652515 0.5795895141841221 0.9152221222953422 1.0 0.6986135480699707 0.5555011681338949
wild 0.45294383122652515 0.5795895141841221 0.9152221222953422 1.0 0.6986135480699707 0.5555011681338949
beasts 0.45294383122652515 0.5795895141841221 0.9152221222953422 1.0 0.6986135480699707 0.5555011681338949
unpleasant 0.4526114581976727 0.5753902606519001 0.9144765014421193 1.0 0.6988770689853809 0.5569886871644782
because 0.4526114581976727 0.5753902606519001 0.9144765014421193 1.0 0.6988770689853809 0.5569886871644782
simple 0.455792830139367 0.579206532358412 0.9180371173462416 1.0 0.6991347863774209 0.5587139078316156
friends 0.4565053305096632 0.5816082593335105 0.9214594237183895 1.0 0.7010930669749973 0.5572208541329263
taught 0.4565053305096632 0.5816082593335105 0.9214594237183895 1.0 0.7010930669749973 0.5572208541329263
red 0.45812720794263767 0.5825228770715999 0.9221477183447088 1.0 0.7007448248674853 0.556544714481771
poker 0.45535871544503953 0.5806894202473435 0.9127263298394056 1.0 0.7009584610091109 0.5603545061517163
will 0.45535871544503953 0.5806894202473435 0.9127263298394056 1.0 0.7009584610091109 0.5603545061517163
burn 0.45535871544503953 0.5806894202473435 0.9127263298394056 1.0 0.7009584610091109 0.5603545061517163
hold 0.45535871544503953 0.5806894202473435 0.9127263298394056 1.0 0.7009584610091109 0.5603545061517163
cut 0.45220731603610104 0.5810158287984687 0.9140931664363489 1.0 0.7015628948084026 0.5579008027402043
your 0.453958507876345 0.5826207440575963 0.9202310784030665 1.0 0.7029574794788469 0.5614144180988885
finger 0.453958507876345 0.5826207440575963 0.9202310784030665 1.0 0.7029574794788469 0.5614144180988885
deeply 0.453958507876345 0.5826207440575963 0.9202310784030665 1.0 0.7029574794788469 0.5614144180988885
knife 0.453958507876345 0.5826207440575963 0.9202310784030665 1.0 0.7029574794788469 0.5614144180988885
usually 0.4567094832706469 0.5822744111564514 0.9212714504663059 1.0 0.7001907117172872 0.5616453938254073
bleeds 0.4567094832706469 0.5822744111564514 0.9212714504663059 1.0 0.7001907117172872 0.5616453938254073
forgotten 0.4542179219029463 0.5829325973130904 0.917251736176211 1.0 0.7000040805477925 0.560384912615199
almost 0.45180199736589005 0.577294224618254 0.9108014242469684 1.0 0.7007486472554467 0.5604676483563734
certain 0.45180199736589005 0.577294224618254 0.9108014242469684 1.0 0.7007486472554467 0.5604676483563734
disagree 0.45180199736589005 0.577294224618254 0.9108014242469684 1.0 0.7007486472554467 0.5604676483563734
sooner 0.45409122741690766 0.5797554423005361 0.9142554326827516 1.0 0.7043829787537204 0.5635696846482824
later 0.45409122741690766 0.5797554423005361 0.9142554326827516 1.0 0.7043829787537204 0.5635696846482824
ventured 0.4519882413024511 0.5787899103805209 0.9145942066796612 1.0 0.6978095296091735 0.5610437978511947
taste 0.4519882413024511 0.5787899103805209 0.9145942066796612 1.0 0.6978095296091735 0.5610437978511947
finding 0.4522470025340998 0.576078187710882 0.9132280849124971 1.0 0.6954529175897272 0.5600609993334277
fact 0.4522700805928392 0.5808182604100162 0.9145159459712863 1.0 0.7015087688214252 0.5628715085032883
mixed 0.4522700805928392 0.5808182604100162 0.9145159459712863 1.0 0.7015087688214252 0.5628715085032883
flavor 0.4522700805928392 0.5808182604100162 0.9145159459712863 1.0 0.7015087688214252 0.5628715085032883
cherry 0.451430922677405 0.5823266848234433 0.9120751007961906 1.0 0.6986193663590785 0.560599062928701
tart 0.451430922677405 0.5823266848234433 0.9120751007961906 1.0 0.6986193663590785 0.560599062928701
custard 0.4514001292217966 0.5781695833702641 0.9132387880509565 1.0 0.698457864531109 0.5608648996985137
pine 0.4514001292217966 0.5781695833702641 0.9132387880509565 1.0 0.698457864531109 0.5608648996985137
apple 0.4514001292217966 0.5781695833702641 0.9132387880509565 1.0 0.698457864531109 0.5608648996985137
roast 0.4514001292217966 0.5781695833702641 0.9132387880509565 1.0 0.698457864531109 0.5608648996985137
turkey 0.451676762171561 0.5777455876791054 0.911438859471654 1.0 0.6967956878660453 0.559072091122256
toffee 0.451676762171561 0.5777455876791054 0.911438859471654 1.0 0.6967956878660453 0.559072091122256
buttered 0.451676762171561 0.5777455876791054 0.911438859471654 1.0 0.6967956878660453 0.559072091122256
toast 0.45260829834600796 0.5783030246703802 0.9123421697908449 1.0 0.6979454475792914 0.5558914942214693
finished 0.45204090959834736 0.5739623775050104 0.907634409370481 1.0 0.69598590504334 0.5529739413865169
curious 0.45189138976076393 0.5759059155453004 0.9103728088913129 1.0 0.6967860625208872 0.558025426910863
feeling 0.4518527806066071 0.571811803270595 0.9101410988754055 1.0 0.6979565126973619 0.5557145289061851
ten 0.45163779745771204 0.5743842530566159 0.9110886879700552 1.0 0.6987752470992695 0.5530718298874724
face 0.45163779745771204 0.5743842530566159 0.9110886879700552 1.0 0.6987752470992695 0.5530718298874724
brightened 0.45399070704895744 0.5754149995138437 0.9138162529411987 1.0 0.6998667992578622 0.5526319247865016
size 0.4566248529546113 0.5785327172935152 0.9188923670989774 1.0 0.6987140084206396 0.5577724367108
lovely 0.4574309844012649 0.5795871199510264 0.9201684979961802 1.0 0.6971132750056293 0.5577552637593883
waited 0.45612306276662123 0.576307521819782 0.9213034854494637 1.0 0.695827966070871 0.5593154183677759
minutes 0.4548619259536191 0.5723715745647522 0.9171207106752939 1.0 0.6945870653433 0.5564649260504618
shrink 0.45577752657950843 0.5737760451882953 0.9115065052549707 1.0 0.6975494190692134 0.5590603546135918
further 0.45577752657950843 0.5737760451882953 0.9115065052549707 1.0 0.6975494190692134 0.5590603546135918
nervous 0.4522715051109919 0.5772619508752792 0.9080973225476523 1.0 0.6994974596876274 0.5617811912990514
altogether 0.4541427649220286 0.5826491239782676 0.9119718263766049 1.0 0.6972253218518937 0.5553125408491919
candle 0.45415957400723744 0.577787005121113 0.9139105456014182 1.0 0.6956850651379075 0.5572446163710099
flame 0.4562737148343374 0.5801449380606134 0.9161078100295695 1.0 0.6985632260701912 0.5604939626296563
blown 0.4505425546071782 0.5758450629338652 0.9085546731817439 1.0 0.6959882118147075 0.5545531034845764
thing 0.45432834899261965 0.5808547084472255 0.9127815893761557 1.0 0.6980224962989189 0.558673491856868
while 0.44954630190601924 0.5737196182473548 0.9073449639458354 1.0 0.6935527658492865 0.552970606530752
more 0.4525025560101282 0.5734000811419955 0.9118788983900316 1.0 0.6931255195116499 0.5590903841610899
decided 0.4595487714441024 0.5845635211276191 0.9193589141321981 1.0 0.694009031791788 0.5628471669100886
possibly 0.44921392381284453 0.5808445398419232 0.9079326874570475 1.0 0.6969739292820598 0.5546200817781883
reach 0.45175330446154904 0.5803197543560619 0.9111413939435083 1.0 0.695513624329051 0.5594163010939223
plainly 0.4561656122594537 0.5898246094237194 0.9140418978433633 1.0 0.6966480343663811 0.5584459436751624
best 0.45841179951382305 0.5840072226463189 0.9126810529739242 1.0 0.6947024303391444 0.5598375977322375
climb 0.45841179951382305 0.5840072226463189 0.9126810529739242 1.0 0.6947024303391444 0.5598375977322375
legs 0.4525095457609316 0.5805442499113572 0.9097815987543512 1.0 0.6957092245603353 0.5534464822105832
slippery 0.4541815696896253 0.5832219845777263 0.9125534511708389 1.0 0.6948489707682197 0.556236820904476
sat 0.45564325065731426 0.5862518042747978 0.9156967742046683 1.0 0.6982721573180161 0.5612335005928228
cried 0.4547238847748046 0.5864272335408253 0.9171110982915311 1.0 0.6994941557728452 0.5616610189176753
crying 0.4517260729383187 0.5842760860818892 0.9128174404220865 1.0 0.6999922885372776 0.5634601072873229
sharply 0.4555333937950174 0.5836278242431792 0.9136790727854192 1.0 0.6957164415670364 0.5615648112058288
advise 0.4535882216118872 0.582490947366688 0.9119896345425074 1.0 0.697805352352637 0.5622162947352843
leave 0.4535882216118872 0.582490947366688 0.9119896345425074 1.0 0.697805352352637 0.5622162947352843
minute 0.45477494740565594 0.5825130322268351 0.9122746355630853 1.0 0.6958979669726137 0.5555605253849162
generally 0.4530841061961628 0.5814762060764495 0.9118916409726686 1.0 0.6975634902682242 0.5559998224541955
gave 0.4530841061961628 0.5814762060764495 0.9118916409726686 1.0 0.6975634902682242 0.5559998224541955
advice 0.4530841061961628 0.5814762060764495 0.9118916409726686 1.0 0.6975634902682242 0.5559998224541955
seldom 0.45515412076037604 0.583855645473424 0.9133071563733539 1.0 0.6984961724790086 0.5551242213333271
followed 0.45515412076037604 0.583855645473424 0.9133071563733539 1.0 0.6984961724790086 0.5551242213333271
scolded 0.45468664147336985 0.5819514368962142 0.9140783130394198 1.0 0.6966574889650904 0.5549385435425588
severely 0.4557919334933076 0.5812930402670486 0.9123108421901437 1.0 0.6972792830571581 0.5527598015065331
bring 0.4557919334933076 0.5812930402670486 0.9123108421901437 1.0 0.6972792830571581 0.5527598015065331
tears 0.4599825631552354 0.585555959876411 0.9193862140631711 1.0 0.7003456146340105 0.55798845550923
remembered 0.4584707524764881 0.5812107053306985 0.9160321107861212 1.0 0.6952408577188064 0.5585094380910979
box 0.4553908991044672 0.5804547605751604 0.9116501688482935 1.0 0.6963838995481011 0.5586956195606282
cheated 0.45493706553974755 0.5798876838129979 0.9148569667543844 1.0 0.6949930124617743 0.5585924624090303
game 0.45222045354419915 0.5785502906949443 0.9118424298044586 1.0 0.6938109657964749 0.5614408421899747
croquet 0.45222045354419915 0.5785502906949443 0.9118424298044586 1.0 0.6938109657964749 0.5614408421899747
playing 0.45222045354419915 0.5785502906949443 0.9118424298044586 1.0 0.6938109657964749 0.5614408421899747
against 0.45222045354419915 0.5785502906949443 0.9118424298044586 1.0 0.6938109657964749 0.5614408421899747
child 0.4527047501683342 0.5808415939173768 0.9111957378729274 1.0 0.6959370525384413 0.5603305171006264
fond 0.4527047501683342 0.5808415939173768 0.9111957378729274 1.0 0.6959370525384413 0.5603305171006264
pretending 0.4527047501683342 0.5808415939173768 0.9111957378729274 1.0 0.6959370525384413 0.5603305171006264
two 0.45292975359391446 0.5804451865669122 0.9146576617777374 1.0 0.6968443371132683 0.5654941627730561
pretend 0.4539003011860276 0.5817371847730688 0.9167411703806545 1.0 0.6959067043179783 0.5682007044894287
hardly 0.4530901094992603 0.578522551958519 0.9149411342684369 1.0 0.6968292667272603 0.5629703316975273
enough 0.4530901094992603 0.578522551958519 0.9149411342684369 1.0 0.6968292667272603 0.5629703316975273
respectable 0.45106359517503164 0.5792303358832805 0.9119808722173173 1.0 0.7000023932632631 0.5554737389839774
person 0.45106359517503164 0.5792303358832805 0.9119808722173173 1.0 0.7000023932632631 0.5554737389839774
eye 0.4545857497288135 0.5800916090725178 0.9105128621239488 1.0 0.6974971744801807 0.5544050906681641
lying 0.4523187092570663 0.5797006968186653 0.9072791303905565 1.0 0.6975240971740708 0.558881337759313
cake 0.45345476880726593 0.5786358866756038 0.911324852653359 1.0 0.6987500112185241 0.5520515928130018
currants 0.45546300967637043 0.58126600227619 0.9146851439879814 1.0 0.6957494934680469 0.5609065353829544
makes 0.4547639987165689 0.5798332328022794 0.9150673719186425 1.0 0.6954671906389311 0.5603640133022928
grow 0.4532704280586373 0.5783702722499462 0.9134625573593513 1.0 0.6940673331106881 0.5618124272337333
can 0.4536823095028168 0.5798431293426726 0.9136964745243811 1.0 0.695753789083541 0.5601725202001345
smaller 0.4522337916396525 0.5769521391008574 0.912555957473537 1.0 0.6940908758169542 0.5593862056531581
creep 0.45305694712950484 0.5798945950958004 0.9130235976967249 1.0 0.6974592752928637 0.5561119200339679
