word v0 v1 v2 v3 v4 v5
alice 0.5767179804699747 0.5764217458328466 0.6435888846999573 1.0 0.5488813370131936 0.6153843052915254
was 0.5774711568378952 0.5773032289583062 0.6440718913144656 1.0 0.5491577322603254 0.6161813041208751
beginning 0.5736292932074998 0.5710738533955159 0.6487070352629325 1.0 0.544462976582005 0.613715982897634
to 0.5765442759119352 0.5766581630610016 0.643999903816287 1.0 0.5487245034998964 0.6155223924487434
get 0.5777745586191204 0.5773742701640041 0.6446283923709742 1.0 0.548824268281364 0.6164689055156669
very 0.5767442705019566 0.576514018684967 0.6443010018952549 1.0 0.5473620053583446 0.6149924977125288
tired 0.5746581721165287 0.5765949129214326 0.6443698412041847 1.0 0.5456767091090029 0.6133293460003391
of 0.5779144815978429 0.5770134746908022 0.6446348945125324 1.0 0.5485558578718787 0.6160955938363339
sitting 0.5742281435112584 0.5720344636785368 0.647912617914587 1.0 0.5434082660346755 0.6130929793956635
by 0.5769250102117429 0.5763603133087157 0.6452713981878545 1.0 0.5487168355155847 0.6153183928346416
her 0.5772545567736908 0.5760515424223425 0.6462192999163071 1.0 0.5479665753551062 0.6165137831995774
sister 0.5733059919658868 0.5722896182086497 0.6498719816073348 1.0 0.5435126159902298 0.6142504616677965
on 0.5780947423299505 0.577539767673537 0.6452736106033119 1.0 0.5497566490240411 0.6165858150252572
the 0.576513033401287 0.576870571835211 0.6437952108638789 1.0 0.548463782816083 0.6154596449753514
bank 0.5729727493755601 0.5732790463962868 0.6491886719356632 1.0 0.542658092777403 0.613711871343317
and 0.5779725876132458 0.5772154715717686 0.6439078326479014 1.0 0.54926155696224 0.6163599797625987
having 0.5806643504628741 0.580041647968656 0.6466465052448948 1.0 0.5473775797211277 0.616761942619391
nothing 0.577091863983769 0.5751440349807359 0.6453403184148886 1.0 0.5481128325392816 0.6136452573178913
do 0.5775185777055095 0.5765404746201983 0.6447728144570126 1.0 0.549919034646251 0.6147281917794201
once 0.5755399764356379 0.5762286295257711 0.6460105179685399 1.0 0.5485347479143191 0.6167534934817218
or 0.5766720861336587 0.5756027579715838 0.6456639287901716 1.0 0.5472819798367049 0.6155161875673753
twice 0.5713555571736 0.5724549172370273 0.6497679117518568 1.0 0.543991038056405 0.6150111543937997
she 0.57778462733262 0.5780758458802743 0.6442970189259775 1.0 0.5493208168682704 0.6164007945723071
peeped 0.5723849943480102 0.5725444534530342 0.6518288934648621 1.0 0.5436168353682415 0.6154064955330755
into 0.5775744012694659 0.5781354102006402 0.6442009101668981 1.0 0.5480444984755182 0.6168602380804576
book 0.5764518686273467 0.574087776430108 0.647605863386599 1.0 0.5484506729840238 0.6156816975256069
reading 0.5753664374376958 0.57315369473583 0.6530844200203422 1.0 0.5454621772198017 0.6162411002990603
but 0.5755816242294235 0.5762908360804989 0.644488648290184 1.0 0.549260059814028 0.6159314636967906
it 0.5772285141754289 0.5769038735658018 0.6447752418016565 1.0 0.5496616485719544 0.6160947328223078
had 0.5777366186725112 0.5772781166730446 0.6444762894817088 1.0 0.549668421838338 0.6156695202103594
no 0.5777556389970157 0.5777369512023206 0.6435239283470046 1.0 0.5493374892722429 0.615038158920221
pictures 0.576842046825702 0.5721154703820132 0.6486412476382605 1.0 0.5467437994763593 0.6165663577935332
conversations 0.5796507822058748 0.570652968112935 0.6539241113509474 1.0 0.5445705486165303 0.6161305337902899
in 0.5772560974170617 0.576844559110235 0.6448966787889095 1.0 0.5490494525497962 0.6166716363577768
what 0.5776539563546166 0.5761490997683019 0.6441312173321042 1.0 0.5487219256985763 0.6149748813728992
s 0.578775651350381 0.5772519763731021 0.6449814288146276 1.0 0.5505466488480736 0.6168339407591942
use 0.5795121084942346 0.5803054913154482 0.6465590612426071 1.0 0.5496169888686308 0.6181341741894956
a 0.5782705080350349 0.5779646041261858 0.6445406456909344 1.0 0.549671949765494 0.617071637609818
thought 0.5760554648769589 0.5764136538695522 0.6448591597351104 1.0 0.5493015463844872 0.6162256204255938
without 0.5761979896621139 0.5746083469074563 0.6485015070102941 1.0 0.5475547206635393 0.6173071116379151
conversation 0.5766720182399314 0.5687229480609874 0.6512970368736962 1.0 0.5451722541238588 0.6149007405101242
so 0.5792242941443302 0.5773343263382495 0.6460547266095348 1.0 0.5492579138720205 0.6161285675317418
considering 0.5735427180235504 0.5707733426562088 0.6477878691149348 1.0 0.547045231146511 0.6148169372327273
own 0.5805832144007729 0.5769644292577638 0.6476776521201407 1.0 0.5491363361160069 0.6161389089192711
mind 0.573499931373442 0.5712188814832406 0.6477663976825201 1.0 0.5457792409316744 0.6147494516787481
as 0.5786650285332623 0.5765276187544364 0.6446670079981284 1.0 0.5484774084988512 0.6150657852364803
well 0.575217442084948 0.5733066994305389 0.6430153072023724 1.0 0.5458114761607495 0.61383771608834
could 0.580660965443955 0.5804547159633079 0.6460637400974423 1.0 0.5507972493689166 0.6180468972757417
for 0.5773946467212366 0.5777191690486657 0.6438265934346148 1.0 0.5485598163493225 0.6158472449285181
hot 0.5777478460518234 0.578465071099396 0.6439162965416864 1.0 0.547555327812192 0.6150470154333989
day 0.576626420545557 0.5731804070228766 0.6506061530006205 1.0 0.5440441585222157 0.6166006757475541
made 0.5783080499971778 0.577550567354014 0.6494076547594994 1.0 0.5479070256841092 0.6153932815320972
feel 0.5750471550559473 0.5740514260378402 0.6532141744678764 1.0 0.545198148496021 0.6148175008566356
sleepy 0.5786504694444106 0.5754834535180833 0.6488803131674695 1.0 0.5479688853340806 0.6132958155580521
stupid 0.5750471550559473 0.5740514260378402 0.6532141744678764 1.0 0.545198148496021 0.6148175008566356
whether 0.5793368682278487 0.5775215495031026 0.650066820412145 1.0 0.5513866400806775 0.615941326250774
pleasure 0.5782184508549119 0.5763014938897921 0.6547151606017108 1.0 0.5487663393478591 0.6171575989628076
making 0.5782184508549119 0.5763014938897921 0.6547151606017108 1.0 0.5487663393478591 0.6171575989628076
daisy 0.5759281617285286 0.5730750706517016 0.6527856912976117 1.0 0.5473007619981684 0.6165257907463829
chain 0.5759281617285286 0.5730750706517016 0.6527856912976117 1.0 0.5473007619981684 0.6165257907463829
would 0.5757910436280491 0.5768859715846965 0.6455601297316275 1.0 0.5502205665414333 0.6160511063277737
be 0.5779285272436063 0.5787210709487489 0.6441166768869065 1.0 0.5485612776868364 0.6163586562044671
worth 0.5759281617285286 0.5730750706517016 0.6527856912976117 1.0 0.5473007619981684 0.6165257907463829
trouble 0.573726548876376 0.5692750493001187 0.649426467951054 1.0 0.545758156783936 0.6133362118918451
getting 0.578297955508047 0.5743969660077938 0.644619304148732 1.0 0.547680155111855 0.6132800674070337
up 0.5772626228259554 0.57859650662149 0.6437371039034407 1.0 0.5497054963665533 0.6162255345766214
picking 0.573726548876376 0.5692750493001187 0.649426467951054 1.0 0.545758156783936 0.6133362118918451
daisies 0.573726548876376 0.5692750493001187 0.649426467951054 1.0 0.545758156783936 0.6133362118918451
when 0.5774075249421406 0.578381986383247 0.6447905233061695 1.0 0.549327380211779 0.6163647806780591
suddenly 0.5779683177188076 0.5754862169480363 0.6461513599927777 1.0 0.5481336851432171 0.6148440483385716
white 0.5767597694811702 0.5757208898762075 0.6474303777479758 1.0 0.5481285224164374 0.619481116534904
rabbit 0.5756620386280067 0.572541588870847 0.6469991641155408 1.0 0.546977948315882 0.6173712230001688
with 0.5777538961658257 0.5761443126086775 0.6450651210532338 1.0 0.5479240016004056 0.6157573077515042
pink 0.5769025497201261 0.5727182663214092 0.6530996486176492 1.0 0.5461905528154345 0.6188900876475691
eyes 0.5815766160411688 0.5779962335998252 0.6503187606099393 1.0 0.5475504643852654 0.6184822691777054
ran 0.5745846241151592 0.5718410314975501 0.649959876097164 1.0 0.5448190600745058 0.6169116949052915
close 0.5777042428998782 0.5741670205272401 0.6470389342702308 1.0 0.5493307439514794 0.6170351391060329
there 0.5785550714331429 0.5781816637759093 0.6444455823188521 1.0 0.5493488453578601 0.6158269096951371
remarkable 0.5713909498271469 0.5735517919979863 0.6511684233918904 1.0 0.5480337662913298 0.615495186686069
that 0.5786929706400281 0.5774684651920626 0.6441004021297193 1.0 0.5497363867609616 0.6161433074955154
nor 0.5713909498271469 0.5735517919979863 0.6511684233918904 1.0 0.5480337662913298 0.615495186686069
did 0.5774044432028826 0.5771264328975636 0.6458352615616332 1.0 0.5484930884407025 0.6147431047216378
think 0.5771056276431628 0.5748866425362509 0.6443422201984176 1.0 0.54875431641995 0.6148407281521412
much 0.5749807195267271 0.5768988352915455 0.6462892056322777 1.0 0.5494383604654791 0.6158892327846602
out 0.5747437430367145 0.5764051434437888 0.6443965056419729 1.0 0.5478237541499931 0.6163042600025654
way 0.57497691230336 0.5761601812311306 0.6442169848693751 1.0 0.5481471262289955 0.6146644430965038
hear 0.5767594752197687 0.5779561140236527 0.6438669184374747 1.0 0.5461238977308399 0.6132090855730608
say 0.5748407368849676 0.5758255791254142 0.643681663656132 1.0 0.5481131129037516 0.6138837053776107
itself 0.5714653406603433 0.572471338488251 0.6476558768606637 1.0 0.5413844580720399 0.613313378379843
oh 0.5742413114595489 0.577978571778557 0.6446831474754042 1.0 0.5451821590956667 0.6136396213426978
dear 0.5711662464348496 0.5759952218555453 0.6432981802682435 1.0 0.5416670228143374 0.6120231538835901
i 0.576850365212786 0.577387561076037 0.642969433238668 1.0 0.5490294433905666 0.6147426046661435
shall 0.5762584509125142 0.5759255460488023 0.6446813471535954 1.0 0.5480419623797121 0.6138249227473419
late 0.5799522769886702 0.5796033693401602 0.647502380203567 1.0 0.5483387427206048 0.6164383180537988
over 0.5771772418820235 0.5779203259598585 0.6469136563034874 1.0 0.5491627678165518 0.6162242668613124
afterwards 0.5744643530157083 0.578647875771767 0.6535870504825284 1.0 0.5495845431341824 0.6166642746585215
occurred 0.5744643530157083 0.578647875771767 0.6535870504825284 1.0 0.5495845431341824 0.6166642746585215
ought 0.5702077292073808 0.5732089127419112 0.6529618553133488 1.0 0.5485672120902322 0.6158399618371536
have 0.5747520487700333 0.5734596952146717 0.6483804055289754 1.0 0.5478290473155334 0.6148590186722247
wondered 0.5702077292073808 0.5732089127419112 0.6529618553133488 1.0 0.5485672120902322 0.6158399618371536
at 0.5757101463320429 0.5755469689058456 0.6451895702550668 1.0 0.5483656636499225 0.6163088772597786
this 0.578285578500963 0.5762073341250212 0.6438723630213821 1.0 0.5490370701352886 0.6155798175807424
time 0.5750532994232498 0.5755612036754164 0.6445736403842905 1.0 0.5480189725612996 0.6138778238583856
all 0.5733863920594019 0.5758456367757502 0.6426074536136696 1.0 0.548660532698038 0.6142469776125151
seemed 0.5763666904549258 0.5793321315213352 0.6515692134164759 1.0 0.5495154084901716 0.6191803928501262
quite 0.5810327292487728 0.5765772110562298 0.6513081183905406 1.0 0.5514220548673632 0.6181978990686278
natural 0.572829394856516 0.5714756966592233 0.6525403979461181 1.0 0.548172222925871 0.617357555716404
actually 0.5739435870328395 0.5722153012419537 0.6502940811251623 1.0 0.5468841732087071 0.618833645181493
took 0.5756672254553928 0.5726561198039759 0.6471752262057561 1.0 0.5480213817766029 0.6189181163840316
watch 0.5757511616780702 0.5714010957497239 0.6489982791454658 1.0 0.5461732403999369 0.6207404787156305
its 0.5737364556514575 0.5712095790049676 0.6493148134304774 1.0 0.5479237155392873 0.6210143366129981
waistcoat 0.5757511616780702 0.5714010957497239 0.6489982791454658 1.0 0.5461732403999369 0.6207404787156305
pocket 0.576871547866097 0.5707417543508265 0.6485173329484049 1.0 0.5470472855667837 0.6211692188377288
looked 0.5762772157589117 0.5753923975265308 0.6453676159298043 1.0 0.5484710960500265 0.6180885254234928
then 0.5781623473510246 0.5730695381201419 0.6457657496175949 1.0 0.5487105026275704 0.615198742176534
hurried 0.5693452409276155 0.5687939252924034 0.6488602836286339 1.0 0.5487165902522577 0.6168369496790717
started 0.5693496409449619 0.5696322527899517 0.6476664834483276 1.0 0.546749033706075 0.613789153063202
feet 0.5738500284958465 0.5740865925062884 0.6475821821972487 1.0 0.5481423286159915 0.6167202373651975
flashed 0.5698839557400145 0.5711622883369787 0.6472388390931785 1.0 0.545967419141561 0.6161093321016257
across 0.5728104203353347 0.57179558545555 0.6469998832540387 1.0 0.5450551622122536 0.6160325589930981
she'd 0.5698839557400145 0.5711622883369787 0.6472388390931785 1.0 0.545967419141561 0.6161093321016257
never 0.5739758006339841 0.5733804960428915 0.6450293485173577 1.0 0.5483050175463494 0.6156819395449238
before 0.5763451682043061 0.575479294272941 0.6454154867696666 1.0 0.5489493634845496 0.6166776666480877
seen 0.5789595813542641 0.5770329618830727 0.6446166756776543 1.0 0.5485403057290344 0.6172096662942722
either 0.5748662853682363 0.5747488449382836 0.643760910234521 1.0 0.5470276677560159 0.6144446307345057
take 0.5758274202096562 0.5704061917635004 0.6458478194541981 1.0 0.5424035878041652 0.6195640284588371
burning 0.5758274202096562 0.5704061917635004 0.6458478194541981 1.0 0.5424035878041652 0.6195640284588371
curiosity 0.5746043998770959 0.5712081750392536 0.6466077917692991 1.0 0.5416771414479807 0.6169355142898444
field 0.5757615481127711 0.5724342197725257 0.6467589135817612 1.0 0.5441352171124416 0.6159551388686593
after 0.5766272554240358 0.5753162115987477 0.6438004529676973 1.0 0.5473915516922667 0.615314260844313
fortunately 0.5737178957066295 0.5716453848638912 0.6479008185224729 1.0 0.5468554433160296 0.6188530485147475
just 0.5776004055367888 0.5776239052978348 0.6443140150039425 1.0 0.5501190090179695 0.616050115580197
see 0.5775063634519542 0.5768548451265668 0.6450172437544764 1.0 0.5501894598879956 0.6155986890517641
pop 0.5705910259576653 0.5682765311362277 0.6466205385461037 1.0 0.5458274391328881 0.6158468090852718
down 0.5752966480489082 0.5755592573690986 0.643244125760522 1.0 0.5479636093116846 0.6146209067987071
large 0.5734291143435802 0.576466023809529 0.643460997429575 1.0 0.5475890108022543 0.6153594785828097
hole 0.573960417704733 0.5735062203540576 0.6451437860103837 1.0 0.5470008069286763 0.6165411151352768
under 0.5763999374752803 0.5740734633711744 0.6428587096176437 1.0 0.5466091070459236 0.6147194618591864
hedge 0.5678569918432559 0.5684653032371857 0.6456022429478465 1.0 0.5453235233363566 0.614990579190136
another 0.5740228462054626 0.5759323811120171 0.6453952519936489 1.0 0.549620937504577 0.6166532138418718
moment 0.5741829460114476 0.5738079323353646 0.6445370021357391 1.0 0.5491610843089066 0.617034490079516
went 0.5773556727914051 0.5766147200835674 0.6457092216283954 1.0 0.549643922295867 0.616499696051929
how 0.5744065095863263 0.5769799796905484 0.6425062441317392 1.0 0.5483279502484337 0.615097083068798
world 0.5749783669775844 0.5692223550633071 0.6460507385204213 1.0 0.5475626980410855 0.6161817995201011
again 0.5745346152925517 0.5757144891495378 0.6423447339899366 1.0 0.5466409221547922 0.613170575347787
straight 0.5830221502156273 0.5729783365799908 0.6489521511169504 1.0 0.5500266742886654 0.6188671973645641
like 0.5785169535732771 0.5797458935974558 0.6435517022401213 1.0 0.5491927923372567 0.6161167553503077
tunnel 0.5830221502156273 0.5729783365799908 0.6489521511169504 1.0 0.5500266742886654 0.6188671973645641
some 0.5779478098881713 0.5696887214817119 0.6464672145229511 1.0 0.5461691497980579 0.614458982273562
dipped 0.5779478098881713 0.5696887214817119 0.6464672145229511 1.0 0.5461691497980579 0.614458982273562
not 0.5778532029849408 0.5789513077983239 0.6436980030231914 1.0 0.5505406793877874 0.6166518124833618
about 0.5755043821436154 0.5756363308573914 0.6440211056147702 1.0 0.5498301631555541 0.6166454634312515
stopping 0.5776787758269155 0.5700994451333683 0.643657878898423 1.0 0.5450031953116088 0.6142300269520226
herself 0.5789425964357239 0.578158362361982 0.6428688835656464 1.0 0.5485897758031063 0.6161657552815144
found 0.5778509549106705 0.5783966780861636 0.6432958250592852 1.0 0.5507745837699933 0.6177184645727415
falling 0.5790492686309938 0.575506834370756 0.6441534747851076 1.0 0.5480767948905172 0.6156446870100906
deep 0.5750768492930309 0.5714913899927273 0.6413996714287762 1.0 0.5422335536255568 0.6123678059948201
fell 0.5766272353345868 0.5739441243602118 0.643513054761222 1.0 0.5472945201857631 0.6131004541278188
slowly 0.5744834503449651 0.5734927922733426 0.6436086722060901 1.0 0.5433666703979684 0.6130874504993428
plenty 0.5759925605306906 0.5742181769702476 0.6448384095843974 1.0 0.5454113129734005 0.6131590984649862
look 0.5729372584559398 0.5749851813667869 0.6445112229882715 1.0 0.5491857308456374 0.6145273638786717
wonder 0.5775895930288517 0.5764112189884623 0.6432784300953408 1.0 0.5490949023206886 0.6150801545137453
going 0.5742961573222052 0.5792488831856184 0.6420096164496004 1.0 0.54845679692693 0.6154458954454795
happen 0.5722731918627803 0.5731376383192953 0.6459604298391781 1.0 0.5473354181091439 0.6150006467370216
next 0.5722731918627803 0.5731376383192953 0.6459604298391781 1.0 0.5473354181091439 0.6150006467370216
first 0.5764923767086911 0.5801570469508416 0.6431698480910689 1.0 0.5505702513401944 0.6166027673807605
tried 0.5795008075324487 0.5790906331289127 0.6443773556425718 1.0 0.5504879344480562 0.617537486930982
make 0.5763280915043368 0.5738933537295314 0.6439766069048521 1.0 0.548909330768277 0.6157843854272352
coming 0.5736219742051611 0.5699872552175665 0.6461341334055382 1.0 0.5495892603641934 0.6151818085128408
too 0.5771884757191863 0.5801884455768744 0.642033980378445 1.0 0.548467294007732 0.6145683853723182
dark 0.5755322489750061 0.5767425646673282 0.6460517289594265 1.0 0.5508566849818877 0.6187754980158294
anything 0.5780503794171339 0.5711765734729086 0.6450730600785439 1.0 0.5490262888013122 0.6136892583081397
sides 0.5827581997509971 0.5727754169131912 0.6468137374231827 1.0 0.5473206166140787 0.6152832273493793
noticed 0.576688732430734 0.574470762078799 0.6444877533314354 1.0 0.551284287522715 0.6170987227744292
they 0.5738081418937362 0.574646244663167 0.6414367090648548 1.0 0.5472942011595869 0.6132525569481736
were 0.5758129316341023 0.5781810994851931 0.6413094416916888 1.0 0.5483806782957065 0.6145004721634776
filled 0.5806371894476821 0.5716033089479945 0.6453825179515748 1.0 0.54810230048782 0.6160622589984517
cupboards 0.5787478237167746 0.5707816198831595 0.6450556306041142 1.0 0.5482761430627338 0.6149342935729424
shelves 0.5771493249829287 0.5718342203391564 0.6447744827455076 1.0 0.5485495717775849 0.615636273549453
here 0.5778487516970946 0.576926461446639 0.6430384536852519 1.0 0.5494401318776648 0.6149059691281592
saw 0.5744105713192648 0.5764970065580788 0.6415862106957636 1.0 0.547326465286203 0.6161603214532416
maps 0.5780507355537738 0.572757302222765 0.6439201796945522 1.0 0.5482777360427187 0.6150133137714835
hung 0.5784998228614213 0.5744786139584385 0.6414951250688108 1.0 0.5496145578745492 0.6185679676749118
upon 0.5771015474965234 0.5789149918575593 0.6433271654018905 1.0 0.5504425965531675 0.6156902968310729
pegs 0.5784998228614213 0.5744786139584385 0.6414951250688108 1.0 0.5496145578745492 0.6185679676749118
jar 0.578809688512662 0.5735612417777204 0.6443521767713631 1.0 0.5483171472755112 0.6165930462716614
from 0.5790459472678998 0.5772973270896304 0.644955459979331 1.0 0.5516358574207475 0.619397900538435
one 0.5773105489841911 0.5760978551187532 0.6417475210674919 1.0 0.5482932709345422 0.6146938391684567
passed 0.5769061665107277 0.573277951664188 0.6462598719856463 1.0 0.5482295815054335 0.6178896530092131
labled 0.5731232318501768 0.574296691563404 0.6459067498622386 1.0 0.5485783661818399 0.6162462982594343
orange 0.5731232318501768 0.574296691563404 0.6459067498622386 1.0 0.5485783661818399 0.6162462982594343
marmalade 0.5731232318501768 0.574296691563404 0.6459067498622386 1.0 0.5485783661818399 0.6162462982594343
great 0.573571774750998 0.5739337337867894 0.6431662062665333 1.0 0.5480044506762431 0.6182260076400148
disappointment 0.5689163120922237 0.5718478974774145 0.64191044340134 1.0 0.5442160327289045 0.6138850300144774
empty 0.5736140701818128 0.5746432455601098 0.6442105134036102 1.0 0.5455813583817373 0.6144965211601376
drop 0.5802131741883366 0.5740206947374306 0.6446495583904597 1.0 0.5474818371086516 0.6142054208528183
fear 0.5802131741883366 0.5740206947374306 0.6446495583904597 1.0 0.5474818371086516 0.6142054208528183
killing 0.5802131741883366 0.5740206947374306 0.6446495583904597 1.0 0.5474818371086516 0.6142054208528183
somebody 0.580407920544024 0.5730075732251171 0.6485688753573409 1.0 0.5479969371292277 0.6165567391937926
managed 0.580407920544024 0.5730075732251171 0.6485688753573409 1.0 0.5479969371292277 0.6165567391937926
put 0.5765140475481146 0.5752780114592796 0.6467988720611075 1.0 0.5505111723499093 0.6158289337448841
past 0.5768697636871968 0.5699648476912206 0.6447306993050027 1.0 0.5484489453878968 0.6138130777354044
such 0.5813565838858443 0.5794174707254182 0.6426876419677239 1.0 0.550443079660176 0.6151266610841064
fall 0.5754935969612159 0.5753640667399522 0.6430948364260173 1.0 0.5490016122330065 0.6133836834962756
tumbling 0.5741211745436668 0.570688675942649 0.6431111026275985 1.0 0.5488062329508886 0.6130375819665547
stairs 0.5741211745436668 0.570688675942649 0.6431111026275985 1.0 0.5488062329508886 0.6130375819665547
brave 0.571612119016608 0.5706470838247327 0.64182380620276 1.0 0.5426270132687177 0.6131883676766452
ll 0.5747035022197976 0.5756498524356297 0.6417090271384102 1.0 0.5485914818842266 0.6130786382377608
me 0.576220140909824 0.576543416836085 0.6413442575005175 1.0 0.5483346496722227 0.6142100897991642
home 0.573959377257054 0.5711646784590731 0.6441833528149973 1.0 0.5475059638649028 0.6159247761040192
why 0.574333838582707 0.5741279380605822 0.6429800489843576 1.0 0.5472294648056056 0.6168071432227409
n't 0.574852499967644 0.5744455208092909 0.6428462635976541 1.0 0.5490408706165565 0.6130180617181956
even 0.5805899817434603 0.5792036400412448 0.645670873102352 1.0 0.5520412487721387 0.6191892913790518
if 0.5794702619633815 0.5803010878377585 0.6423826419208122 1.0 0.5504832710255192 0.6166511556095732
off 0.5793849480166011 0.5772669048912384 0.64156181706757 1.0 0.5496633388738967 0.6141177815992068
top 0.5735276292922071 0.5741055395549601 0.6434980019849851 1.0 0.5497458871556351 0.6129263824241747
house 0.5735276292922071 0.5741055395549601 0.6434980019849851 1.0 0.5497458871556351 0.6129263824241747
which 0.5752483412570885 0.5784069826097583 0.6422449130630236 1.0 0.5508585632571036 0.614825084027454
likely 0.5727126648350414 0.5744627607537114 0.6436207657847637 1.0 0.549731778722787 0.6122929226137209
true 0.5727126648350414 0.5744627607537114 0.6436207657847637 1.0 0.549731778722787 0.6122929226137209
come 0.5768661841293108 0.5762050811508759 0.6432694406697348 1.0 0.5483386661969241 0.6125618109335305
an 0.5721718903625845 0.573256204472254 0.6418955257436838 1.0 0.54751642414351 0.611719534763117
end 0.5717737930023892 0.5750566147738484 0.6401509014135691 1.0 0.5481998497606205 0.6122140164853583
many 0.5753701339522721 0.5783548618700234 0.6450126845220582 1.0 0.5505751971320192 0.6150873639438872
miles 0.5794553161123768 0.5743206381101639 0.6430649269638214 1.0 0.5487773551615869 0.6132519023922962
ve 0.5776538117757476 0.57343031278415 0.6421844303132133 1.0 0.5485483388350687 0.611790858845026
fallen 0.5772741702953895 0.5751234255922303 0.6417745547382354 1.0 0.5476528339088058 0.6101284726006163
said 0.5781778484653657 0.5792118780118212 0.6417292720160802 1.0 0.5490439928611304 0.6140426411192532
aloud 0.5755295855747217 0.5741681475023083 0.6394254900768513 1.0 0.5455701780747363 0.6051663664892638
must 0.5803284704879512 0.5792006308392044 0.6410320427358946 1.0 0.5465476070014873 0.6139858037394035
somewhere 0.5766110332041735 0.5763603307643185 0.6417054626015248 1.0 0.5463788889675294 0.6109120140423722
near 0.5784726407146472 0.5752172871332781 0.6422238597375132 1.0 0.5460178586378471 0.6109627709976767
centre 0.5784726407146472 0.5752172871332781 0.6422238597375132 1.0 0.5460178586378471 0.6109627709976767
earth 0.576984955398425 0.5756408881592671 0.6439489102050786 1.0 0.5495944938532334 0.6136291349566743
let 0.5799972964451897 0.5746272696403341 0.6445065223259799 1.0 0.5486386913499601 0.6142849380833334
four 0.5816544666203667 0.5735112238631911 0.6443659508171068 1.0 0.5499111589930588 0.6164011151407275
thousand 0.5816544666203667 0.5735112238631911 0.6443659508171068 1.0 0.5499111589930588 0.6164011151407275
you 0.578376558884462 0.5789025796708311 0.6432262271388909 1.0 0.5502203923518739 0.6163043296196611
learnt 0.5808017479013691 0.5727425412325144 0.6419813991930924 1.0 0.5469730432326896 0.6155441671356915
several 0.5801033146641457 0.5767674833056072 0.6430010716714277 1.0 0.5501452444111838 0.6159321818923764
things 0.5762799570233584 0.5775434480543795 0.6435896987497726 1.0 0.5503348248682995 0.615851209273133
sort 0.581582292744766 0.5768877895796845 0.6438279669823379 1.0 0.5488833384181125 0.6159565969744393
lessons 0.5796151111765852 0.5736822947320395 0.6429603112325287 1.0 0.5477755028713981 0.6164798833562498
schoolroom 0.5785877371473553 0.5721494048079361 0.642264520545698 1.0 0.5481365714455139 0.6146883190176072
though 0.5808730061999211 0.5804461240350498 0.644973072936635 1.0 0.5505548998779466 0.6189621736933366
good 0.5756767117808136 0.5771983026454173 0.6417337725751955 1.0 0.5478626837637959 0.6157965927639195
opportunity 0.5753067383130581 0.5735844002992351 0.6411205903638826 1.0 0.5465912053797338 0.6152820173026766
showing 0.5757552685510903 0.5747245853172014 0.6408924145223344 1.0 0.547953980616645 0.61462268169384
knowledge 0.5757552685510903 0.5747245853172014 0.6408924145223344 1.0 0.547953980616645 0.61462268169384
listen 0.5751471674557898 0.5735044543297257 0.6391106055513274 1.0 0.5486718828469 0.6130528555223502
still 0.5769630016249397 0.5767434393724812 0.6419588758494514 1.0 0.5506020532510457 0.6175211495865223
practice 0.5737350484706277 0.5746284214613296 0.6417010748755909 1.0 0.5492543518306107 0.6152446053308757
yes 0.5811804308071086 0.5753630380302545 0.644578146112889 1.0 0.5532697738218656 0.6162498768868057
right 0.5771899628640104 0.5765998566230702 0.642441991362934 1.0 0.5492053828729486 0.6141871494868754
distance 0.5811804308071086 0.5753630380302545 0.644578146112889 1.0 0.5532697738218656 0.6162498768868057
latitude 0.5782432492725407 0.572918267148447 0.6437007651197529 1.0 0.5498675987568004 0.6146468529496756
longitude 0.5742217418646297 0.5723862893720225 0.6424447580346023 1.0 0.5483743055652416 0.6131048579050493
got 0.5783596911981964 0.5776321568602144 0.6409056670618414 1.0 0.5498399132273976 0.6154905437431831
idea 0.5729911753541057 0.5717052244222796 0.6413735903674328 1.0 0.5475578058533499 0.6126371157480472
nice 0.5801344025502668 0.5790000033571134 0.6453091679482192 1.0 0.5500365060667619 0.6147994994441941
grand 0.5753189807610614 0.5760253732666937 0.6451964424286567 1.0 0.5488658638895014 0.6131786443526972
words 0.5762376911204655 0.5777682687843932 0.64097861179741 1.0 0.5487165026028016 0.6132284698947127
presently 0.5742500448251283 0.5766867382926366 0.6435397376598917 1.0 0.546735598315781 0.6135145773242455
began 0.5775121011654506 0.5763348216817741 0.6432828955506742 1.0 0.5480665648211712 0.6120537126194776
through 0.5800471450471836 0.5802891189187006 0.6449841358961681 1.0 0.5507410134678613 0.6177192218768631
funny 0.5728958735875206 0.5735310214363031 0.6433183781651172 1.0 0.5500278702289304 0.611216477324458
seem 0.5728958735875206 0.5735310214363031 0.6433183781651172 1.0 0.5500278702289304 0.611216477324458
among 0.5745432829717523 0.5759722560240454 0.6443752663287098 1.0 0.5513634131579015 0.6160055429242697
people 0.5757174726331747 0.5768960598413486 0.6427629643385994 1.0 0.5492786938553823 0.6158322764868454
walk 0.5767590724142422 0.5727490441535535 0.6434550975472768 1.0 0.5485591970586037 0.6119709526381807
their 0.5765634750878516 0.5757997021242186 0.6454029630737134 1.0 0.5511302959475836 0.6129481463372408
heads 0.5839795878345575 0.5763620117172219 0.645623793004011 1.0 0.550055062285718 0.6126605458350091
downward 0.5839795878345575 0.5763620117172219 0.645623793004011 1.0 0.550055062285718 0.6126605458350091
antipathies 0.5839795878345575 0.5763620117172219 0.645623793004011 1.0 0.550055062285718 0.6126605458350091
rather 0.5826586020100017 0.577725124526763 0.6446182319429891 1.0 0.5492075572715461 0.6147601473132661
glad 0.5815228898980551 0.575748995954286 0.6457216370373539 1.0 0.5468176732341969 0.6139287884722242
listening 0.5817719016261647 0.576371663995903 0.6435628431799933 1.0 0.547709711535294 0.6135996639465904
sound 0.5772600513524137 0.5740759700466915 0.6404798733740228 1.0 0.5465324530685924 0.612693367873795
word 0.5772600513524137 0.5740759700466915 0.6404798733740228 1.0 0.5465324530685924 0.612693367873795
ask 0.5768310135701027 0.574606204142004 0.6424078337064548 1.0 0.5476032950313273 0.6125685822537758
them 0.5778680435023215 0.5792529887911936 0.6467303808484786 1.0 0.5519908811669983 0.616135553638939
name 0.5809614136851473 0.5752153293748015 0.64486073805362 1.0 0.5499525148394292 0.6161079288315205
country 0.5809614136851473 0.5752153293748015 0.64486073805362 1.0 0.5499525148394292 0.6161079288315205
is 0.5801357867574176 0.5795955362712871 0.6413064115984821 1.0 0.5471372667877548 0.6146377441167381
know 0.5755125325091455 0.5778578245723268 0.6441282027425342 1.0 0.5512226746057882 0.6169919070753361
please 0.580376154162518 0.5765520811628082 0.6432623557682864 1.0 0.5458380490049148 0.6145617103464922
ma'am 0.580376154162518 0.5765520811628082 0.6432623557682864 1.0 0.5458380490049148 0.6145617103464922
new 0.5806293985035306 0.5803878193707641 0.6424403720298318 1.0 0.5488320152008866 0.6160678986762033
zeland 0.5806293985035306 0.5803878193707641 0.6424403720298318 1.0 0.5488320152008866 0.6160678986762033
australia 0.5806293985035306 0.5803878193707641 0.6424403720298318 1.0 0.5488320152008866 0.6160678986762033
curtsey 0.5822511588263959 0.5812107971401099 0.6414966466686258 1.0 0.5503540808235503 0.615986558677687
spoke 0.5784542542247658 0.5789648159543249 0.6433015590997125 1.0 0.5481835112014357 0.6153621467779827
fancy 0.5767348007424912 0.5808831981931964 0.6421206955809171 1.0 0.547709901585563 0.613770927125677
curtseying 0.5784542542247658 0.5789648159543249 0.6433015590997125 1.0 0.5481835112014357 0.6153621467779827
re 0.581204018171348 0.5799148761916949 0.6452011517051635 1.0 0.551214281144027 0.618033450636637
air 0.5770326016816792 0.5782017095933405 0.6444789635473069 1.0 0.5507109139974771 0.6165866987869126
manage 0.5806942987102294 0.5781558563271926 0.6460779831089016 1.0 0.5523725797629937 0.6182945540497173
ignorant 0.5757637614816773 0.5734693363961668 0.6424749897528008 1.0 0.5486518068438351 0.6137329077073508
little 0.5766186658717751 0.579332882632129 0.643597211784132 1.0 0.550796003460587 0.6170552298425054
girl 0.5757637614816773 0.5734693363961668 0.6424749897528008 1.0 0.5486518068438351 0.6137329077073508
asking 0.5766914952311785 0.5763927939801402 0.642048195497828 1.0 0.5499912224649439 0.6132763836800239
perhaps 0.5747264185965871 0.5775175009583831 0.6411806587373817 1.0 0.5467443811721283 0.610860629795765
written 0.5747264185965871 0.5775175009583831 0.6411806587373817 1.0 0.5467443811721283 0.610860629795765
else 0.5813171146697639 0.5769367787693817 0.6434964477773503 1.0 0.5501132238519512 0.6121297557246997
soon 0.5815964075504322 0.5783093022732414 0.6411177952355922 1.0 0.5487311502947333 0.6115744670439913
talking 0.5760651391552402 0.5754056327762249 0.6417921043221751 1.0 0.546742249537785 0.6108790681803975
dinah 0.5781585096683902 0.5780553500459428 0.6422748011091708 1.0 0.5480912625148611 0.6144186098823045
miss 0.573669206458914 0.5739631905132673 0.6419516809038872 1.0 0.5483632769382244 0.6108655780228839
night 0.572013343518954 0.5706330767503169 0.6432701443069814 1.0 0.5490609940005943 0.6116162312401151
should 0.5755729833823068 0.5764780387434376 0.6421021850564427 1.0 0.548127713080717 0.6129195355380743
cat 0.5736036878084291 0.5752573759828523 0.6436455954107856 1.0 0.5483174740036817 0.613616803022658
hope 0.5740697882837725 0.5764898623654479 0.6393845818995822 1.0 0.5453133823055308 0.6129780378213994
remember 0.5761735426390775 0.5786032287545426 0.6413814888135797 1.0 0.5484879617106379 0.6139825422791227
saucer 0.5740697882837725 0.5764898623654479 0.6393845818995822 1.0 0.5453133823055308 0.6129780378213994
milk 0.5748108435767938 0.5779484491059084 0.6367885481980472 1.0 0.5432069833199331 0.6120746803491983
tea 0.5748108435767938 0.5779484491059084 0.6367885481980472 1.0 0.5432069833199331 0.6120746803491983
my 0.5770330368876009 0.5803574126432565 0.6419780269900137 1.0 0.5489747211429647 0.6162737121632612
wish 0.5729049329003431 0.5792460584853601 0.6410456799894584 1.0 0.5470437783272075 0.6135825038573205
are 0.5726033090309051 0.5783610669983335 0.6403271386432018 1.0 0.5478630909563013 0.611524374644939
mice 0.5729134912788804 0.5765100246766014 0.6437658310271731 1.0 0.5502138586555047 0.6151580879998507
m 0.5729134912788804 0.5765100246766014 0.6437658310271731 1.0 0.5502138586555047 0.6151580879998507
afraid 0.5729134912788804 0.5765100246766014 0.6437658310271731 1.0 0.5502138586555047 0.6151580879998507
might 0.5745284094351328 0.5779678632670969 0.641757664002592 1.0 0.5497255111631616 0.6153014116585057
catch 0.5731217767703656 0.5715854979248635 0.6438571693299857 1.0 0.5494561118984052 0.6163096217378138
bat 0.5799215344163414 0.5780860750159961 0.6442440586274999 1.0 0.5510033426923557 0.6177020949121641
mouse 0.5754423405156814 0.5755920029196938 0.6465272831242358 1.0 0.5543511279207474 0.6183170437129147
cats 0.5786220492605441 0.5754997733891564 0.644653781295436 1.0 0.5502738269515898 0.6148846463745676
eat 0.5785048301433089 0.5772341195140482 0.6422567920017066 1.0 0.5494056350817117 0.6147510307230978
bats 0.5787314335664184 0.5760715116582552 0.6450538854746888 1.0 0.5507799397958 0.6159866922335707
saying 0.5857442317662352 0.5805887583939989 0.6457623731565527 1.0 0.5499695358856628 0.6177012974152764
dreamy 0.584912637330188 0.5813777742871625 0.6473194365381555 1.0 0.5514350973881631 0.6182573482006197
sometimes 0.5757419285663754 0.5780245923862656 0.6432768549651517 1.0 0.5482250236519927 0.6161628925309964
couldn't 0.5763399155083885 0.5784577799268867 0.6473097537572826 1.0 0.5526374879818932 0.6141245837154837
answer 0.5763399155083885 0.5784577799268867 0.6473097537572826 1.0 0.5526374879818932 0.6141245837154837
question 0.5763399155083885 0.5784577799268867 0.6473097537572826 1.0 0.5526374879818932 0.6141245837154837
matter 0.5720061633037602 0.577328041496976 0.6444232541906327 1.0 0.5518656285102818 0.612768613916456
felt 0.5712536464762386 0.5779812942572732 0.6425482301265931 1.0 0.5518214471179034 0.6152433641171718
dozing 0.5845939872830714 0.5791949032540915 0.6430998995683757 1.0 0.5537071025031062 0.6166419298342484
begun 0.5808910450547601 0.5785475730272003 0.6440167373394516 1.0 0.5492465573919131 0.6161089888192759
dream 0.5826303541347789 0.578494753250624 0.6428294951126313 1.0 0.54952366153597 0.6162588383804324
walking 0.5826303541347789 0.578494753250624 0.6428294951126313 1.0 0.54952366153597 0.6162588383804324
hand 0.5845985750230468 0.579148173104608 0.643520026330193 1.0 0.5490178275903922 0.6167027166848257
earnestly 0.586052809895034 0.581934024815075 0.6433679156095623 1.0 0.5496244941215453 0.6200042143422451
now 0.5806992246531839 0.5810691353813182 0.644358324988401 1.0 0.5506781333124434 0.6191518772854645
tell 0.5845278616007273 0.583392460279399 0.6440187919165984 1.0 0.5512785356684071 0.6189385145343665
truth 0.5845278616007273 0.583392460279399 0.6440187919165984 1.0 0.5512785356684071 0.6189385145343665
ever 0.5784494520963596 0.5825591401733616 0.641360988663684 1.0 0.5489490568745227 0.616351912788861
thump 0.5837249526438772 0.5832324065380984 0.645068438987455 1.0 0.5504331811365015 0.6178285689572599
came 0.5758519856479508 0.5800456216548917 0.6437227354837162 1.0 0.5505650677567484 0.6149288286588519
heap 0.5849225935697129 0.5825252479686346 0.6450303918704205 1.0 0.5499610736589365 0.6164043197995479
sticks 0.5849225935697129 0.5825252479686346 0.6450303918704205 1.0 0.5499610736589365 0.6164043197995479
dry 0.5849225935697129 0.5825252479686346 0.6450303918704205 1.0 0.5499610736589365 0.6164043197995479
leaves 0.5849225935697129 0.5825252479686346 0.6450303918704205 1.0 0.5499610736589365 0.6164043197995479
bit 0.5815184424901364 0.5794876563751677 0.6461898807561292 1.0 0.5503047639395591 0.6204617225560668
hurt 0.5815184424901364 0.5794876563751677 0.6461898807561292 1.0 0.5503047639395591 0.6204617225560668
jumped 0.5815184424901364 0.5794876563751677 0.6461898807561292 1.0 0.5503047639395591 0.6204617225560668
overhead 0.5788112254066109 0.578268502297765 0.6475022113739053 1.0 0.5517157818789783 0.6188922334110855
long 0.5798325168735412 0.5803211359440982 0.6408913299966219 1.0 0.5506296787731635 0.6172485482072345
passage 0.5743890256985038 0.580021731108147 0.6430094457393375 1.0 0.5496652365293878 0.6199143836945021
sight 0.5787981076425616 0.5800168004777687 0.6448373754683611 1.0 0.5525527089793391 0.6220368666409627
hurrying 0.5787981076425616 0.5800168004777687 0.6448373754683611 1.0 0.5525527089793391 0.6220368666409627
lost 0.5729648673163358 0.5788866753884683 0.6414832382530424 1.0 0.54998840301744 0.6141314513126224
away 0.5729648673163358 0.5788866753884683 0.6414832382530424 1.0 0.54998840301744 0.6141314513126224
wind 0.5744553348348768 0.58200855743955 0.6419559185008772 1.0 0.5497732445463286 0.6126618329813128
turned 0.5814884368610578 0.5796868990226632 0.6403919555845605 1.0 0.5508198495340977 0.6151453626594747
corner 0.5814884368610578 0.5796868990226632 0.6403919555845605 1.0 0.5508198495340977 0.6151453626594747
ears 0.5838661304156408 0.5821724075176926 0.6443940171821101 1.0 0.5495801637790225 0.6173599006797662
whiskers 0.5830029030659208 0.5814118547247367 0.641867291864744 1.0 0.5497990610159543 0.6145877630020967
it's 0.5784647259417078 0.5776159263847954 0.6412025526762694 1.0 0.5493838139832975 0.6154418183326601
behind 0.5752191304582127 0.574507091160331 0.6416715726471687 1.0 0.5513621710825434 0.6191006452579724
longer 0.5796033003217398 0.5758617162281419 0.6375525820089095 1.0 0.5521300542808445 0.6163693642821961
low 0.5753842747056643 0.5782311761305211 0.6426177621651602 1.0 0.552801076441461 0.6169374588863432
hall 0.575208062928798 0.5791104291733478 0.6400155480722228 1.0 0.5492749650720348 0.6170016272904463
lit 0.5763450253737035 0.5766999594864415 0.6391522253168732 1.0 0.5533634245963416 0.6168570517926496
row 0.5763450253737035 0.5766999594864415 0.6391522253168732 1.0 0.5533634245963416 0.6168570517926496
lamps 0.5763450253737035 0.5766999594864415 0.6391522253168732 1.0 0.5533634245963416 0.6168570517926496
hanging 0.5763450253737035 0.5766999594864415 0.6391522253168732 1.0 0.5533634245963416 0.6168570517926496
roof 0.575582447373215 0.5770677813999114 0.6412281797467622 1.0 0.55123905701539 0.6155374589249639
doors 0.5760258187245756 0.577680334503356 0.6383738891913775 1.0 0.5484815913698927 0.6144637538520681
around 0.5706975234269089 0.5761181134936935 0.6396048983553038 1.0 0.5474772101175344 0.6137150150212825
locked 0.5710742476090235 0.5777381090010307 0.6358615525016812 1.0 0.5488738389359626 0.6115974634183706
been 0.5681328088981419 0.5786366982271681 0.6365651555726544 1.0 0.5475852572888117 0.6104389345799563
side 0.5681328088981419 0.5786366982271681 0.6365651555726544 1.0 0.5475852572888117 0.6104389345799563
other 0.5701972548667331 0.576574880680615 0.6380840274620678 1.0 0.5469856885604797 0.6121617410507803
trying 0.575768297950858 0.5807637061792875 0.6414005946315798 1.0 0.5484087685153849 0.6146700835893407
every 0.5682223243780734 0.5784428975081637 0.6363863193734376 1.0 0.5446020875795057 0.6115694318809224
door 0.5766644509961915 0.5798287706575084 0.6425111686064304 1.0 0.5499748325576079 0.6181838857604748
walked 0.5670612479913812 0.5785885851839938 0.6380492278162595 1.0 0.5459461849375343 0.611161673758733
sadly 0.5670612479913812 0.5785885851839938 0.6380492278162595 1.0 0.5459461849375343 0.611161673758733
middle 0.5670612479913812 0.5785885851839938 0.6380492278162595 1.0 0.5459461849375343 0.611161673758733
wondering 0.5719771540588808 0.5813829728700012 0.6377941020383542 1.0 0.5467366154194736 0.6125427111357253
three 0.5819169089242006 0.582717530752087 0.6444413078283455 1.0 0.5516513669629984 0.6134854828695383
legged 0.5819169089242006 0.582717530752087 0.6444413078283455 1.0 0.5516513669629984 0.6134854828695383
table 0.5807436443969831 0.5808000827586149 0.6441193121015943 1.0 0.5510822969669905 0.6162238551300669
solid 0.5815953968856544 0.581078093240427 0.6455702570681353 1.0 0.5506378769246485 0.615973732864028
glass 0.5841288086521123 0.580446955866793 0.645702795098299 1.0 0.5498008768010937 0.6174738152972152
except 0.5815545702593832 0.579694800290832 0.6454236539109259 1.0 0.5516020951566957 0.6129034073021545
tiny 0.5815545702593832 0.579694800290832 0.6454236539109259 1.0 0.5516020951566957 0.6129034073021545
golden 0.5787008337777113 0.5789191115181436 0.6451670784373404 1.0 0.5519725822585378 0.6199586135730912
key 0.5768851133126646 0.5791918041202462 0.6436660854802363 1.0 0.5507572262293643 0.6176938455728729
belong 0.5764675857334093 0.5782906710788476 0.6355299269075612 1.0 0.5457341036343085 0.613393933988951
alas 0.5752505803264224 0.5800076991095409 0.6394953891185156 1.0 0.5475791870711934 0.6153827292974519
locks 0.5743653583428757 0.583286525854692 0.6405453596816392 1.0 0.547380205882266 0.6147763526274558
small 0.577187933452587 0.5807107491105001 0.6439368024907607 1.0 0.5499543607882631 0.6185430618761752
any 0.5768397433275523 0.5841449590108158 0.6449974145968843 1.0 0.5523719283092448 0.618796056346314
rate 0.5766386818278509 0.5824596071813785 0.6442019047547162 1.0 0.5515300507515372 0.6172496270504322
open 0.5779547670918835 0.5852577366318035 0.6490354399515278 1.0 0.5552203973496743 0.6206306451107009
however 0.5813519900523255 0.5824078348421665 0.6448940209797429 1.0 0.5522332190683191 0.6186198130331085
second 0.5772704428869074 0.5785360323595229 0.6477356431609403 1.0 0.5542145656412715 0.618083441194125
round 0.5773560536314786 0.5790613098673856 0.6447579357363076 1.0 0.5519769852101905 0.6156062816423665
curtain 0.5720613724639595 0.5765084776968423 0.6444430966035538 1.0 0.553354640850519 0.6155405302084498
fifteen 0.5749197028271793 0.5767209186083234 0.6485992823786673 1.0 0.5509627121875573 0.6242645936176715
inches 0.5794178061713575 0.5782855578452661 0.648238693181036 1.0 0.5512128763508557 0.622982482628978
high 0.5794178061713575 0.5782855578452661 0.648238693181036 1.0 0.5512128763508557 0.622982482628978
lock 0.5782902620208934 0.5760478076811042 0.6444389693682319 1.0 0.5518441553775301 0.6226257524487064
delight 0.5782902620208934 0.5760478076811042 0.6444389693682319 1.0 0.5518441553775301 0.6226257524487064
fitted 0.5784975373638248 0.57682951728011 0.646177063978141 1.0 0.5525538439701285 0.6242777818634573
opened 0.5790244845175615 0.5779766093030096 0.6443346240844183 1.0 0.5507755056359127 0.6187845208131192
led 0.5790392347810854 0.5806954128170632 0.6485132331303044 1.0 0.5537662385992232 0.6234050272027281
larger 0.5722276465267656 0.5767666731880231 0.6412817764693187 1.0 0.5483253722919491 0.6153121822791183
than 0.5710216934294237 0.5790941819434245 0.6408738193140243 1.0 0.5456574048952776 0.6157705346756952
rat 0.5710216934294237 0.5790941819434245 0.6408738193140243 1.0 0.5456574048952776 0.6157705346756952
knelt 0.5710216934294237 0.5790941819434245 0.6408738193140243 1.0 0.5456574048952776 0.6157705346756952
along 0.5676183284169285 0.5806270616037408 0.6388557194896292 1.0 0.5452280868393095 0.6163238155028811
loveliest 0.5674248159646128 0.5791905217047011 0.638242893926517 1.0 0.5441064542893674 0.6139945073097166
garden 0.575101672513223 0.5804668024814389 0.6397283508381643 1.0 0.5471718723189614 0.6161890065122699
longed 0.574993116259907 0.5821214804698753 0.6441776792829585 1.0 0.5516854493943539 0.6226353685950441
wander 0.5722986575365246 0.5792374143504179 0.6453074100657908 1.0 0.5542041229571528 0.6200926388383567
those 0.5763733772800319 0.5812162944252371 0.6458773262541033 1.0 0.554331688281136 0.6191294252784961
beds 0.5804468907626111 0.5831945886816772 0.6464470737270994 1.0 0.5544592158412787 0.6181664968638615
bright 0.5804468907626111 0.5831945886816772 0.6464470737270994 1.0 0.5544592158412787 0.6181664968638615
flowers 0.5804468907626111 0.5831945886816772 0.6464470737270994 1.0 0.5544592158412787 0.6181664968638615
cool 0.5804468907626111 0.5831945886816772 0.6464470737270994 1.0 0.5544592158412787 0.6181664968638615
fountains 0.5820649388984852 0.5822463011218306 0.6471336686432386 1.0 0.5523486124786064 0.6207770478101297
head 0.5833054994766171 0.5829015148509471 0.6467004733991275 1.0 0.5537198755518293 0.6220445123550785
doorway 0.5850289086993748 0.5835710906704966 0.6491647929379318 1.0 0.55374168043007 0.6233009576353691
go 0.5804530738088843 0.5823547657129232 0.6460545130114532 1.0 0.5539348997843075 0.6209737753102598
poor 0.5771900101469973 0.5817289003266756 0.6424892721474046 1.0 0.5501821805553841 0.6177771714069785
shoulders 0.5757225947081037 0.580510710277257 0.6456979190980103 1.0 0.5499440546068153 0.6197204190737129
shut 0.5731911326623761 0.5805419373542013 0.6445194824125167 1.0 0.5500679036631486 0.6155526401668985
telescope 0.5785200067905761 0.5824399146554541 0.6434002027192652 1.0 0.55030029051404 0.6167885891437754
only 0.5811009361504869 0.5823561282108737 0.6472406117058519 1.0 0.5523358248647874 0.6218535952241007
begin 0.5782474250185824 0.584872583393728 0.6466002822660043 1.0 0.553213533510583 0.6220133462954391
happened 0.5765870602519556 0.5795906739180585 0.643890950608299 1.0 0.5510634599657391 0.6173256014285822
lately 0.5791488747552245 0.5786004796940121 0.6452059326180152 1.0 0.5489689974026049 0.6159588927507597
few 0.5802993457182034 0.5849607947222957 0.6438695828413551 1.0 0.5513734639759511 0.6168653573741378
indeed 0.5821281131121964 0.5822625025349746 0.6450047050352771 1.0 0.55182175224795 0.6187761265917188
really 0.5819497144352269 0.5858479067267336 0.6491161173222703 1.0 0.5533568460767332 0.618699090285311
impossible 0.5819497144352269 0.5858479067267336 0.6491161173222703 1.0 0.5533568460767332 0.618699090285311
waiting 0.5828231630608265 0.5852908738518408 0.6486997759802086 1.0 0.551643265562338 0.6205060556232769
back 0.579767494184371 0.5808817733624595 0.6457645393146922 1.0 0.5520258034579937 0.6184795918682202
half 0.5803783936981227 0.5823771524887845 0.6481397889739271 1.0 0.5521409836814466 0.6205992404634654
hoping 0.5803783936981227 0.5823771524887845 0.6481397889739271 1.0 0.5521409836814466 0.6205992404634654
find 0.5786942829976254 0.5804216806639376 0.6465650331995315 1.0 0.5523494668634016 0.6194175389078844
rules 0.5768953858483848 0.5795100640228679 0.6455097112990564 1.0 0.5530531497008904 0.6154554581304816
shutting 0.5802585209022276 0.5825480121672166 0.6432661238539576 1.0 0.5499282999292582 0.6179590471763009
telescopes 0.5782957358891145 0.5818557586292892 0.6467302692889512 1.0 0.5527911780099558 0.6188760164168966
bottle 0.5810980733876808 0.5811758990999469 0.6460372764989002 1.0 0.5532701453308124 0.618440718361262
certainly 0.5756506289831786 0.5825780570598461 0.6462564613105359 1.0 0.5543267436823869 0.617116145378633
neck 0.5774409508374734 0.5795822093527591 0.6418050465646485 1.0 0.5497580543068393 0.6131497684348067
paper 0.5774409508374734 0.5795822093527591 0.6418050465646485 1.0 0.5497580543068393 0.6131497684348067
label 0.5761906932510212 0.5794855705780672 0.6415566110350664 1.0 0.5510916093516601 0.6128107573578183
drink 0.5770696605040165 0.5789986091462362 0.6436125779584083 1.0 0.5519616504561708 0.6173737814096996
beautifully 0.5748243881098742 0.577620750701942 0.6390089096689953 1.0 0.546412286791387 0.6145618935206622
printed 0.5746099693177633 0.5792330277904134 0.6423917220027652 1.0 0.5475547106665893 0.6145315344303369
letters 0.5753441456079749 0.5778658302897126 0.6432057045371851 1.0 0.5495689600181265 0.6154537516783078
wise 0.5713534153326278 0.5785076148737327 0.6427343806389765 1.0 0.5505533376640672 0.611864584254631
hurry 0.570486185589837 0.5790753435948115 0.643814479356227 1.0 0.5539158025325503 0.611827661463207
marked 0.5802786242658757 0.5793202366847708 0.6429273218048324 1.0 0.5519482200802607 0.6164033821346443
poison 0.5826731191315806 0.5807213461242561 0.6451614194597068 1.0 0.5536134181032549 0.6177438382697581
read 0.5821052192570247 0.5806063618792614 0.6458043606734168 1.0 0.5491301017086166 0.6154435909809032
histories 0.5805899629403837 0.5798428437638004 0.643041702264683 1.0 0.55250743694944 0.6153862251753958
children 0.5783473515829107 0.5793629435352046 0.6425748910004588 1.0 0.5510490175282743 0.6170626471020514
who 0.5783473515829107 0.5793629435352046 0.6425748910004588 1.0 0.5510490175282743 0.6170626471020514
d 0.576042890912789 0.5798171380520317 0.641121815924581 1.0 0.5505333405580723 0.6167616967693499
gotten 0.5783473515829107 0.5793629435352046 0.6425748910004588 1.0 0.5510490175282743 0.6170626471020514
burnt 0.5783473515829107 0.5793629435352046 0.6425748910004588 1.0 0.5510490175282743 0.6170626471020514
eaten 0.5763849276099979 0.5766702667333864 0.6408149082094785 1.0 0.5483719433840427 0.6145617269831565
wild 0.5763849276099979 0.5766702667333864 0.6408149082094785 1.0 0.5483719433840427 0.6145617269831565
beasts 0.5763849276099979 0.5766702667333864 0.6408149082094785 1.0 0.5483719433840427 0.6145617269831565
unpleasant 0.5721742311228043 0.5747049288341013 0.6397834941522802 1.0 0.5493717586375747 0.6127546637747882
because 0.5721742311228043 0.5747049288341013 0.6397834941522802 1.0 0.5493717586375747 0.6127546637747882
simple 0.57014879195583 0.5753862578492018 0.6409742659044859 1.0 0.5500177815356575 0.612513769662236
friends 0.576365906677991 0.5788811023427936 0.6473704577311388 1.0 0.5537273044469511 0.6139351874630664
taught 0.576365906677991 0.5788811023427936 0.6473704577311388 1.0 0.5537273044469511 0.6139351874630664
red 0.5836193026263866 0.5830340051774343 0.6419984722241072 1.0 0.5507545025983202 0.6147938181157959
poker 0.5816180530278554 0.581666925684933 0.6404071562657201 1.0 0.5481603738860511 0.6132391733772846
will 0.5816180530278554 0.581666925684933 0.6404071562657201 1.0 0.5481603738860511 0.6132391733772846
burn 0.5816180530278554 0.581666925684933 0.6404071562657201 1.0 0.5481603738860511 0.6132391733772846
hold 0.5816180530278554 0.581666925684933 0.6404071562657201 1.0 0.5481603738860511 0.6132391733772846
cut 0.5841815311590545 0.5822761862828874 0.6401412631763043 1.0 0.5495633595312501 0.6133448802581848
your 0.5826044438890806 0.5816054557524943 0.6411884424536154 1.0 0.5496235751146233 0.6188366022687367
finger 0.5826044438890806 0.5816054557524943 0.6411884424536154 1.0 0.5496235751146233 0.6188366022687367
deeply 0.5826044438890806 0.5816054557524943 0.6411884424536154 1.0 0.5496235751146233 0.6188366022687367
knife 0.5826044438890806 0.5816054557524943 0.6411884424536154 1.0 0.5496235751146233 0.6188366022687367
usually 0.5860859649050321 0.5834323572794996 0.645286360312194 1.0 0.5564851732643609 0.6240615793975103
bleeds 0.5860859649050321 0.5834323572794996 0.645286360312194 1.0 0.5564851732643609 0.6240615793975103
forgotten 0.5788012907433913 0.5806803628893473 0.6425733389635812 1.0 0.5526310267734498 0.6204711873124679
almost 0.5804705991745143 0.580381645082471 0.6501599830563635 1.0 0.5546152296430988 0.622099564527877
certain 0.5804705991745143 0.580381645082471 0.6501599830563635 1.0 0.5546152296430988 0.622099564527877
disagree 0.5804705991745143 0.580381645082471 0.6501599830563635 1.0 0.5546152296430988 0.622099564527877
sooner 0.5802832919101897 0.5818887664178733 0.6490988977144461 1.0 0.5543050939971776 0.6188768754065451
later 0.5802832919101897 0.5818887664178733 0.6490988977144461 1.0 0.5543050939971776 0.6188768754065451
ventured 0.5850768931790432 0.5803922495293357 0.6416316358994814 1.0 0.5512185940243038 0.612292672383764
taste 0.5850768931790432 0.5803922495293357 0.6416316358994814 1.0 0.5512185940243038 0.612292672383764
finding 0.5823894714094445 0.5789723986084314 0.6405723680830555 1.0 0.5499078328373681 0.613420010690491
fact 0.5840929528426372 0.5808672286601367 0.6442477280273968 1.0 0.550477449616709 0.6155203642297125
mixed 0.5840929528426372 0.5808672286601367 0.6442477280273968 1.0 0.550477449616709 0.6155203642297125
flavor 0.5840929528426372 0.5808672286601367 0.6442477280273968 1.0 0.550477449616709 0.6155203642297125
cherry 0.5810532962088764 0.5812594202117483 0.6433415689280453 1.0 0.5500862170472979 0.6150181897408482
tart 0.5810532962088764 0.5812594202117483 0.6433415689280453 1.0 0.5500862170472979 0.6150181897408482
custard 0.5775010312197804 0.5800987818523476 0.6418967343882354 1.0 0.5504025595367159 0.614349560323182
pine 0.5775010312197804 0.5800987818523476 0.6418967343882354 1.0 0.5504025595367159 0.614349560323182
apple 0.5775010312197804 0.5800987818523476 0.6418967343882354 1.0 0.5504025595367159 0.614349560323182
roast 0.5775010312197804 0.5800987818523476 0.6418967343882354 1.0 0.5504025595367159 0.614349560323182
turkey 0.5750126849992371 0.5805701752306534 0.6407088733921098 1.0 0.5504720226753187 0.6152922285829471
toffee 0.5750126849992371 0.5805701752306534 0.6407088733921098 1.0 0.5504720226753187 0.6152922285829471
buttered 0.5750126849992371 0.5805701752306534 0.6407088733921098 1.0 0.5504720226753187 0.6152922285829471
toast 0.5763625640090577 0.5786468227976657 0.6420464257301387 1.0 0.5502688711486334 0.6124613297178254
finished 0.5818308436266105 0.5797577284815305 0.6376439171439889 1.0 0.5484700825248078 0.6100200548433603
curious 0.5833681761760314 0.5833895413477078 0.6421172165301184 1.0 0.5488779992029795 0.618755001160407
feeling 0.5846439499418931 0.5854169899581392 0.6409655754389066 1.0 0.5485490219146811 0.6170518871260472
ten 0.5839349882948869 0.5798568335252786 0.6478765745383893 1.0 0.5514641015895692 0.6216949335454288
face 0.5839349882948869 0.5798568335252786 0.6478765745383893 1.0 0.5514641015895692 0.6216949335454288
brightened 0.5797658222115677 0.5800816026875419 0.6465630970550962 1.0 0.5510102377263072 0.6189126168843678
size 0.5763906535899003 0.5803117861204865 0.6413520056442473 1.0 0.5465219943568688 0.6148640301851767
lovely 0.5806692721154797 0.58477601396912 0.6420597520338505 1.0 0.5497955191581017 0.6184069454170706
waited 0.5793509168318962 0.586237377230599 0.64296506355574 1.0 0.5504305190513519 0.6210282657813437
minutes 0.5806896408204446 0.5897796654945551 0.6443875240792725 1.0 0.5520910357703352 0.619667589942509
shrink 0.5761325576250832 0.5864151353066517 0.6425714029276335 1.0 0.551223261597494 0.620069089582772
further 0.5761325576250832 0.5864151353066517 0.6425714029276335 1.0 0.551223261597494 0.620069089582772
nervous 0.5699091023347131 0.5784023885244749 0.6400830415331721 1.0 0.5506094145869846 0.6153885419645171
altogether 0.5723533352538069 0.5797148629880203 0.6405380697838767 1.0 0.5474852332489331 0.6147163322874318
candle 0.5792687286861965 0.5818823293628762 0.6392651423026481 1.0 0.5465627735619025 0.6134170807534367
flame 0.5750241821071175 0.5827917234550969 0.6409458995414149 1.0 0.5472387254571267 0.61218788343286
blown 0.5803888908802809 0.5844632279310769 0.6378509033843579 1.0 0.5469296422587266 0.6149503368036939
thing 0.5801330005772558 0.58398271440652 0.6433370739109101 1.0 0.5493396441893348 0.6166438132400149
while 0.5824767142830843 0.5803930359860828 0.6434892728049436 1.0 0.5480467096827756 0.6173457395994697
more 0.5797110004415357 0.5775572766824939 0.63951662829348 1.0 0.5486014373080971 0.6145435942528994
decided 0.5772844563671867 0.5774569843450674 0.6389006696077031 1.0 0.5476442920165067 0.6161886009200273
possibly 0.5839192026187512 0.5791188732083911 0.6445619355001657 1.0 0.552479290032913 0.6176966735727528
reach 0.5780343554402635 0.5769072531985551 0.6419850018845595 1.0 0.5506925914834581 0.6149126966457891
plainly 0.5883254184229925 0.5822533860429193 0.6489791753953424 1.0 0.5515325128993088 0.6218411247098528
best 0.5841847870404511 0.5809809692354346 0.6464279537737266 1.0 0.5517615074860168 0.6190331542167108
climb 0.5841847870404511 0.5809809692354346 0.6464279537737266 1.0 0.5517615074860168 0.6190331542167108
legs 0.5821270082074733 0.5814588740142017 0.6443415712117743 1.0 0.552533947029979 0.6168855112407495
slippery 0.5802572003729726 0.5822326719740406 0.6424430012379798 1.0 0.5488273310916273 0.6150951044542321
sat 0.5759191586015543 0.5839861761980937 0.6428654209088052 1.0 0.5485248827672194 0.616809728891812
cried 0.5785357128549359 0.5826940561918557 0.6430694209931543 1.0 0.5490263864889658 0.6150303320675568
crying 0.5865164728981397 0.5827552144522158 0.6452482504584687 1.0 0.54911596645278 0.6199211335204894
sharply 0.5841921158967943 0.5805142049400205 0.6435952088192771 1.0 0.55007098340104 0.6185805705960057
advise 0.5812526220012317 0.5785671544378214 0.6426700030566422 1.0 0.5484462035301144 0.6163943577199613
leave 0.5812526220012317 0.5785671544378214 0.6426700030566422 1.0 0.5484462035301144 0.6163943577199613
minute 0.5785761822594391 0.5798341358180357 0.640670395693341 1.0 0.5445500132576202 0.6144266423840039
generally 0.577984354939215 0.5833858889785479 0.6423813508895919 1.0 0.547749826677108 0.6168632112876442
gave 0.577984354939215 0.5833858889785479 0.6423813508895919 1.0 0.547749826677108 0.6168632112876442
advice 0.577984354939215 0.5833858889785479 0.6423813508895919 1.0 0.547749826677108 0.6168632112876442
seldom 0.5790563972784811 0.5856686063568434 0.643545015523474 1.0 0.5498288973869031 0.6189565470283452
followed 0.5790563972784811 0.5856686063568434 0.643545015523474 1.0 0.5498288973869031 0.6189565470283452
scolded 0.5744972415725266 0.5806661189312844 0.6417383601915592 1.0 0.5468985981772009 0.6168518903826542
severely 0.5829438188629049 0.5814359063062009 0.6437395439637971 1.0 0.5487563807134583 0.6151508212007532
bring 0.5829438188629049 0.5814359063062009 0.6437395439637971 1.0 0.5487563807134583 0.6151508212007532
tears 0.5862546573946096 0.5832786894946808 0.6475355076122685 1.0 0.5489115324839469 0.6180741038810066
remembered 0.5840621952153598 0.5826846580029106 0.6470568590905609 1.0 0.5527015599867234 0.6189062220747058
box 0.5832678335647573 0.5803522417302154 0.6448166561002185 1.0 0.5499715413044338 0.6167628126958952
cheated 0.5847277389954681 0.582931534081552 0.646916004249614 1.0 0.5493616770298455 0.6201268398972474
game 0.586592459923008 0.5856008489243821 0.6462970357959834 1.0 0.5488325752284717 0.6218357262032321
croquet 0.586592459923008 0.5856008489243821 0.6462970357959834 1.0 0.5488325752284717 0.6218357262032321
playing 0.586592459923008 0.5856008489243821 0.6462970357959834 1.0 0.5488325752284717 0.6218357262032321
against 0.586592459923008 0.5856008489243821 0.6462970357959834 1.0 0.5488325752284717 0.6218357262032321
child 0.5777056964645391 0.5772909120148009 0.6408305969716366 1.0 0.5492839203114043 0.6195406650793855
fond 0.5777056964645391 0.5772909120148009 0.6408305969716366 1.0 0.5492839203114043 0.6195406650793855
pretending 0.5777056964645391 0.5772909120148009 0.6408305969716366 1.0 0.5492839203114043 0.6195406650793855
two 0.573921861664819 0.5765201526633756 0.6404557083767244 1.0 0.5479027133110724 0.6162603636031155
pretend 0.5737460287532119 0.5770133930732384 0.6418603381497548 1.0 0.5480768089132502 0.615825287162229
hardly 0.5747105567400284 0.5771090568578261 0.6417694929917308 1.0 0.5469512993209917 0.6176948282579474
enough 0.5747105567400284 0.5771090568578261 0.6417694929917308 1.0 0.5469512993209917 0.6176948282579474
respectable 0.5790356313450884 0.5778015055846881 0.6418179462437402 1.0 0.5482290437495246 0.6163872791019984
person 0.5790356313450884 0.5778015055846881 0.6418179462437402 1.0 0.5482290437495246 0.6163872791019984
eye 0.5816416662447603 0.578235703696969 0.642207957310882 1.0 0.547609154268068 0.6125715828106889
lying 0.5824793548946924 0.5780370991508401 0.6425930438788063 1.0 0.5472617409279532 0.614635277240064
cake 0.5771979842908174 0.5778032364788935 0.6362115822363011 1.0 0.5462186633044676 0.6136911990051884
currants 0.5732352551619967 0.5751988952366996 0.6363557585817226 1.0 0.5470500662044766 0.6124604514303911
makes 0.576714234667805 0.5756155211453595 0.6377551508251493 1.0 0.5479038083963012 0.6126965397012358
grow 0.5763372506958333 0.5754600817988492 0.6391573109583243 1.0 0.5490383766838324 0.6126629854786626
can 0.5755366063589797 0.5752215247427344 0.6399009490190396 1.0 0.5480834709182125 0.6133403970651486
smaller 0.5804852438188409 0.5762080832457924 0.6388852619515557 1.0 0.5491566690385569 0.613175749765697
creep 0.5788825685498902 0.5757305405499833 0.6403739392393867 1.0 0.5472450509585466 0.6145318733872542
