word v0 v1 v2 v3 v4 v5
alice 0.5281464117961499 0.6303659536869265 0.6970252672310748 1.0 0.41723078313646805 0.8331229064463586
was 0.5279876998430322 0.6304182593268356 0.6972700107354689 1.0 0.4169543420185588 0.8339483540430431
beginning 0.5221233093631529 0.6282632706104256 0.691826292443686 1.0 0.4161103096101524 0.8332126403874149
to 0.5279367339339397 0.6298904379887695 0.6972065938854057 1.0 0.41664309376342645 0.8334281215508634
get 0.5285596746074752 0.6320181990820537 0.6985492799568495 1.0 0.41838053199143077 0.8339656035209054
very 0.5281420728940927 0.6303319677937922 0.6987559434643624 1.0 0.41727898938468794 0.8332022941599061
tired 0.5268853357498834 0.6306896641312933 0.6985906040483726 1.0 0.417905029479696 0.8316620556908911
of 0.5271367159233961 0.6303316146897997 0.6977786983223344 1.0 0.41748890798830224 0.8332173805246824
sitting 0.5185465441410644 0.6265567938655007 0.6948110114561571 1.0 0.41573099291860316 0.8318723220733347
by 0.5263702539545329 0.6289091149057656 0.6993972633712106 1.0 0.41699880959086855 0.8339625715933514
her 0.5264987343532757 0.6299177651338933 0.6987962856971102 1.0 0.41694146746401595 0.8328964996640729
sister 0.5187768590585597 0.6277873662540023 0.6981406947212734 1.0 0.41690074778664077 0.8333282436956929
on 0.5283817404107114 0.6314615837257556 0.6996216874198444 1.0 0.41770848938593547 0.8336597411948139
the 0.5276409483519845 0.6305423834591041 0.698002927288885 1.0 0.41688410683213717 0.833056117384924
bank 0.5180377204035252 0.6256287787383349 0.7019905547234334 1.0 0.41640095430301166 0.8312612357598332
and 0.528642314225281 0.6308908752079853 0.6980174095410373 1.0 0.4171732801674508 0.8333057915371653
having 0.5291850198363571 0.6323049501562445 0.70145964675976 1.0 0.4177967992472377 0.8328893648848636
nothing 0.526856773431588 0.6297221456988719 0.6985427478657826 1.0 0.41766615600623686 0.8340743204150931
do 0.5267644356681618 0.6299812610233866 0.6977240153447205 1.0 0.41829227065529795 0.8350544130793234
once 0.5296641150549329 0.63277436236265 0.6987222471727381 1.0 0.4181768708483315 0.8335735935222341
or 0.5264413118638764 0.6303593839853934 0.6988958077329704 1.0 0.4170974313471585 0.834880464956665
twice 0.5207122171680678 0.6289860560414379 0.6997492834319857 1.0 0.4191769558969278 0.8346564901229153
she 0.5289402077934199 0.6310619093928939 0.6974975425972822 1.0 0.41696244779378505 0.8334506904528053
peeped 0.5190068410562046 0.6290161598520535 0.7014655649344714 1.0 0.4180688117758581 0.8347820607856379
into 0.5299818264788875 0.6317601807805482 0.6978854481152558 1.0 0.4172058855822278 0.8333728522364574
book 0.5231721664371712 0.6288255019560821 0.7004245396797526 1.0 0.41835627411925264 0.8368777703142769
reading 0.5222484816252899 0.6287530155508779 0.70317038176944 1.0 0.41767346930218124 0.8337560229484702
but 0.5278486181453262 0.6307614586948392 0.6989263565375237 1.0 0.4174240385623323 0.8338962304319733
it 0.5285345027392607 0.6310445604611998 0.6973849252017044 1.0 0.41681132016695177 0.8334345124234058
had 0.5302285681015297 0.6328017774258563 0.6989022064299323 1.0 0.41816329573362065 0.8353203173763163
no 0.529610714366443 0.6316362033842178 0.6996948658105584 1.0 0.41770407206412463 0.835385488965792
pictures 0.5225238730739028 0.6288088824010072 0.6996468021006123 1.0 0.4193135009393928 0.8341767521207204
conversations 0.5256870643180025 0.6302214011676571 0.6973884723518977 1.0 0.41581172434645003 0.8298653813591906
in 0.5285207688293132 0.6311145151803644 0.697669660400913 1.0 0.41677710973467563 0.8330673614539361
what 0.5288540035910648 0.6284551251403682 0.6967953385984912 1.0 0.4152987528234153 0.8341351892385405
s 0.530291326938585 0.6323825634260862 0.6976572370407197 1.0 0.41694335827186113 0.8324548850784275
use 0.5301526668568954 0.6327554942945088 0.7000693484605679 1.0 0.41857390859789056 0.835625165399088
a 0.5289223031800728 0.6316409589910246 0.6979249890526336 1.0 0.417357584709249 0.8337508441974018
thought 0.5280303499448923 0.6308306660211483 0.6990318149422177 1.0 0.4181832883274462 0.8345396493986756
without 0.5261619814397114 0.6316994752384801 0.6994869048502831 1.0 0.41813036388052005 0.8346523300329006
conversation 0.5223015474615778 0.631170439573727 0.7001907260484044 1.0 0.4191941837541049 0.8337497341333672
so 0.5272421357658843 0.6304636577679923 0.6982765533531268 1.0 0.4172535776922484 0.8322610855928451
considering 0.5247275486162767 0.6305468397357199 0.6970222835478258 1.0 0.4168495867630026 0.8334777119233968
own 0.5287091264502555 0.6329893327873714 0.7010407049558812 1.0 0.41786787379989904 0.8310244080368323
mind 0.521198669058025 0.6273318921468783 0.6950689999799795 1.0 0.41567180229996525 0.8324845063687961
as 0.5281695950997815 0.6302399027665504 0.6961136874572895 1.0 0.4152640491803794 0.8325847078082789
well 0.5275439060143774 0.6291387910161251 0.6972382627915364 1.0 0.41632873422116307 0.8328106002018477
could 0.529140123568448 0.6308914217877798 0.6961744481324915 1.0 0.41689228663472927 0.8331808583961353
for 0.5295737220923072 0.6311393364632593 0.6985230859576278 1.0 0.4175432249939293 0.8334551003271647
hot 0.5342158479896466 0.6344032108456594 0.6994110212022114 1.0 0.4168422276670117 0.8315179868302639
day 0.5253349374067535 0.629581342811885 0.6993215762850487 1.0 0.41610489440569143 0.8331382129802841
made 0.5236421096231618 0.6284876465265924 0.7020554897668213 1.0 0.41705650774657477 0.8322929167532018
feel 0.5209569874308306 0.6246659811644355 0.7009607561554034 1.0 0.41340899823575344 0.8311090520221217
sleepy 0.5243106375330252 0.6272487567463579 0.6995588845506558 1.0 0.4137010453885581 0.8330850804648221
stupid 0.5209569874308306 0.6246659811644355 0.7009607561554034 1.0 0.41340899823575344 0.8311090520221217
whether 0.5270921726689851 0.6310493433130782 0.699948149694306 1.0 0.41660707012287146 0.8319597688764457
pleasure 0.5180337950348168 0.6262331929144169 0.6970948282747232 1.0 0.41509525408208564 0.8282117460609336
making 0.5180337950348168 0.6262331929144169 0.6970948282747232 1.0 0.41509525408208564 0.8282117460609336
daisy 0.5235822149005739 0.6307611561164604 0.7009442971428452 1.0 0.41618945009888136 0.8345797242563031
chain 0.5235822149005739 0.6307611561164604 0.7009442971428452 1.0 0.41618945009888136 0.8345797242563031
would 0.5285635797618198 0.6304186991133323 0.6979224618554476 1.0 0.41545125021828205 0.8333683019165649
be 0.5286794737156321 0.6308464366126748 0.6987769144235855 1.0 0.416086561498986 0.8336956504315532
worth 0.5235822149005739 0.6307611561164604 0.7009442971428452 1.0 0.41618945009888136 0.8345797242563031
trouble 0.5198077507372783 0.6270000985564684 0.6991602872250406 1.0 0.4159158199460797 0.829822662505912
getting 0.5252863270843513 0.6295418436821504 0.697110958591819 1.0 0.4163781486923623 0.833011990880095
up 0.5282639691245621 0.6300850240792295 0.698429259027143 1.0 0.4175644564935414 0.8342233016060294
picking 0.5198077507372783 0.6270000985564684 0.6991602872250406 1.0 0.4159158199460797 0.829822662505912
daisies 0.5198077507372783 0.6270000985564684 0.6991602872250406 1.0 0.4159158199460797 0.829822662505912
when 0.5261754030402346 0.6303982889848857 0.6964259081637292 1.0 0.4160397273469512 0.8314866070558146
suddenly 0.5253835947298199 0.6306276486789968 0.6979813356392249 1.0 0.41674422251682336 0.8332003114604869
white 0.5243145448251011 0.6289950660347524 0.6999259090689341 1.0 0.4156088882093232 0.83291505040292
rabbit 0.5237597744108023 0.6279887263861382 0.6981799544967616 1.0 0.41528073855419345 0.8321478564046143
with 0.5290738085317278 0.6315031579303695 0.7001589968908049 1.0 0.4183435277779479 0.8339741061872264
pink 0.5211088588819918 0.6264759317669117 0.701600280958677 1.0 0.4157840313415054 0.8331380091617366
eyes 0.5271201290676538 0.6298820641539586 0.7013182834212273 1.0 0.41702442763894293 0.8306997885029522
ran 0.5235796343120294 0.6265356523530002 0.7001271486582112 1.0 0.41431927920645134 0.8295272797238957
close 0.5241521443968248 0.6283272631601934 0.7004059225147041 1.0 0.41451355743363927 0.8312177546988324
there 0.5281804610397258 0.631116101529479 0.6987503272172929 1.0 0.41758914035784694 0.8341255250608651
remarkable 0.5228217152574516 0.6278856655024699 0.6973654909422677 1.0 0.41674072623442204 0.8318276868361689
that 0.5294779056922901 0.6313207577120535 0.6980664035790421 1.0 0.4177312919356092 0.8344204426598657
nor 0.5228217152574516 0.6278856655024699 0.6973654909422677 1.0 0.41674072623442204 0.8318276868361689
did 0.5265192533412778 0.6296386142086441 0.6974657475774134 1.0 0.41587815216733237 0.8326174217792208
think 0.527083641541849 0.6292026625129948 0.697114355389373 1.0 0.41667653040317765 0.8347377338472707
much 0.5277695024136887 0.6306851741535345 0.6968487434363749 1.0 0.41699599896749057 0.833186901930129
out 0.5281583696914586 0.6312679172143115 0.6987909999772871 1.0 0.4183586846373826 0.8329129031402889
way 0.5277424862386805 0.6325158344402173 0.698401181639129 1.0 0.4174598564150051 0.8339568614402165
hear 0.5229447154555051 0.6270808794991647 0.6947698867867494 1.0 0.4149212026679325 0.8333328686730695
say 0.5269516593502952 0.629535601304363 0.6972674808676737 1.0 0.4163399218314534 0.8352574569204377
itself 0.5213663703603992 0.6268405212995919 0.6974636544499415 1.0 0.4154970631828377 0.8327507960342515
oh 0.5266115659976519 0.6289326214893929 0.6969650327721177 1.0 0.4152867288747051 0.8349991264064172
dear 0.5257474844829484 0.629938295843285 0.6994559322887614 1.0 0.41566637596781314 0.8343056182349801
i 0.5293674032916665 0.6308051862338768 0.6973710574819822 1.0 0.4166505966509191 0.833442164543537
shall 0.5256099159648272 0.6274443053532239 0.69686928072355 1.0 0.416249754218722 0.8349742025721327
late 0.5235471695034862 0.628147690469769 0.6961403956858905 1.0 0.41578324365876923 0.8352828022820304
over 0.5252132805294452 0.6301858925231038 0.6969536558268619 1.0 0.41694546563872226 0.835097526730512
afterwards 0.5208057562076815 0.6296160957352563 0.6971463020508032 1.0 0.4162302223148997 0.8345233132464279
occurred 0.5208057562076815 0.6296160957352563 0.6971463020508032 1.0 0.4162302223148997 0.8345233132464279
ought 0.520982251672133 0.6281883798799823 0.7044383779911575 1.0 0.4175870222275742 0.8324927384856368
have 0.5240854153413945 0.6280831884769947 0.7008493687622517 1.0 0.4179804842761009 0.833140333764363
wondered 0.520982251672133 0.6281883798799823 0.7044383779911575 1.0 0.4175870222275742 0.8324927384856368
at 0.5272805786175105 0.6296805319292377 0.6992951831731338 1.0 0.4165106016985731 0.8342012505551747
this 0.5293045614843143 0.6298837140424115 0.6991714186665438 1.0 0.4175761836915518 0.8322599561253716
time 0.5266233495813883 0.6288727176594356 0.6969407545213641 1.0 0.4153843175652198 0.8329044063318572
all 0.5271512081907909 0.6306094029204522 0.6993751139440166 1.0 0.41840255126251474 0.8341039643768832
seemed 0.5294708632271121 0.6346473290055966 0.7030204962433078 1.0 0.4178269713663672 0.8365255610707477
quite 0.5276931793031787 0.6297162435010616 0.699092938570496 1.0 0.4161890325959743 0.8324469288530358
natural 0.524239266623304 0.6260766188438687 0.6997791690685194 1.0 0.4157839820038275 0.8316341377703317
actually 0.5212150149218587 0.6257975999820602 0.6958077588993892 1.0 0.41437466362747866 0.8293411093005133
took 0.522981432230726 0.6274089035747569 0.6974968601491254 1.0 0.41579673390309235 0.8307777774964095
watch 0.5231153138801203 0.6277805867571851 0.6984498997189 1.0 0.4183185241363692 0.8326193764272
its 0.5243085391902231 0.6277716997776213 0.6957505120446841 1.0 0.418122852090354 0.8336669892006718
waistcoat 0.5231153138801203 0.6277805867571851 0.6984498997189 1.0 0.4183185241363692 0.8326193764272
pocket 0.5219246831667058 0.626094956386033 0.7003552218664106 1.0 0.41764698026422076 0.8328967173907084
looked 0.5262472159426643 0.6295766358761558 0.6999284781370092 1.0 0.4179464076735097 0.834101052706309
then 0.5286738217168272 0.6311225151470317 0.6982524013975225 1.0 0.4154614260089111 0.8326740967831664
hurried 0.5232228608713497 0.6271050719108784 0.6962739296098356 1.0 0.4166318674026431 0.8329589722991545
started 0.524310485982817 0.6285262890196108 0.6928169910132732 1.0 0.414015320438188 0.8307995090843642
feet 0.5242531938816343 0.6296423654644232 0.6944754914975698 1.0 0.4167005138253954 0.8339449981719139
flashed 0.5197835042076777 0.6243781886200261 0.6906486377303702 1.0 0.4145220720375349 0.8333652072463235
across 0.5221416932998387 0.625698703171474 0.692662975962409 1.0 0.4139799408127041 0.832541567939056
she'd 0.5197835042076777 0.6243781886200261 0.6906486377303702 1.0 0.4145220720375349 0.8333652072463235
never 0.5286483592269002 0.6297022387508889 0.6979081468864273 1.0 0.41705015466551715 0.8344173940396074
before 0.5264048605243612 0.6307315730375878 0.6980912414082704 1.0 0.41860578695552736 0.8363671845565284
seen 0.5298736353138033 0.632494436133289 0.6988852168877226 1.0 0.41650761623690125 0.8330719947939914
either 0.5278666121583324 0.6310117786726266 0.6977924300188727 1.0 0.4166285174645291 0.8327858443320229
take 0.5240676812111632 0.6323759246715563 0.7018869968508311 1.0 0.4168109293105668 0.832045049363381
burning 0.5240676812111632 0.6323759246715563 0.7018869968508311 1.0 0.4168109293105668 0.832045049363381
curiosity 0.5239417475171332 0.6272381149799648 0.69697919548331 1.0 0.4134205873249121 0.8299857501546625
field 0.5245068766623837 0.6270231343027455 0.694683288620454 1.0 0.41343620165389433 0.8317154857589781
after 0.5289119817486179 0.6307015140510904 0.6967961602693625 1.0 0.4165438121683306 0.8336746440259492
fortunately 0.5265124554324673 0.6282096429502949 0.6930579707184825 1.0 0.4142552658768644 0.8338391969850315
just 0.5264481922592772 0.6296606118828039 0.6949073742544138 1.0 0.4148710995924321 0.834858049310512
see 0.5289286855570065 0.6303685528463484 0.698006435467819 1.0 0.41696035902718387 0.8343996786639771
pop 0.5224991442280322 0.6247135949224372 0.6935383060961083 1.0 0.41318077149838667 0.8342597348776628
down 0.5273408517711272 0.6288282960497177 0.695735462717186 1.0 0.41638770763087013 0.8336582335066096
large 0.5261631672126769 0.6293559974236193 0.6968761138190849 1.0 0.41611058739435947 0.8356861710660338
hole 0.5274247977930341 0.6308210088391057 0.6996611889737255 1.0 0.4165600754987552 0.8333992589195388
under 0.5316228512731983 0.6334694718464915 0.7013490367161938 1.0 0.41710333905187996 0.8298381784752863
hedge 0.5236313113743556 0.62534847809701 0.6962674104303055 1.0 0.4120580012375491 0.8323632442064437
another 0.526436277561757 0.6308223540210243 0.6981014530494261 1.0 0.41782303425445605 0.8364060628592781
moment 0.5261184040606769 0.6299540289124456 0.6947180595340389 1.0 0.4158205183906338 0.8346301894104965
went 0.5279336067572138 0.6295898973244246 0.6952185338724137 1.0 0.4148663169889009 0.8323607748889288
how 0.5273774238297426 0.6287291204617718 0.6962297846673 1.0 0.4173113480652949 0.8347803580959043
world 0.5284536828512876 0.6281964389246348 0.69601112016836 1.0 0.41601400006559563 0.8327687639540696
again 0.5282470762786273 0.631046357741209 0.699459931797319 1.0 0.41863208214878145 0.8339546410223566
straight 0.5276414247039799 0.631427829657772 0.7038334123092592 1.0 0.41748641621833477 0.830693807387492
like 0.5296408910720254 0.6305945538437855 0.6980022970020119 1.0 0.416410097082408 0.8321357555247183
tunnel 0.5276414247039799 0.631427829657772 0.7038334123092592 1.0 0.41748641621833477 0.830693807387492
some 0.526703754004787 0.6314879154541904 0.7003816725877284 1.0 0.4152137293457872 0.8333615437042136
dipped 0.526703754004787 0.6314879154541904 0.7003816725877284 1.0 0.4152137293457872 0.8333615437042136
not 0.529762643230438 0.6321428884249896 0.6975800627377913 1.0 0.4175843882390194 0.8339554388750822
about 0.5289334774597106 0.6312977561016041 0.6957559473232873 1.0 0.41671652194092706 0.8345534192040333
stopping 0.5242769619357818 0.6284086538714059 0.6925579180378862 1.0 0.41756431138856814 0.8367309230994592
herself 0.5301764514452793 0.6302476823956977 0.6975114984378762 1.0 0.41672582359825294 0.833245145933938
found 0.5308438632972605 0.6320615522725198 0.696578417960068 1.0 0.41496453756183116 0.8323283159915634
falling 0.5241358935887982 0.6286386267554329 0.6924739584880336 1.0 0.4149105530516895 0.8323944384491669
deep 0.5243093707899444 0.6267767225248982 0.6933282924820677 1.0 0.413944675663686 0.833027939227932
fell 0.5285618719956261 0.630285733046885 0.6958499295632582 1.0 0.41700314444410047 0.8326413827899083
slowly 0.5268898808573154 0.6277707606199854 0.6941109462953285 1.0 0.4173217649572472 0.8348780490520917
plenty 0.5294567947283206 0.6287807372980265 0.6914246296213209 1.0 0.41499834647930123 0.8320264291532276
look 0.5302999870288012 0.6304280233578557 0.693839490077424 1.0 0.4153681253184386 0.834354077123064
wonder 0.5303229363495773 0.6313455717563611 0.6971313224973543 1.0 0.4147737385523523 0.8346738399301604
going 0.5323105033314278 0.6314991885554225 0.6986116786807517 1.0 0.4176251317338462 0.8338045581901716
happen 0.5257574885093412 0.6240489113708938 0.6923582167260679 1.0 0.41190394969681554 0.8351040508390001
next 0.5257574885093412 0.6240489113708938 0.6923582167260679 1.0 0.41190394969681554 0.8351040508390001
first 0.5299766472757356 0.6312378073286572 0.6950018334844125 1.0 0.4176112250316093 0.8348930858569414
tried 0.5274018626223934 0.6290844429521331 0.6951594378052391 1.0 0.41609992765372644 0.8330730354334006
make 0.5305658165965493 0.6312283058104371 0.6956115323989797 1.0 0.41590207992778794 0.8294508513490693
coming 0.5283851619720534 0.6270616671403602 0.6910497293607886 1.0 0.4144889035399283 0.8337404631771133
too 0.5298596485082084 0.6321407263402085 0.6964355775183994 1.0 0.41539018188847626 0.8341726387762187
dark 0.5271654596977176 0.6302618152213101 0.6970343253742354 1.0 0.41888126192860686 0.8363656376931049
anything 0.5290952606890845 0.6320981778219715 0.694354787535454 1.0 0.4152477800123556 0.8332420439028514
sides 0.5307173524197224 0.6314620937417336 0.7016275558430581 1.0 0.4171285487673244 0.8328534418117798
noticed 0.5278890437075325 0.6299773328230038 0.7023227932536112 1.0 0.4199346639254546 0.8375355272602014
they 0.5280993280174281 0.6300714076286682 0.699833526342523 1.0 0.4171679018607749 0.8334026327320363
were 0.5275123939848819 0.6304326350339473 0.6990654373385127 1.0 0.4177685712665306 0.835062634156121
filled 0.528053849679688 0.6294247043546597 0.7034171142676612 1.0 0.4201377248488746 0.8362309191183139
cupboards 0.5281294500324898 0.6297882200219785 0.6986722419689751 1.0 0.4173502255627922 0.8342662210738324
shelves 0.5261993206617825 0.6272434893108851 0.698016358650918 1.0 0.41461372426508925 0.8306689345296724
here 0.5283167865992954 0.63139770809885 0.6980406539587882 1.0 0.41738710237259624 0.8327665878756646
saw 0.5252089393962655 0.6266525281087602 0.6973931148546327 1.0 0.4162978595506742 0.8335544088245429
maps 0.5238653998786831 0.6262340122822628 0.6971959801345564 1.0 0.41681022580936805 0.8312636962985536
hung 0.5230192078221481 0.6265124711824742 0.695600447178489 1.0 0.42106354916067146 0.8350205053348626
upon 0.5268096351828768 0.631462271707026 0.6981440240252479 1.0 0.41964994671024247 0.8351855977434466
pegs 0.5230192078221481 0.6265124711824742 0.695600447178489 1.0 0.42106354916067146 0.8350205053348626
jar 0.5253733483009725 0.6284303376993086 0.6978085332997582 1.0 0.41632107529151463 0.8299034659424731
from 0.5291814102887308 0.631466768576144 0.6986441225912765 1.0 0.417626093995057 0.8362761041776111
one 0.5290939953642364 0.6310786705096934 0.6978385667264352 1.0 0.4153345078967282 0.8317968222906391
passed 0.5256104218684652 0.6275731443331912 0.6969128181149967 1.0 0.4126768402722332 0.8250826661039757
labled 0.5280315277535091 0.628671559205545 0.6987809423961792 1.0 0.41437210670394314 0.8287574698584658
orange 0.5280315277535091 0.628671559205545 0.6987809423961792 1.0 0.41437210670394314 0.8287574698584658
marmalade 0.5280315277535091 0.628671559205545 0.6987809423961792 1.0 0.41437210670394314 0.8287574698584658
great 0.5298370862970243 0.633599442238534 0.6960047506533898 1.0 0.41755787781209847 0.8345506518151887
disappointment 0.5297320698202832 0.6314819342847322 0.6971732336615449 1.0 0.41643815422191716 0.8326676543789052
empty 0.5281639374306702 0.630068774258535 0.6995639060094824 1.0 0.4165413540392216 0.8301807485801449
drop 0.5260132611581302 0.6278475570576014 0.696434572579509 1.0 0.41542763341149164 0.8275894856918853
fear 0.5260132611581302 0.6278475570576014 0.696434572579509 1.0 0.41542763341149164 0.8275894856918853
killing 0.5260132611581302 0.6278475570576014 0.696434572579509 1.0 0.41542763341149164 0.8275894856918853
somebody 0.5268896546282785 0.6287141238360412 0.6944938554444758 1.0 0.41770323324114395 0.8343804917252714
managed 0.5268896546282785 0.6287141238360412 0.6944938554444758 1.0 0.41770323324114395 0.8343804917252714
put 0.5261563707807154 0.6309104119574012 0.6958582680626259 1.0 0.4166843980730145 0.83497304518405
past 0.5282049283848661 0.6301511490641772 0.6939350267303059 1.0 0.4145672246168097 0.8323046935700725
such 0.5324765231552702 0.6338780340124517 0.6965393126061674 1.0 0.41681301317071606 0.8335573236402875
fall 0.5265697180713238 0.6277732818216286 0.6964658913661762 1.0 0.4168365774820915 0.8352091401811979
tumbling 0.5311211968869066 0.6292964658450529 0.6958637389713735 1.0 0.4131471766927404 0.8351773291279543
stairs 0.5311211968869066 0.6292964658450529 0.6958637389713735 1.0 0.4131471766927404 0.8351773291279543
brave 0.5261597814748759 0.6255597346105816 0.6959166745583983 1.0 0.4129570871937664 0.8323535580113727
ll 0.528487308640297 0.6301066631760752 0.6970538664697141 1.0 0.41716432398545017 0.8332431303801798
me 0.5285354662576672 0.630678939046138 0.6973708409420746 1.0 0.4180131217011723 0.8324962132030181
home 0.5270862442033657 0.6292676813738366 0.692327224786705 1.0 0.4123118838477126 0.8344197680565957
why 0.5284610711689616 0.630300901867912 0.695301357925002 1.0 0.4139507409704432 0.8305157072478562
n't 0.5266963521825957 0.6287548966818245 0.693636098274572 1.0 0.41515842450020557 0.8344784432009154
even 0.5299532187244395 0.6327598977408231 0.6976896446694054 1.0 0.416159376862419 0.8349947565037686
if 0.53148372996273 0.6325516985444457 0.6989333071521721 1.0 0.41745941504911477 0.8331022459866451
off 0.5297246189097828 0.6307976543950355 0.6972674175654711 1.0 0.4178815741133893 0.833318677982872
top 0.5241117709749121 0.6278880885402296 0.6898574160911309 1.0 0.41643413838439824 0.8330760322612436
house 0.5241117709749121 0.6278880885402296 0.6898574160911309 1.0 0.41643413838439824 0.8330760322612436
which 0.5290790513586854 0.6323687084393611 0.6974647616553731 1.0 0.41574699380555263 0.8332871505280295
likely 0.5277659386052949 0.6309928869493142 0.6948208410222357 1.0 0.41607277067615767 0.8330558411595985
true 0.5277659386052949 0.6309928869493142 0.6948208410222357 1.0 0.41607277067615767 0.8330558411595985
come 0.5284294234051145 0.6276624405885534 0.6983993952556569 1.0 0.4176899389217004 0.8327573988424026
an 0.5289616802100344 0.6273532300336525 0.698286688313342 1.0 0.4167366680031197 0.835353818471045
end 0.5321351698923609 0.6288586749887946 0.6971729603931864 1.0 0.4166957210242291 0.835428561545472
many 0.5286424347282999 0.6310264104938874 0.6999162092531952 1.0 0.41864019596391777 0.8362140317195011
miles 0.5289766977911986 0.6274367336200403 0.696357196254872 1.0 0.41712869718132106 0.8347738470819891
ve 0.5278952813341398 0.6274039606702349 0.6962764353008087 1.0 0.4141447930947827 0.8322606796104574
fallen 0.5276995069416109 0.6251642768909038 0.6976525132992172 1.0 0.41553634317480465 0.8322393996883907
said 0.530953954574449 0.630021804168731 0.6988886792306493 1.0 0.4172636207908436 0.8324865405950109
aloud 0.5294082319463207 0.6273452527814766 0.6987700267276896 1.0 0.4177547573554253 0.8318342254137674
must 0.5315834055311235 0.6306041359753256 0.6968860388067075 1.0 0.41641897707670855 0.8337753101793556
somewhere 0.5286366388073664 0.6298459582896703 0.697788309502402 1.0 0.41624323786807355 0.8338495934186269
near 0.5301452345843897 0.632163179165768 0.6992317616924946 1.0 0.41618972761821543 0.832586495943141
centre 0.5301452345843897 0.632163179165768 0.6992317616924946 1.0 0.41618972761821543 0.832586495943141
earth 0.5270497006323409 0.6274482469282099 0.6969354077185438 1.0 0.4147698524890239 0.8336838020908004
let 0.527846176632735 0.6280707350931652 0.6956760872772298 1.0 0.4127128137864289 0.8311990436716659
four 0.53026005937613 0.6297201697020745 0.695055620898647 1.0 0.4187287446309521 0.8373205396338689
thousand 0.53026005937613 0.6297201697020745 0.695055620898647 1.0 0.4187287446309521 0.8373205396338689
you 0.5306250469129249 0.6320993867576361 0.6981911579259125 1.0 0.41719397570940114 0.8336520229439486
learnt 0.5274901981110424 0.6286327926272145 0.7030435060749182 1.0 0.420013860278401 0.8348607890120784
several 0.5292821252749524 0.6308070798899198 0.7009543849036155 1.0 0.4187935201442979 0.8314763959875485
things 0.5293636601696 0.6334857011879508 0.7019554757828186 1.0 0.4206610075144289 0.8352820416880866
sort 0.530471488878901 0.6322790137844999 0.6977599281623293 1.0 0.41840765688128834 0.832722800939682
lessons 0.5260181997532131 0.6276809062517774 0.7008272794848948 1.0 0.4187605544227589 0.8297113564920102
schoolroom 0.5306982842503876 0.6328743359056969 0.7036875707382486 1.0 0.42121758693586236 0.8344091458654792
though 0.5309522690711578 0.6313331013439991 0.7006536885895028 1.0 0.41930744092347194 0.8339910780346427
good 0.5304802486029445 0.6298744091168791 0.7011741022464718 1.0 0.41646410453834537 0.8346076349726118
opportunity 0.5283337517064927 0.6308364150052408 0.7036290841503186 1.0 0.4158032353192314 0.8329478288767593
showing 0.528920940725393 0.6295859976752349 0.7010843150669342 1.0 0.417826432943538 0.8341759197885233
knowledge 0.528920940725393 0.6295859976752349 0.7010843150669342 1.0 0.417826432943538 0.8341759197885233
listen 0.5316426888809279 0.6330469746887204 0.6993983793968169 1.0 0.4136723760095925 0.8340835408999488
still 0.528672661289444 0.6310012285847407 0.6971509102535863 1.0 0.4132486063349211 0.8319938336727244
practice 0.529523919293301 0.630316928223999 0.6968902588838652 1.0 0.4160459975185708 0.8361532998020317
yes 0.5263449619225445 0.6310114165117507 0.6964973886988054 1.0 0.41542243666476225 0.8301234396079218
right 0.5281776911474306 0.6292947963538443 0.6973873310270671 1.0 0.41632336528291575 0.8334678552677087
distance 0.5263449619225445 0.6310114165117507 0.6964973886988054 1.0 0.41542243666476225 0.8301234396079218
latitude 0.5297940755528617 0.6291616848189621 0.7009577309460243 1.0 0.4151650985232885 0.8355298203276033
longitude 0.5284664061269527 0.6288731444484861 0.6995014655505387 1.0 0.4157963256236265 0.8341596439928599
got 0.5306924979707315 0.6323503693531553 0.6961377087811657 1.0 0.4139938750344456 0.8296645263190406
idea 0.5266819836002129 0.6244475408185927 0.7009978758779762 1.0 0.41618499449361274 0.8364777556750239
nice 0.532274531498916 0.6340751982542978 0.7006348229972815 1.0 0.4189805163594987 0.834314799605867
grand 0.5273479589697257 0.6299483609490966 0.7011735048989879 1.0 0.4167730883314194 0.8352383958545576
words 0.5300941367945119 0.6323674460056314 0.7025796226764311 1.0 0.4177479182486278 0.8331039599323063
presently 0.5286866659127721 0.6296351296187368 0.6980310201333693 1.0 0.41617713484398616 0.8351061252768298
began 0.5281347418474257 0.6300871396193681 0.6985425046425664 1.0 0.41723695930335075 0.8351311861194007
through 0.5291189586205951 0.6304471376732455 0.6987324887997608 1.0 0.4167018093295498 0.8327405373311338
funny 0.5247648968685534 0.6258425343357907 0.6954001932748951 1.0 0.41704811692756594 0.8351214265447711
seem 0.5247648968685534 0.6258425343357907 0.6954001932748951 1.0 0.41704811692756594 0.8351214265447711
among 0.5285706912660096 0.6314338916144112 0.6991316246845002 1.0 0.42094311582827637 0.836504982423685
people 0.5289470205083245 0.6309532953908228 0.7010784004353963 1.0 0.4202240981073719 0.8341055765106513
walk 0.5257234765935026 0.6291562106127047 0.698558059906614 1.0 0.42025064305640036 0.8338704947908872
their 0.530966428317194 0.6338334322250933 0.6983594206607397 1.0 0.4176061617889086 0.8334087637143389
heads 0.5304892572341474 0.633349113400784 0.7024860800174658 1.0 0.42021279266593264 0.834402667361479
downward 0.5304892572341474 0.633349113400784 0.7024860800174658 1.0 0.42021279266593264 0.834402667361479
antipathies 0.5304892572341474 0.633349113400784 0.7024860800174658 1.0 0.42021279266593264 0.834402667361479
rather 0.5305677615029576 0.6308493329679098 0.6989713277371893 1.0 0.4158306953337802 0.8327249033618767
glad 0.5305638073457432 0.6321532944285492 0.6993297302142666 1.0 0.4155738558776106 0.8314942003773607
listening 0.530655258494157 0.6313119590822344 0.6996515410964956 1.0 0.4140126522534249 0.8358017017179532
sound 0.5249400275873392 0.6241612906535795 0.6936991514181388 1.0 0.4164422769376001 0.8351390580726682
word 0.5249400275873392 0.6241612906535795 0.6936991514181388 1.0 0.4164422769376001 0.8351390580726682
ask 0.526910004340826 0.6281289730485228 0.6957128087576164 1.0 0.4175462803144479 0.8336170598669126
them 0.5288881472175176 0.6307980445372247 0.6965356288051417 1.0 0.41647583820817746 0.8332687360443828
name 0.52871865187515 0.630160830589171 0.7007142510933337 1.0 0.4183372157463431 0.8352895867434623
country 0.52871865187515 0.630160830589171 0.7007142510933337 1.0 0.4183372157463431 0.8352895867434623
is 0.5303715758188493 0.6310386763437824 0.6985970785225103 1.0 0.4184494351010885 0.8313769094018929
know 0.5288415312516886 0.6310488358619533 0.7007074295201837 1.0 0.41792557266289565 0.8343762405067398
please 0.5282459809851552 0.6284173209724857 0.6966829698658297 1.0 0.416369885298794 0.8318102105325624
ma'am 0.5282459809851552 0.6284173209724857 0.6966829698658297 1.0 0.416369885298794 0.8318102105325624
new 0.5312431766229234 0.6347440723700675 0.6935648698213419 1.0 0.41423793145515264 0.8319794585785542
zeland 0.5312431766229234 0.6347440723700675 0.6935648698213419 1.0 0.41423793145515264 0.8319794585785542
australia 0.5312431766229234 0.6347440723700675 0.6935648698213419 1.0 0.41423793145515264 0.8319794585785542
curtsey 0.5251287016487394 0.6281889561000905 0.6920430300926257 1.0 0.4158841400478092 0.8335007660169368
spoke 0.5304829290197416 0.6340778830865239 0.6993790208778385 1.0 0.4157370281519657 0.833466916062853
fancy 0.5297185421189712 0.6303796673932864 0.6969078432413363 1.0 0.4154755556911105 0.8331248003946211
curtseying 0.5304829290197416 0.6340778830865239 0.6993790208778385 1.0 0.4157370281519657 0.833466916062853
re 0.5255352667163976 0.6290519065758364 0.6920095386221192 1.0 0.41522196790100546 0.8317349363344738
air 0.5273780214235853 0.6323736141827078 0.6949947635670195 1.0 0.4158274485758991 0.8318711776043464
manage 0.524207146868248 0.6283331320802495 0.6923433361977704 1.0 0.4155615078271818 0.8331504274967204
ignorant 0.5295356308346127 0.6291309635784221 0.6989326637204545 1.0 0.4167130098646148 0.836551962853188
little 0.5317185433889587 0.6334719344079298 0.7008094203081098 1.0 0.4179319820916917 0.8342501014709632
girl 0.5295356308346127 0.6291309635784221 0.6989326637204545 1.0 0.4167130098646148 0.836551962853188
asking 0.525848449831909 0.6270068428081883 0.6973844161665085 1.0 0.41846237702805583 0.8378000956973047
perhaps 0.5271238727297312 0.6275223317827302 0.6963408670919713 1.0 0.4162968960394831 0.8351161825492365
written 0.5271238727297312 0.6275223317827302 0.6963408670919713 1.0 0.4162968960394831 0.8351161825492365
else 0.5256843231466327 0.627841283890269 0.7002358813269914 1.0 0.42281238447799313 0.8359638076274999
soon 0.5320466724733999 0.6325867045324237 0.7010929833678564 1.0 0.4205211577357642 0.8336762819339836
talking 0.5280387685889382 0.6307824766117995 0.6994421131103419 1.0 0.4215213325820176 0.8352181557066741
dinah 0.5266606031725352 0.6293325486734115 0.6976807544811026 1.0 0.4172191694679822 0.8345609141389582
miss 0.5242240011075918 0.6266008598986176 0.6977272692840593 1.0 0.4188825746473601 0.8328245022975187
night 0.529776719396511 0.6301812070689982 0.6992669054872195 1.0 0.41869566673876185 0.8359859915182948
should 0.531099669380042 0.6303967058779153 0.697733308413006 1.0 0.4159692684569981 0.833449705638884
cat 0.5266565609499412 0.6268721668029712 0.6993896520966233 1.0 0.417483521469382 0.8358578679114074
hope 0.5253376258695814 0.6297654227161136 0.7015650058130122 1.0 0.41710323238482283 0.832190229180008
remember 0.5320647283607006 0.6346972920717255 0.7012132556077864 1.0 0.41736565931212594 0.8317414858603123
saucer 0.5253376258695814 0.6297654227161136 0.7015650058130122 1.0 0.41710323238482283 0.832190229180008
milk 0.5280019666118566 0.6318717321087716 0.6973803807340362 1.0 0.4147081482615437 0.8321033302385885
tea 0.5280019666118566 0.6318717321087716 0.6973803807340362 1.0 0.4147081482615437 0.8321033302385885
my 0.5293705788214961 0.6315526841128711 0.6978590770030154 1.0 0.4160237186730422 0.8338687771005179
wish 0.5279128295027126 0.630287403674124 0.6951570602005847 1.0 0.41646564738904945 0.8327953271851631
are 0.5312181278236489 0.6367247440566879 0.6977401545641341 1.0 0.4182577967285291 0.8367730655020584
mice 0.529206165505397 0.6356689850095055 0.6979563195975692 1.0 0.41642812858400907 0.8320063386598274
m 0.529206165505397 0.6356689850095055 0.6979563195975692 1.0 0.41642812858400907 0.8320063386598274
afraid 0.529206165505397 0.6356689850095055 0.6979563195975692 1.0 0.41642812858400907 0.8320063386598274
might 0.5294466214262102 0.6322290636073781 0.697656857903815 1.0 0.41869351355051315 0.8356873758274106
catch 0.5335390345348844 0.637913835371053 0.6980847057529693 1.0 0.4175652707195034 0.831367899953517
bat 0.5310949602785121 0.6340722089588938 0.6954339533637258 1.0 0.41691422230537006 0.8332381993003661
mouse 0.528246608228026 0.6346998598051378 0.7000266940202758 1.0 0.4184062269879767 0.8345543636287911
cats 0.5282693090597873 0.6320490729425047 0.6976694447751449 1.0 0.41666758523376796 0.835701526356568
eat 0.5279387825396976 0.6303256193952685 0.6960261769616116 1.0 0.41625548239681437 0.8341240087554272
bats 0.5267455326725071 0.6305746374584933 0.698459598516528 1.0 0.41721752367351334 0.836102553113494
saying 0.5289598740786773 0.6309915500319397 0.69815393079033 1.0 0.41587537609965086 0.8353810823349825
dreamy 0.5293339341233089 0.630526303629316 0.6956589073554532 1.0 0.4156240714666416 0.8359169002849511
sometimes 0.5290334873863789 0.6305993555533095 0.698586953983702 1.0 0.41523993645304547 0.8328304512736164
couldn't 0.529185117064045 0.6327794905025478 0.6936865056537488 1.0 0.41556974581118433 0.8322459590686697
answer 0.529185117064045 0.6327794905025478 0.6936865056537488 1.0 0.41556974581118433 0.8322459590686697
question 0.529185117064045 0.6327794905025478 0.6936865056537488 1.0 0.41556974581118433 0.8322459590686697
matter 0.5250974187812057 0.6304327319146327 0.6960163603863488 1.0 0.4166230761875436 0.8333798555925667
felt 0.5295419545113224 0.6329123720520092 0.6988485432034852 1.0 0.41675307270856693 0.8335507103730784
dozing 0.5279010219384273 0.6311700190611649 0.697968328643775 1.0 0.41689536241065356 0.8350014867179181
begun 0.5285100725886558 0.633083936751919 0.6950910803452346 1.0 0.41817855273917176 0.8387250993724353
dream 0.5270176963572112 0.6311179581401501 0.6938006377693327 1.0 0.415418625566604 0.8362606206623519
walking 0.5270176963572112 0.6311179581401501 0.6938006377693327 1.0 0.415418625566604 0.8362606206623519
hand 0.5278024255613345 0.631287845670409 0.697230169709945 1.0 0.4157732047988115 0.8355518199791785
earnestly 0.5249198985627098 0.6285546781109941 0.6956917649899679 1.0 0.4173012712967851 0.8319840358294326
now 0.531426031234256 0.6317549859576759 0.6984903167429025 1.0 0.41804988050455566 0.8350651042398807
tell 0.526813526386535 0.6303525627732397 0.6932498736900051 1.0 0.4168606404859353 0.8360923976464867
truth 0.526813526386535 0.6303525627732397 0.6932498736900051 1.0 0.4168606404859353 0.8360923976464867
ever 0.5303607812453672 0.6325506998286771 0.6972608281455434 1.0 0.41882750116400796 0.8341964659158654
thump 0.5235804548696922 0.6278522012215896 0.6950336318032303 1.0 0.41761595859670647 0.8331001454925842
came 0.5273905375815627 0.6317208967067318 0.6995653796040997 1.0 0.41953333275429494 0.8354623503189704
heap 0.5268969653464984 0.6319309713381628 0.6953673739955905 1.0 0.4182983848875281 0.8343498458135259
sticks 0.5268969653464984 0.6319309713381628 0.6953673739955905 1.0 0.4182983848875281 0.8343498458135259
dry 0.5268969653464984 0.6319309713381628 0.6953673739955905 1.0 0.4182983848875281 0.8343498458135259
leaves 0.5268969653464984 0.6319309713381628 0.6953673739955905 1.0 0.4182983848875281 0.8343498458135259
bit 0.5237557008719667 0.6281680400234573 0.6930153179982871 1.0 0.4172894141280214 0.8340516771509853
hurt 0.5237557008719667 0.6281680400234573 0.6930153179982871 1.0 0.4172894141280214 0.8340516771509853
jumped 0.5237557008719667 0.6281680400234573 0.6930153179982871 1.0 0.4172894141280214 0.8340516771509853
overhead 0.5245276123586375 0.6317126040661395 0.6994584304068806 1.0 0.41885779948498575 0.8364319553893185
long 0.5296700022171195 0.6309467315727318 0.695364219967666 1.0 0.41487859922766573 0.8329614175130078
passage 0.5288930892011315 0.6313321481118077 0.6963573762133223 1.0 0.41606985583045536 0.8333680097589492
sight 0.5256947277405878 0.6289500368810168 0.6948974585412736 1.0 0.4128237086219132 0.8298985638250358
hurrying 0.5256947277405878 0.6289500368810168 0.6948974585412736 1.0 0.4128237086219132 0.8298985638250358
lost 0.5256306103599127 0.6300187890019874 0.6959484767416318 1.0 0.41538777775832053 0.8330144636649001
away 0.5256306103599127 0.6300187890019874 0.6959484767416318 1.0 0.41538777775832053 0.8330144636649001
wind 0.5249272778314386 0.6296052533434391 0.6936969914458694 1.0 0.41346062236013065 0.8357378491196245
turned 0.5248133491180281 0.6290827076986506 0.6948050138478248 1.0 0.414074596336974 0.8336468591066241
corner 0.5248133491180281 0.6290827076986506 0.6948050138478248 1.0 0.414074596336974 0.8336468591066241
ears 0.5301322508713027 0.630728747288128 0.6965979446892947 1.0 0.41680851760173576 0.8372134628411753
whiskers 0.5274658138624723 0.6281702365545113 0.6938776556551621 1.0 0.41466805220239417 0.8379011007772156
it's 0.529273574787075 0.6323146380597953 0.6979717332173748 1.0 0.4205936674038388 0.8374523377125058
behind 0.5251578275553739 0.6304314959052787 0.6957883222440885 1.0 0.4160345575061154 0.8353542977479436
longer 0.5239143449196196 0.6277155615513194 0.6961987129097255 1.0 0.41306755849999327 0.8304675090850461
low 0.5268615245387831 0.6296743852288377 0.6937239948850029 1.0 0.4149986466435512 0.8332557937681573
hall 0.5267213115932814 0.6294446142447324 0.6951293133497936 1.0 0.41756084456916975 0.8350281348780791
lit 0.5264092530549707 0.6292037602480848 0.6947403683199705 1.0 0.4166702119277647 0.83788889086992
row 0.5264092530549707 0.6292037602480848 0.6947403683199705 1.0 0.4166702119277647 0.83788889086992
lamps 0.5264092530549707 0.6292037602480848 0.6947403683199705 1.0 0.4166702119277647 0.83788889086992
hanging 0.5264092530549707 0.6292037602480848 0.6947403683199705 1.0 0.4166702119277647 0.83788889086992
roof 0.5245259377199634 0.6279310336941218 0.6993671155162108 1.0 0.4198093201143594 0.8409835731986033
doors 0.5257162724682116 0.6290461705475257 0.6965137770801318 1.0 0.41792984306634934 0.8384552946311015
around 0.5240378474662287 0.6276874429826692 0.6976825906682863 1.0 0.41849022414809534 0.8331977525247006
locked 0.5276206435864683 0.6294364171152907 0.6979105725864394 1.0 0.4190911768799787 0.832260188891715
been 0.5276122708403912 0.6324196884893984 0.6965566960720398 1.0 0.41713406461596253 0.8339172795496259
side 0.5276122708403912 0.6324196884893984 0.6965566960720398 1.0 0.41713406461596253 0.8339172795496259
other 0.5308008559256142 0.6349223725940236 0.7004054722691668 1.0 0.4184303444674153 0.8329289515144894
trying 0.5319390847659478 0.6343700843000014 0.7000697681927778 1.0 0.4182298541103693 0.8320252471102169
every 0.5257717887735989 0.6325927173147934 0.6952481426136006 1.0 0.41569209713364996 0.8341765528498634
door 0.5298204260726482 0.6327872149828518 0.6979616363666463 1.0 0.4165988978623873 0.8332744942284943
walked 0.5262493914374521 0.6316951493748673 0.6968195571552389 1.0 0.4209206674483302 0.8380999890697621
sadly 0.5262493914374521 0.6316951493748673 0.6968195571552389 1.0 0.4209206674483302 0.8380999890697621
middle 0.5262493914374521 0.6316951493748673 0.6968195571552389 1.0 0.4209206674483302 0.8380999890697621
wondering 0.5294496223155959 0.6348665998005699 0.6955943732004423 1.0 0.4251818440438839 0.8349103528929321
three 0.5290188758231136 0.6343294157725994 0.7064236136158544 1.0 0.42169056443870034 0.8344498606367288
legged 0.5290188758231136 0.6343294157725994 0.7064236136158544 1.0 0.42169056443870034 0.8344498606367288
table 0.5309291346005375 0.6326120327357886 0.6980486400761122 1.0 0.4177489746041976 0.8315934879057718
solid 0.5263281757336044 0.632310655343122 0.7031506082169202 1.0 0.420705299489653 0.8334771976557933
glass 0.5304801231184453 0.6326187218804921 0.7022267963250561 1.0 0.4188766856099416 0.8313508843505701
except 0.5296495473567597 0.6339096687061894 0.6990277841746028 1.0 0.4182203743894646 0.8342734615128141
tiny 0.5296495473567597 0.6339096687061894 0.6990277841746028 1.0 0.4182203743894646 0.8342734615128141
golden 0.530177008605661 0.6342637851203954 0.6943838920198764 1.0 0.41667187967380104 0.8344129229099458
key 0.5292043560331183 0.6333371858128692 0.6966375302495647 1.0 0.41743507015251835 0.834288041497842
belong 0.5269081618920048 0.6301627638618097 0.6936567119482692 1.0 0.41604791126600355 0.8359237139228655
alas 0.5302960149341291 0.632429845132659 0.6954846622021972 1.0 0.41565637768719976 0.8337910495592514
locks 0.5266673029646918 0.6323330564323695 0.6959608668511813 1.0 0.41395470706444315 0.8357248412975464
small 0.5295537929129787 0.6309855618781689 0.6983288637724233 1.0 0.414825214933426 0.8313125112050104
any 0.5265611778899436 0.6291215908020946 0.6994097580831006 1.0 0.41794358728422265 0.8355344054990472
rate 0.5244087330279036 0.6292695886012595 0.7013897820404315 1.0 0.4181679867572578 0.8382184862085768
open 0.5232320875887797 0.6258950567007336 0.6941973806028428 1.0 0.4161063718821753 0.8330709611047566
however 0.5298502043241177 0.629497994176773 0.6962143740073945 1.0 0.41602612727883775 0.8325502342330361
second 0.5232499273590708 0.6262353568445026 0.6950821549441702 1.0 0.4143024325095074 0.8314406685342445
round 0.5264605490885234 0.6299919884005846 0.6985008744314148 1.0 0.41784069114450634 0.8319479126112637
curtain 0.5271884332072466 0.6312549917438606 0.6973756601983815 1.0 0.41673473199751726 0.8335980372638803
fifteen 0.5279295325114948 0.6321222493111336 0.6954760864747032 1.0 0.4182653853683429 0.8375974363059477
inches 0.5299007085072873 0.630315927209741 0.6969352660479089 1.0 0.417479964993271 0.8373049049080808
high 0.5299007085072873 0.630315927209741 0.6969352660479089 1.0 0.417479964993271 0.8373049049080808
lock 0.5299426197454512 0.6357273741914139 0.6948305154752001 1.0 0.4186831135410421 0.8364429188098249
delight 0.5299426197454512 0.6357273741914139 0.6948305154752001 1.0 0.4186831135410421 0.8364429188098249
fitted 0.5292331919578738 0.6347805236943802 0.6982538985213885 1.0 0.41758374625833106 0.8335808070565136
opened 0.5329763690047086 0.635364683738146 0.6980369315971147 1.0 0.41751031057250293 0.8320037821338223
led 0.5313382464267845 0.6317416418432465 0.6917480787912101 1.0 0.4137355721321716 0.8345219865572931
larger 0.5306264355502016 0.6328083696588014 0.6967419525532537 1.0 0.419140684927131 0.8317520418092837
than 0.5309969025134593 0.6356781048907745 0.6988547728334276 1.0 0.4201261763366544 0.8371559079931776
rat 0.5309969025134593 0.6356781048907745 0.6988547728334276 1.0 0.4201261763366544 0.8371559079931776
knelt 0.5309969025134593 0.6356781048907745 0.6988547728334276 1.0 0.4201261763366544 0.8371559079931776
along 0.5278193462196705 0.6307324851466025 0.6990527078284922 1.0 0.4190219447204949 0.8328972401740243
loveliest 0.5250445922874727 0.6274831120412881 0.6989499821536937 1.0 0.4172207082421526 0.835187468975865
garden 0.5312547072930632 0.6307338731738134 0.6978276133404664 1.0 0.4174537554294871 0.8358693100532328
longed 0.5294030090890505 0.63183571475771 0.6990924411180637 1.0 0.4224203056825427 0.8380658737410306
wander 0.5314403399747939 0.6337295191302018 0.6997097087468502 1.0 0.4216410447954423 0.8391602279542615
those 0.5288322787929469 0.6320033089009823 0.7006244367515022 1.0 0.4219574478004413 0.8388857889742776
beds 0.5262252881753086 0.6302778072513394 0.7015387892760583 1.0 0.4222737209274545 0.8386114626467696
bright 0.5262252881753086 0.6302778072513394 0.7015387892760583 1.0 0.4222737209274545 0.8386114626467696
flowers 0.5262252881753086 0.6302778072513394 0.7015387892760583 1.0 0.4222737209274545 0.8386114626467696
cool 0.5262252881753086 0.6302778072513394 0.7015387892760583 1.0 0.4222737209274545 0.8386114626467696
fountains 0.529868831690193 0.6333459709905565 0.6999518672652472 1.0 0.4198511262443222 0.8379559651553067
head 0.529897341077271 0.6332994674971028 0.7009317562921887 1.0 0.41803265985348037 0.8350320010619413
doorway 0.5299638351309822 0.6327345575082757 0.6990364655245666 1.0 0.4186727737605993 0.8363778788120639
go 0.529814635143861 0.6317350066538696 0.7010912509877272 1.0 0.4169152296841139 0.8318282795686284
poor 0.5323912214548066 0.6334929584923004 0.7002173359626147 1.0 0.41751033158091105 0.8318063586666062
shoulders 0.5300647882431206 0.6322343176948825 0.6987753583827176 1.0 0.4170548673265715 0.8355648329891439
shut 0.5287839137315054 0.6291582095510712 0.6929563623963695 1.0 0.4162037553868903 0.8323932546744954
telescope 0.5310247295883531 0.6304724825168956 0.693599873279112 1.0 0.4150179775576321 0.829337710814623
only 0.5286153227119441 0.6291223335512924 0.700485528147829 1.0 0.4185297215481378 0.836854018334668
begin 0.5253807174742893 0.6297292962383922 0.7025656150108978 1.0 0.42035289580148216 0.8366962885642169
happened 0.5324171541469217 0.6349187732196779 0.6991121871910112 1.0 0.4204138566251507 0.8374549424756595
lately 0.5299948143079671 0.6350398580555845 0.6963749214360047 1.0 0.4209243610206435 0.8411769706098066
few 0.5290472999672652 0.6315049067084372 0.6984259986555295 1.0 0.4196312809649154 0.8369149235203205
indeed 0.5296290497709214 0.6319498228815101 0.6976135496482044 1.0 0.4178553694016505 0.8360982800642088
really 0.5273744311652272 0.6328776169447051 0.7029280782569665 1.0 0.4210557521811157 0.8380631595381656
impossible 0.5273744311652272 0.6328776169447051 0.7029280782569665 1.0 0.4210557521811157 0.8380631595381656
waiting 0.5261234294615541 0.6299821394100328 0.701388668665611 1.0 0.4168181956444448 0.838165180774858
back 0.5293654287624119 0.6295240147125354 0.6923259785936442 1.0 0.413924195510333 0.831408580807812
half 0.5277188564989063 0.6290713940740553 0.6936775232481789 1.0 0.41444058871762235 0.8329119138908017
hoping 0.5277188564989063 0.6290713940740553 0.6936775232481789 1.0 0.41444058871762235 0.8329119138908017
find 0.5279533231919017 0.6320560315558552 0.7010018453706203 1.0 0.4200015007867131 0.8387015432173016
rules 0.5302695366342045 0.6341735472966865 0.7016029878239319 1.0 0.41846726057367895 0.8382404556863479
shutting 0.5312559689456244 0.6303652671679506 0.7001161778543161 1.0 0.4183162052248318 0.8354950950391236
telescopes 0.5294924249714299 0.6316872832658211 0.705670155953785 1.0 0.4199711231814582 0.8360140999697266
bottle 0.5341403458967565 0.6358942658601299 0.7003339024146601 1.0 0.4179674832007863 0.8333760031768799
certainly 0.5329180262255067 0.638016526109229 0.701970914263978 1.0 0.4173182247258957 0.8360689613759749
neck 0.5296661508841323 0.6337427463149004 0.701914248615755 1.0 0.4213734175724232 0.8324543635921402
paper 0.5296661508841323 0.6337427463149004 0.701914248615755 1.0 0.4213734175724232 0.8324543635921402
label 0.5298460258389133 0.6328335048650978 0.7021196337757496 1.0 0.4209933026563327 0.8330513126186365
drink 0.5317690315115088 0.6327974129511127 0.7037888310646061 1.0 0.4204834854273277 0.8356281373119772
beautifully 0.5306029665052826 0.6308228829609621 0.6969922138218411 1.0 0.41797473433214033 0.8315683440788311
printed 0.529730308006577 0.6315474578843988 0.6995942893648517 1.0 0.421347795059279 0.8343445814159779
letters 0.5293223448747689 0.6310258996630933 0.7011253139284019 1.0 0.42118974334153797 0.8370732929438038
wise 0.5315274791770859 0.6319512520346943 0.703896860064254 1.0 0.42350619061501577 0.8353253591636981
hurry 0.5314486285227022 0.63151531623372 0.7021410636223723 1.0 0.42344118495274896 0.8358052870348286
marked 0.5339841451619892 0.633393268167231 0.6960557150670088 1.0 0.41551592883847277 0.8314221817995575
poison 0.5354128836847145 0.6354792611574723 0.6981366973579797 1.0 0.417199740074507 0.8342503798586761
read 0.5308021255056268 0.6363971594812665 0.6992196101359185 1.0 0.4173205742976436 0.8346033858049636
histories 0.532572730201052 0.63395880694527 0.7010825292850332 1.0 0.4188267553284238 0.8332558629576414
children 0.5327794294457514 0.6336062191367634 0.7020045632238213 1.0 0.4199561361077603 0.8333397242388755
who 0.5327794294457514 0.6336062191367634 0.7020045632238213 1.0 0.4199561361077603 0.8333397242388755
d 0.5336802912588186 0.632725079765135 0.6990238992828917 1.0 0.41598533120151904 0.8317506845307949
gotten 0.5327794294457514 0.6336062191367634 0.7020045632238213 1.0 0.4199561361077603 0.8333397242388755
burnt 0.5327794294457514 0.6336062191367634 0.7020045632238213 1.0 0.4199561361077603 0.8333397242388755
eaten 0.5362505870847717 0.6367375556865348 0.7045118892076924 1.0 0.4220290911346563 0.8346187528003528
wild 0.5362505870847717 0.6367375556865348 0.7045118892076924 1.0 0.4220290911346563 0.8346187528003528
beasts 0.5362505870847717 0.6367375556865348 0.7045118892076924 1.0 0.4220290911346563 0.8346187528003528
unpleasant 0.5358219209266434 0.6372483209724059 0.7055545956850188 1.0 0.4211642347568343 0.8316833353373873
because 0.5358219209266434 0.6372483209724059 0.7055545956850188 1.0 0.4211642347568343 0.8316833353373873
simple 0.5340887514174858 0.6363009054620111 0.6989977190705313 1.0 0.416934970917109 0.832137387217242
friends 0.5362791828490124 0.6385729247146487 0.698158136802079 1.0 0.41492647283150486 0.83294088531326
taught 0.5362791828490124 0.6385729247146487 0.698158136802079 1.0 0.41492647283150486 0.83294088531326
red 0.5343333072479945 0.6355222225037844 0.6933243149791128 1.0 0.41717800691980733 0.8338907580115258
poker 0.5400465862034362 0.6376250995237616 0.6994975883547307 1.0 0.41578484043011316 0.8323901393770645
will 0.5400465862034362 0.6376250995237616 0.6994975883547307 1.0 0.41578484043011316 0.8323901393770645
burn 0.5400465862034362 0.6376250995237616 0.6994975883547307 1.0 0.41578484043011316 0.8323901393770645
hold 0.5400465862034362 0.6376250995237616 0.6994975883547307 1.0 0.41578484043011316 0.8323901393770645
cut 0.5349536593765404 0.6332278263348085 0.6977854257237743 1.0 0.41594879648288785 0.8332833234521823
your 0.5347953351011976 0.6340657367707597 0.7005258370054066 1.0 0.41844563082239805 0.8332766725244594
finger 0.5347953351011976 0.6340657367707597 0.7005258370054066 1.0 0.41844563082239805 0.8332766725244594
deeply 0.5347953351011976 0.6340657367707597 0.7005258370054066 1.0 0.41844563082239805 0.8332766725244594
knife 0.5347953351011976 0.6340657367707597 0.7005258370054066 1.0 0.41844563082239805 0.8332766725244594
usually 0.5372419408191266 0.6380064105802483 0.7052497327158508 1.0 0.4171275941930068 0.8365986218159213
bleeds 0.5372419408191266 0.6380064105802483 0.7052497327158508 1.0 0.4171275941930068 0.8365986218159213
forgotten 0.5356015104275762 0.6331531581393178 0.7002657364541457 1.0 0.41475166307920736 0.8327230162979039
almost 0.5353427687983447 0.6329822996519607 0.6960819352197335 1.0 0.415814059419439 0.835126196159291
certain 0.5353427687983447 0.6329822996519607 0.6960819352197335 1.0 0.415814059419439 0.835126196159291
disagree 0.5353427687983447 0.6329822996519607 0.6960819352197335 1.0 0.415814059419439 0.835126196159291
sooner 0.5365842039282217 0.6349745026384104 0.6990480304701564 1.0 0.42085020411495366 0.8372671773489406
later 0.5365842039282217 0.6349745026384104 0.6990480304701564 1.0 0.42085020411495366 0.8372671773489406
ventured 0.5334385013276685 0.6354335864320809 0.6959594787368288 1.0 0.41835242914399867 0.8339173255019625
taste 0.5334385013276685 0.6354335864320809 0.6959594787368288 1.0 0.41835242914399867 0.8339173255019625
finding 0.5343470856963276 0.6341833298952377 0.6959938570605826 1.0 0.41871202270468694 0.8343096762440065
fact 0.5360877738992965 0.6373439188734185 0.6976118593495064 1.0 0.4210961029732945 0.833940775809155
mixed 0.5360877738992965 0.6373439188734185 0.6976118593495064 1.0 0.4210961029732945 0.833940775809155
flavor 0.5360877738992965 0.6373439188734185 0.6976118593495064 1.0 0.4210961029732945 0.833940775809155
cherry 0.5336963983604627 0.6334815290022635 0.6955775132050425 1.0 0.42156128864871356 0.8356322977105085
tart 0.5336963983604627 0.6334815290022635 0.6955775132050425 1.0 0.42156128864871356 0.8356322977105085
custard 0.5339566077182678 0.6324832491824176 0.6999382295846903 1.0 0.41747910050185966 0.8303129322274402
pine 0.5339566077182678 0.6324832491824176 0.6999382295846903 1.0 0.41747910050185966 0.8303129322274402
apple 0.5339566077182678 0.6324832491824176 0.6999382295846903 1.0 0.41747910050185966 0.8303129322274402
roast 0.5339566077182678 0.6324832491824176 0.6999382295846903 1.0 0.41747910050185966 0.8303129322274402
turkey 0.5372958316554733 0.6360194285612254 0.6994142252139947 1.0 0.41863798375815886 0.82902197718549
toffee 0.5372958316554733 0.6360194285612254 0.6994142252139947 1.0 0.41863798375815886 0.82902197718549
buttered 0.5372958316554733 0.6360194285612254 0.6994142252139947 1.0 0.41863798375815886 0.82902197718549
toast 0.5375939218493487 0.6362860417847047 0.7009393636733665 1.0 0.41856271099109055 0.8317076608694239
finished 0.5354756581861092 0.6346275710567321 0.6975453516824521 1.0 0.4190347731790539 0.8347492249493477
curious 0.5312333917052162 0.6286955498266248 0.6959129411130932 1.0 0.4178300728176436 0.8325255587864059
feeling 0.532634311952673 0.6289690533688467 0.6962531201635037 1.0 0.41594042054630975 0.8329284933325283
ten 0.5318696261863349 0.6285116745569705 0.6983927738831922 1.0 0.41669544445057766 0.8370127086545928
face 0.5318696261863349 0.6285116745569705 0.6983927738831922 1.0 0.41669544445057766 0.8370127086545928
brightened 0.5330196112818651 0.6297534428342961 0.7016909006478285 1.0 0.41645838724781703 0.8333185919110508
size 0.5351842584044552 0.635180641741597 0.7011663620293612 1.0 0.4166049974765557 0.832451282494483
lovely 0.5339339157050477 0.630975173039552 0.6973682240884447 1.0 0.4149923391477389 0.8341180024665128
waited 0.5313616251118108 0.6290241258439718 0.6940228292936199 1.0 0.4167766904676617 0.8351796347701544
minutes 0.5320658090308031 0.6308703222358083 0.6975985707696025 1.0 0.41828209434970753 0.8342471719249948
shrink 0.5342004793694186 0.6320515639745489 0.7006567148701008 1.0 0.41933132289031505 0.8326226708782227
further 0.5342004793694186 0.6320515639745489 0.7006567148701008 1.0 0.41933132289031505 0.8326226708782227
nervous 0.533665758880641 0.6327046181696245 0.7004662608083109 1.0 0.41784692238021975 0.8315319799470504
altogether 0.5324397895837318 0.632059480907147 0.6964375335341705 1.0 0.4142699116987683 0.829024191218179
candle 0.5320880948986081 0.6325427219114758 0.6982023441118712 1.0 0.41809951030910464 0.8301306788796833
flame 0.528955934668738 0.6266900609421697 0.6944424183700485 1.0 0.41521469192371985 0.8327834811527921
blown 0.5324197800231828 0.6332467075062248 0.6984319417381172 1.0 0.4193223298213555 0.8287597278888686
thing 0.5362269246704171 0.6367218010638086 0.7028940922685967 1.0 0.4185483455887252 0.8332625438011146
while 0.5348059883546782 0.635297018916731 0.7030066369722845 1.0 0.4174331827936284 0.8357831502170626
more 0.535257909166479 0.63292999224521 0.6960283201057541 1.0 0.4190725024422744 0.834702993889249
decided 0.5347993509603834 0.6337467587083261 0.6971622315900331 1.0 0.4201404239576026 0.8382973319048603
possibly 0.5328815223936674 0.6310539315273137 0.6925214021283718 1.0 0.41635951597267573 0.8332460165416571
reach 0.5314746194968393 0.6319621484526037 0.6961078384847864 1.0 0.4184935359656005 0.8306598610708531
plainly 0.528803116094204 0.6294388092003301 0.7011815344787428 1.0 0.4179350808630453 0.8315248362891808
best 0.529405110052011 0.6286060711804692 0.7024586997527118 1.0 0.4172725458981696 0.8321634940856092
climb 0.529405110052011 0.6286060711804692 0.7024586997527118 1.0 0.4172725458981696 0.8321634940856092
legs 0.5304654352972815 0.6308421597618302 0.6978816161123581 1.0 0.4180399491070423 0.8306409405896786
slippery 0.533464807188319 0.6355844604080869 0.6999322000187196 1.0 0.41772420792774245 0.8315282782665668
sat 0.5356620168039821 0.6353981223247022 0.7027150588376349 1.0 0.41903894638828415 0.8356345474704457
cried 0.531344723428842 0.6270656736615615 0.6984338364951626 1.0 0.4169401927474154 0.8323337782479606
crying 0.5309584907529957 0.6280702457528677 0.6996006342084878 1.0 0.41560340305739524 0.8320411415238648
sharply 0.5334478970760518 0.6305484982265003 0.6994289178667691 1.0 0.41791498110929215 0.8316225683183451
advise 0.53220493333793 0.6307304386027847 0.6998467969688301 1.0 0.41920698272255547 0.8296245791983035
leave 0.53220493333793 0.6307304386027847 0.6998467969688301 1.0 0.41920698272255547 0.8296245791983035
minute 0.5338074177001635 0.6310456550421576 0.7023818261526772 1.0 0.4186977827974412 0.8328329552443897
generally 0.5335881862039542 0.6284676477896602 0.7029760704758243 1.0 0.4175441704603527 0.8347346724927681
gave 0.5335881862039542 0.6284676477896602 0.7029760704758243 1.0 0.4175441704603527 0.8347346724927681
advice 0.5335881862039542 0.6284676477896602 0.7029760704758243 1.0 0.4175441704603527 0.8347346724927681
seldom 0.5321924564089122 0.6283892650874511 0.6992207931587017 1.0 0.41802296503804554 0.8311923100394706
followed 0.5321924564089122 0.6283892650874511 0.6992207931587017 1.0 0.41802296503804554 0.8311923100394706
scolded 0.532633671075413 0.6312111734427299 0.6996664534739917 1.0 0.4134406341335621 0.8305776838494109
severely 0.5305097740707769 0.6300029589017279 0.7002680585709061 1.0 0.4141685172738996 0.8294437141732565
bring 0.5305097740707769 0.6300029589017279 0.7002680585709061 1.0 0.4141685172738996 0.8294437141732565
tears 0.5331393122539128 0.6332926802402535 0.7010359146732656 1.0 0.41826645674547713 0.8282583582660034
remembered 0.5348048724712656 0.6356885500180378 0.7025839221140864 1.0 0.418912452348482 0.8304464820045082
box 0.5355619888305775 0.6358975575122783 0.7024647680112426 1.0 0.41844865066643244 0.8297459432160033
cheated 0.5327877147910828 0.6332767290776808 0.6993070390191402 1.0 0.4189401744234295 0.8365286547159577
game 0.5317464176309639 0.6325676061206689 0.6946590772657093 1.0 0.4186873610542593 0.8366176543209011
croquet 0.5317464176309639 0.6325676061206689 0.6946590772657093 1.0 0.4186873610542593 0.8366176543209011
playing 0.5317464176309639 0.6325676061206689 0.6946590772657093 1.0 0.4186873610542593 0.8366176543209011
against 0.5317464176309639 0.6325676061206689 0.6946590772657093 1.0 0.4186873610542593 0.8366176543209011
child 0.5296962206895776 0.6303699864649245 0.6991684441388999 1.0 0.4194258683639784 0.8316818260060231
fond 0.5296962206895776 0.6303699864649245 0.6991684441388999 1.0 0.4194258683639784 0.8316818260060231
pretending 0.5296962206895776 0.6303699864649245 0.6991684441388999 1.0 0.4194258683639784 0.8316818260060231
two 0.5302961564211326 0.6314906651748209 0.700052593529382 1.0 0.42033710908561117 0.8332705006144976
pretend 0.5307958979245313 0.6317926158488598 0.6996631228211222 1.0 0.41883407448346155 0.8327069959249893
hardly 0.5298326534936386 0.631331683924586 0.6982684720024864 1.0 0.41558573033162016 0.8266208601625645
enough 0.5298326534936386 0.631331683924586 0.6982684720024864 1.0 0.41558573033162016 0.8266208601625645
respectable 0.5327458676110999 0.6353937911458631 0.7001720727201627 1.0 0.4173148651453482 0.825162426894914
person 0.5327458676110999 0.6353937911458631 0.7001720727201627 1.0 0.4173148651453482 0.825162426894914
eye 0.5350234875626424 0.6353206785637862 0.7054803766693625 1.0 0.4196992126770286 0.8303135289285355
lying 0.5363193626320442 0.6361066360753037 0.7023455733924483 1.0 0.41798469127797105 0.829045166223406
cake 0.5330865723737523 0.6343148872560851 0.7044467026687906 1.0 0.41545746098867953 0.8310250289744459
currants 0.5296946717316096 0.6271305326384579 0.6898080230616279 1.0 0.41046065564197015 0.8229311386608167
makes 0.5282895949826151 0.6309994058620543 0.6976807936715789 1.0 0.4211933331284415 0.8270193370853798
grow 0.5304272429588471 0.6334068713286212 0.6996728094063249 1.0 0.4208783132066292 0.8260832429760866
can 0.5324919363961217 0.6358965522738952 0.7025345566546464 1.0 0.4209349149449002 0.8281041889276797
smaller 0.530771614329231 0.633954399573793 0.6996914195516666 1.0 0.42115334128391385 0.8240606482404386
creep 0.5349174106347506 0.6389542657712483 0.705435170929031 1.0 0.4212684347180313 0.82810580693618
