word v0 v1 v2 v3 v4 v5
alice 0.3974083451332443 0.5461881767338901 0.8032483957668677 1.0 0.4746361331556358 0.520832319504186
was 0.3981259466324176 0.5472833273009448 0.8031757583807184 1.0 0.4744312867881948 0.5207762525844836
beginning 0.39191162651551614 0.5425764431114083 0.7985668722293556 1.0 0.4744124740154259 0.5173686207513335
to 0.39723977127352406 0.5461747015693904 0.8033723460521289 1.0 0.4740536133170095 0.5196109379953591
get 0.39790773551237973 0.5447729053699104 0.8006844600386933 1.0 0.47445856244968104 0.5202345816990844
very 0.3971013458180939 0.5452791545857543 0.8041165940509298 1.0 0.4742764920205652 0.5205173063708484
tired 0.39816172430480884 0.5467798868049306 0.8028935897177722 1.0 0.4747029741450563 0.5198283593879377
of 0.3971164656403224 0.5467017756198118 0.8024379329025505 1.0 0.4736469365878168 0.5194055066302987
sitting 0.3936405683195391 0.5463509940740015 0.7988013490505942 1.0 0.4743989894201034 0.5163594252704046
by 0.39592768447815085 0.5448411779560558 0.8036528440332118 1.0 0.4747065403069462 0.5186785460827062
her 0.3971466220659699 0.5461107760121143 0.8036770059188197 1.0 0.47377702974850083 0.5189474619552518
sister 0.39345148029997956 0.544180850774037 0.7995278770909723 1.0 0.4734065178833765 0.5162561815049417
on 0.3981812490800272 0.5460468593357111 0.802671572372107 1.0 0.47399066197216994 0.520042610596564
the 0.3977480732246358 0.5464493915411891 0.8025335650271733 1.0 0.47401247119252116 0.519674782385488
bank 0.39417843162305616 0.5474953004836295 0.8024877103353281 1.0 0.4730482940020407 0.5168743959573904
and 0.3983172290111033 0.5464238348484409 0.8028685284369721 1.0 0.4745976085619039 0.5213270665480436
having 0.3970923444463838 0.5447248174001476 0.8011498297638996 1.0 0.47357522252016576 0.5200983002466049
nothing 0.39759391437304004 0.5481154351508802 0.8035478554915687 1.0 0.47374272619030566 0.5181188562860524
do 0.397111741194398 0.5466574678718042 0.8031146417479337 1.0 0.4766333564849295 0.5209097212319884
once 0.39839102495336937 0.5465998500147291 0.8048977930809724 1.0 0.47416710378402116 0.5202455012123792
or 0.39646010848315927 0.5456345048158858 0.8048118538804667 1.0 0.474166268813463 0.5198225495913047
twice 0.3969061081200943 0.5465618321697361 0.8073300029391687 1.0 0.47479541171133033 0.518794726817836
she 0.39824779455169396 0.5463006619227148 0.8028043450744441 1.0 0.4743656146835019 0.520421628583671
peeped 0.39326173628998523 0.5420031787408913 0.8002569256265476 1.0 0.4724106032314461 0.5161525795627802
into 0.39886064351775113 0.5468994305415488 0.8035263360085708 1.0 0.4741097955407701 0.5200777920592489
book 0.39390945663140575 0.5434915488654058 0.8032315901843974 1.0 0.47330933555354915 0.5188816441486198
reading 0.3934081659019983 0.5413366068748725 0.8027117614226887 1.0 0.47293519764808345 0.5191479031256993
but 0.3979112702677719 0.5467972041489666 0.8034197942913159 1.0 0.4745793374105258 0.5214965245641775
it 0.39768996345973967 0.5464103204215749 0.8036145365739279 1.0 0.47443967374448565 0.5200810675727139
had 0.3975596329184 0.5455695245699768 0.803846404795267 1.0 0.4746477335804344 0.5212606243384531
no 0.3967360964686683 0.5461511421233316 0.8033635604517954 1.0 0.4736982589868684 0.5189625363665233
pictures 0.3950953462626623 0.5448231745822818 0.8033593553658698 1.0 0.47157374912189265 0.5167187108972213
conversations 0.3904964221758356 0.5399037469438276 0.7999139570095523 1.0 0.4725860180239399 0.5173776782017865
in 0.396779044022896 0.545733775639519 0.803080538325424 1.0 0.47465141760060736 0.5204361560592594
what 0.39734350493926357 0.5470866096098166 0.8017767098077727 1.0 0.4724119413648211 0.5183365276489432
s 0.3984190915412378 0.5463141172341258 0.8036427685791093 1.0 0.4748023778900421 0.5199175140009533
use 0.3955527244348598 0.5443903613902986 0.8022662499547152 1.0 0.47311574745203855 0.5176785482247417
a 0.3979427868976769 0.5462328855104052 0.8022817709581537 1.0 0.47458384225733535 0.5209486181108188
thought 0.3965307358007275 0.5466382829032849 0.8043944543882513 1.0 0.4742867627436607 0.5184187191055385
without 0.3955710655679013 0.5451811624207291 0.8016202534798216 1.0 0.4716605524751797 0.5166500066934612
conversation 0.3943170538476059 0.5441335733364647 0.8044309909245719 1.0 0.4707572386163254 0.5137521199698559
so 0.39644154676151755 0.5460102444656639 0.8034423122735114 1.0 0.4742188902563649 0.5181803053515419
considering 0.3937552592194827 0.543654181769365 0.8009357706478126 1.0 0.47131210751629604 0.5153584870949618
own 0.39667033061527884 0.5452695463701439 0.8035998363282599 1.0 0.4733619508517274 0.5163705575986429
mind 0.39361893581376883 0.5429854303462618 0.8027106706210464 1.0 0.4733789464345146 0.5164083232408311
as 0.3968092517645751 0.5459767414544968 0.8024361490719272 1.0 0.4730867486529979 0.5175104946570309
well 0.39685851795097027 0.5461106850072301 0.8025817232729967 1.0 0.4727916396796396 0.5191639315369846
could 0.3982945658410076 0.5454580023569598 0.7994227594599085 1.0 0.47255945823180795 0.5183357455654242
for 0.3977352325353864 0.5461218621770358 0.8018102526444557 1.0 0.47410613462995993 0.5189691855434266
hot 0.39642919609672356 0.5430061385509014 0.8050800175460555 1.0 0.47477767785270514 0.5205644081701941
day 0.3932010691107718 0.5422575796484748 0.7997775431170836 1.0 0.4698077914583067 0.5133938511841942
made 0.39590019685167643 0.5452046025277978 0.8000586779464688 1.0 0.4721508178425328 0.5172659210813456
feel 0.39363535302895875 0.5416682811190529 0.8014374192175097 1.0 0.4705000257156252 0.5162069878916566
sleepy 0.39745699206129725 0.541445161404676 0.8026499854896813 1.0 0.474568162986713 0.521102518849242
stupid 0.39363535302895875 0.5416682811190529 0.8014374192175097 1.0 0.4705000257156252 0.5162069878916566
whether 0.39816002288228636 0.5462509555525314 0.8089712268378207 1.0 0.47573075726756403 0.52185646994881
pleasure 0.3919171831885586 0.5414582443578726 0.8012147456013627 1.0 0.4710294117282965 0.5155476988934238
making 0.3919171831885586 0.5414582443578726 0.8012147456013627 1.0 0.4710294117282965 0.5155476988934238
daisy 0.39312415890305447 0.543121326805626 0.8023523138136706 1.0 0.47105689259291605 0.5163689522495467
chain 0.39312415890305447 0.543121326805626 0.8023523138136706 1.0 0.47105689259291605 0.5163689522495467
would 0.39760401007735413 0.5472182490429268 0.8032640816392639 1.0 0.47418845952420197 0.5204317739685568
be 0.3959404203760153 0.5450078786023732 0.8008464098630961 1.0 0.4738493736388813 0.5189411438095861
worth 0.39312415890305447 0.543121326805626 0.8023523138136706 1.0 0.47105689259291605 0.5163689522495467
trouble 0.39615150473549665 0.5475567484623006 0.802215342798836 1.0 0.47266665925758194 0.5148645258777831
getting 0.39572514273452963 0.5460021343564505 0.7997752346494933 1.0 0.4739101189597578 0.5168165849162499
up 0.3992357611884695 0.5477071635017775 0.803885572632788 1.0 0.4756972158297382 0.5215717247503063
picking 0.39615150473549665 0.5475567484623006 0.802215342798836 1.0 0.47266665925758194 0.5148645258777831
daisies 0.39615150473549665 0.5475567484623006 0.802215342798836 1.0 0.47266665925758194 0.5148645258777831
when 0.3971913285374336 0.5451096648079903 0.8022751070721217 1.0 0.47508177837413706 0.5210613630153306
suddenly 0.3959924317371379 0.5464148005398286 0.7989849591605394 1.0 0.4740272701969161 0.5171173548076414
white 0.3963198221400526 0.5450515507561445 0.8047284893363363 1.0 0.4733877798506421 0.5210367830570225
rabbit 0.3954586773172886 0.545418989712053 0.8038893294831885 1.0 0.474353767514254 0.5193889627366649
with 0.39830834026888173 0.5478731226542339 0.8070078978979817 1.0 0.47479970767129137 0.5207273793928
pink 0.3939944625072768 0.5443657956318408 0.8075253736260719 1.0 0.47155655014979264 0.5170601748966731
eyes 0.39664013272729565 0.5455517248966736 0.8073630531852722 1.0 0.4722882219069902 0.5165544258613358
ran 0.3955259091279756 0.5460857294442129 0.811331776280402 1.0 0.4740433305880049 0.517653450532601
close 0.39485126177318425 0.5443441021657828 0.8009363545030765 1.0 0.47436419787497347 0.5208699551680609
there 0.39592791604478206 0.5453638929185943 0.8026487612535586 1.0 0.47394322377306447 0.518553722015835
remarkable 0.3936995969862857 0.5456424207119811 0.805594855499665 1.0 0.47364985158210193 0.5169469571298734
that 0.39809402507852615 0.54645894233341 0.8039458500329644 1.0 0.47533333245181847 0.5209610733848035
nor 0.3936995969862857 0.5456424207119811 0.805594855499665 1.0 0.47364985158210193 0.5169469571298734
did 0.39755973856786625 0.5486131852546579 0.801863759141115 1.0 0.47395457543546055 0.5210876992831979
think 0.39599331248247194 0.547211588459383 0.802776526293422 1.0 0.4725929219155352 0.5173833685679189
much 0.39813538374821583 0.5463947778191326 0.8030357750075184 1.0 0.4747156136303645 0.520513151225787
out 0.39715435210867633 0.5468126750587439 0.8024295573209932 1.0 0.47351066349694876 0.5183067684772691
way 0.39625074407635047 0.5436412129636536 0.800555169987396 1.0 0.4753515924544205 0.5197457911364264
hear 0.39605162394981114 0.5424990999706795 0.8038987167004615 1.0 0.47514992199745887 0.5223973069638145
say 0.39798106244630266 0.5464336355862002 0.8048878017896802 1.0 0.47485674856733656 0.5209510564731015
itself 0.39553820357538116 0.5445126416231327 0.8072353882820292 1.0 0.47522844220905164 0.5194467522177038
oh 0.39636740954384403 0.5450921040708941 0.8035321039646133 1.0 0.474351502499827 0.521533470569972
dear 0.3951892473933331 0.5455287044934451 0.8073225117883227 1.0 0.4751125558867751 0.5205108212718138
i 0.39796305959529604 0.5472675120400313 0.8027484618331252 1.0 0.47382786360923684 0.5197780520895944
shall 0.396634600521873 0.5471597774501965 0.8041422689257982 1.0 0.4736942584601988 0.5176870713305267
late 0.3961232573331784 0.5453425529487431 0.8006886157914719 1.0 0.47644855439693035 0.5179365538061448
over 0.39482664945346935 0.5441003075443992 0.7993280055553452 1.0 0.4739889784268189 0.5195140646146437
afterwards 0.3903254489931544 0.5391050084703748 0.8069781471102605 1.0 0.47627204817831936 0.5172627490352751
occurred 0.3903254489931544 0.5391050084703748 0.8069781471102605 1.0 0.47627204817831936 0.5172627490352751
ought 0.3925535460323491 0.5430858737330109 0.808798933812378 1.0 0.47474780712682974 0.5166416775843593
have 0.3949139787609588 0.544889080534198 0.8061593378302696 1.0 0.4742892774863195 0.517512919305671
wondered 0.3925535460323491 0.5430858737330109 0.808798933812378 1.0 0.47474780712682974 0.5166416775843593
at 0.3972700314101515 0.5474229139718136 0.8052543100867671 1.0 0.474494061494188 0.5216664196054871
this 0.3971558806939237 0.5461269303953797 0.8046923430329131 1.0 0.47403073290882186 0.5189362560379943
time 0.39647485054957604 0.546219949857676 0.8045034494530177 1.0 0.4744177364578742 0.5219454345950193
all 0.3980761239470486 0.5470612428448403 0.8046567434139336 1.0 0.47572807612543794 0.5214644579338008
seemed 0.3939439636783791 0.5443370251364358 0.8042375770512393 1.0 0.47588151200471734 0.5185092156140826
quite 0.39857029967761964 0.5458713983216756 0.8087052712751491 1.0 0.4757328027751367 0.5225159142979551
natural 0.3952209900607859 0.5441067868314243 0.8106850711505384 1.0 0.4747724396294737 0.5217838279179897
actually 0.39576772034897195 0.5447954921804178 0.805549603711358 1.0 0.47467471965656255 0.5188931213543025
took 0.39607209709145563 0.5466769436796259 0.8032428856198756 1.0 0.4730678806456629 0.518518908213882
watch 0.39463195789106187 0.5464175730258111 0.8071960201359076 1.0 0.475175300501145 0.5182215018311438
its 0.3951396889257751 0.5471268562788884 0.80397017904345 1.0 0.47339530274898084 0.5167895735415116
waistcoat 0.39463195789106187 0.5464175730258111 0.8071960201359076 1.0 0.475175300501145 0.5182215018311438
pocket 0.39388407218499555 0.5473819791827537 0.8066595936154679 1.0 0.4747670237511095 0.5187716061083152
looked 0.39661695741218683 0.5480627765732043 0.8025280029279209 1.0 0.4734391000231435 0.520516999901725
then 0.3956073810220559 0.5448152715295275 0.8007991602221678 1.0 0.47232503979932366 0.5173517079777532
hurried 0.3939386852561266 0.5440608864206397 0.8048079407057704 1.0 0.47251329700444233 0.5191258731800915
started 0.39356708708073057 0.543773097305283 0.8039729743442774 1.0 0.4736195080291317 0.5192000221187109
feet 0.39835688549509785 0.5491524983233336 0.8038632895632991 1.0 0.4744352426350086 0.5225198821990706
flashed 0.39568121666232 0.5457734341764582 0.8066756178657736 1.0 0.47534218999614253 0.51912986609892
across 0.3961762416216646 0.5476168435160532 0.8097111174944391 1.0 0.47565401950949976 0.518556680019275
she'd 0.39568121666232 0.5457734341764582 0.8066756178657736 1.0 0.47534218999614253 0.51912986609892
never 0.39674925072602424 0.5469589203326422 0.8054257961985744 1.0 0.47395984242327976 0.5194902081050797
before 0.397908054567811 0.5476941057728016 0.8034834018399827 1.0 0.4744777523728015 0.5221532468059309
seen 0.3978725895510066 0.5450022346413929 0.8001003150655297 1.0 0.4747276039476432 0.5207835083266181
either 0.39806367691076033 0.5467596275912887 0.8028787843006084 1.0 0.4742370889568462 0.5207509252049413
take 0.39559323036611 0.5480083551430274 0.8103872857622125 1.0 0.47605934515969467 0.5186509487235477
burning 0.39559323036611 0.5480083551430274 0.8103872857622125 1.0 0.47605934515969467 0.5186509487235477
curiosity 0.3974305755509575 0.5490153428709788 0.8137427690257882 1.0 0.4759139416428384 0.5178619690482592
field 0.3966726257131006 0.549465314088913 0.8127549513391498 1.0 0.4759667051766542 0.517981920209699
after 0.3991080324406758 0.5480384588770952 0.8011485816961982 1.0 0.47301739562228323 0.5183247743147021
fortunately 0.39374103640784186 0.54267579662432 0.807551840822143 1.0 0.47429663650846793 0.5169118380458404
just 0.3980661356354932 0.5448373253501435 0.8015568384862394 1.0 0.4765890638501784 0.5242906494097337
see 0.3975292185109459 0.5465912618143877 0.8039424234430397 1.0 0.4745326286776543 0.5198979345609692
pop 0.3940956623850401 0.5442409672152754 0.8025242201988986 1.0 0.47306878307403016 0.518318256254767
down 0.3958338152223193 0.5462965438980253 0.8031481124061228 1.0 0.4743050958394143 0.5195894027481097
large 0.39886616680436227 0.547752966744384 0.8055038046956353 1.0 0.4739319305041978 0.52184169543455
hole 0.39437762760881456 0.5464141939893183 0.7995925159126712 1.0 0.47354789849721535 0.5176985755833228
under 0.39742382880736016 0.5446114694626035 0.7991600678538122 1.0 0.47203194905158935 0.5174294543544079
hedge 0.3945084095990126 0.5444415999558556 0.7991475896399722 1.0 0.47259118944388284 0.5162420105447436
another 0.39646389533318366 0.5466772851240229 0.8024625462906467 1.0 0.4747304940336666 0.5210678043692769
moment 0.3960958244904631 0.5454688307738552 0.8012917446362325 1.0 0.4743122777868147 0.5212933798503399
went 0.3965244941439268 0.5450950013658368 0.8013695081369908 1.0 0.47491646837741447 0.52032281056839
how 0.39633288815675405 0.5472728392665188 0.8017845345909816 1.0 0.47358753139020043 0.5188310434549549
world 0.39646688876109276 0.5479405266647034 0.8045429102577454 1.0 0.47220194964382173 0.5149117377108358
again 0.39887877239344555 0.549261748235552 0.8045804621688624 1.0 0.47571188382900315 0.5180484155475311
straight 0.39274271805551386 0.5448511955594039 0.800482591577255 1.0 0.4740061669987975 0.5164816129089033
like 0.39860193264637384 0.545946386132154 0.800240890716445 1.0 0.47431848092699097 0.5204453482704191
tunnel 0.39274271805551386 0.5448511955594039 0.800482591577255 1.0 0.4740061669987975 0.5164816129089033
some 0.3939710503499464 0.5410520487440084 0.7972732515996517 1.0 0.4733985416871674 0.5126021382278769
dipped 0.3939710503499464 0.5410520487440084 0.7972732515996517 1.0 0.4733985416871674 0.5126021382278769
not 0.39954856146805384 0.5471335252257175 0.8024963246843816 1.0 0.4747369828941271 0.5220228122690649
about 0.39762890899276365 0.5467322907949573 0.8034682343636168 1.0 0.47420494225983234 0.5205202152589223
stopping 0.39398277310997004 0.5441922157216178 0.802044714643054 1.0 0.4734906221145182 0.5168182582611061
herself 0.3981709242612329 0.5446307586775135 0.8042084162296521 1.0 0.4733292763579741 0.5193124950299367
found 0.3982272713011546 0.5443308694344057 0.802101075513328 1.0 0.474687103615551 0.5199372814380437
falling 0.3952149822513368 0.5460978649193965 0.802312008359793 1.0 0.47308000845517445 0.5139695678297996
deep 0.3944998453906877 0.5433522302477078 0.8016934814594057 1.0 0.47241748520736276 0.5159820751992787
fell 0.3966997576888385 0.5467324260297552 0.8027823558928705 1.0 0.4735360570779224 0.5171933800660762
slowly 0.39496454557241745 0.5452996260565632 0.79944270416548 1.0 0.47342427307336804 0.5181967808728052
plenty 0.3941349984569898 0.5454593192836451 0.8029586473276059 1.0 0.4726625237673339 0.51793983255851
look 0.3979185687818746 0.5470371685829651 0.8051557860780221 1.0 0.4731803440417459 0.5195388693449311
wonder 0.3969223815257086 0.5470501033077158 0.803084892142326 1.0 0.47434810402855204 0.5203698298459739
going 0.39927465157714176 0.5467772010531502 0.8050866183177912 1.0 0.47532410631068195 0.5212988969591998
happen 0.3949998277690095 0.5478039701262232 0.8023922809808782 1.0 0.47139880826124514 0.5152281856240313
next 0.3949998277690095 0.5478039701262232 0.8023922809808782 1.0 0.47139880826124514 0.5152281856240313
first 0.399027121520174 0.5477961885639887 0.8056748914373375 1.0 0.47537307137995927 0.5195596185678006
tried 0.39846203527482055 0.5474702543345474 0.8004173665010602 1.0 0.47316894054961095 0.5192942390373032
make 0.39499443370176796 0.5447388207796078 0.8000973673593345 1.0 0.4710070425611243 0.516981967658473
coming 0.3944433571115604 0.5457532413061261 0.8002681213487403 1.0 0.47115237298698576 0.5175248013990638
too 0.3980255470502046 0.5461750495971716 0.8036270328631595 1.0 0.4733242330820112 0.5214846678290148
dark 0.39806549209619463 0.5482171097617125 0.8035179378187208 1.0 0.47349015433574876 0.5220904163339499
anything 0.3963134444161582 0.5467065932985999 0.8021520294557452 1.0 0.47215825962813923 0.5190603029184732
sides 0.3963076453142439 0.5467583643118974 0.8021454125689402 1.0 0.47200460885142287 0.5198858802335041
noticed 0.39716254416547836 0.5486839778095606 0.7996891291846945 1.0 0.4725930637120426 0.520889735875278
they 0.3990746157797138 0.5483109706480118 0.8052156556236721 1.0 0.4748784416684715 0.5189614336113199
were 0.39694280501843765 0.5472235657344321 0.8027462598961344 1.0 0.4744122327120059 0.5185767658068593
filled 0.395584651327957 0.5483882443601595 0.8020058744605941 1.0 0.47180922357004307 0.5180472861326867
cupboards 0.39662240411535327 0.548653531581209 0.8052716625169697 1.0 0.47290061009054957 0.5174676078744611
shelves 0.39499792187740096 0.5448725999516629 0.8042365126676713 1.0 0.47245620975920477 0.5188493037846715
here 0.39938186890273186 0.5490122186312367 0.8058170253173884 1.0 0.4755543863395408 0.5242546985984469
saw 0.39688106857933864 0.547404114775805 0.8037607164545639 1.0 0.47437133967901174 0.5214123742453899
maps 0.3955225441924127 0.5473625458255267 0.8079389255205426 1.0 0.47411728944903814 0.5206168689719797
hung 0.3975825747675625 0.5490372611500743 0.8029331625858261 1.0 0.4710223257358182 0.5172561075309886
upon 0.3988334680054301 0.5487584061731731 0.7963923707828212 1.0 0.4727359455199114 0.5207054576156848
pegs 0.3975825747675625 0.5490372611500743 0.8029331625858261 1.0 0.4710223257358182 0.5172561075309886
jar 0.39646727241824004 0.5475442565603003 0.8021858534355156 1.0 0.47209547504350385 0.5179593164961301
from 0.39798163133842085 0.5473584306255633 0.8028090149311059 1.0 0.47432736700291755 0.5197435727667086
one 0.3976189551788249 0.5467201942966361 0.8029711186082858 1.0 0.4736522167402443 0.5172657767184535
passed 0.39520644725966564 0.5448794456075836 0.8019825384467548 1.0 0.47097558234342063 0.5177289341541014
labled 0.3978107323426679 0.5501286557501733 0.8046835321936662 1.0 0.47146589243435555 0.517779613143886
orange 0.3978107323426679 0.5501286557501733 0.8046835321936662 1.0 0.47146589243435555 0.517779613143886
marmalade 0.3978107323426679 0.5501286557501733 0.8046835321936662 1.0 0.47146589243435555 0.517779613143886
great 0.3986821720698343 0.5483111978282008 0.8026797018962294 1.0 0.47242292674073044 0.5204061114424136
disappointment 0.4000401164356057 0.5493902381740965 0.803973246115232 1.0 0.47239153221397756 0.5166921450340071
empty 0.3952217991193339 0.5512342024530428 0.8049884704959763 1.0 0.47120964698433365 0.5215091378498623
drop 0.39655580139263324 0.5465261595082342 0.8034403521019665 1.0 0.47273477016832827 0.5177771997004484
fear 0.39655580139263324 0.5465261595082342 0.8034403521019665 1.0 0.47273477016832827 0.5177771997004484
killing 0.39655580139263324 0.5465261595082342 0.8034403521019665 1.0 0.47273477016832827 0.5177771997004484
somebody 0.3987924100072872 0.54716847017836 0.8063113172093996 1.0 0.47433938648056934 0.5146859011685553
managed 0.3987924100072872 0.54716847017836 0.8063113172093996 1.0 0.47433938648056934 0.5146859011685553
put 0.39865750332101857 0.5444822791205204 0.8027761116113206 1.0 0.47556230503736197 0.5201473965594456
past 0.3976633906600935 0.5489196454678281 0.8085476271454916 1.0 0.4739953974972966 0.5168861232719429
such 0.3998964657901033 0.5473121978581467 0.79944822658443 1.0 0.47424537927861615 0.5207817774855459
fall 0.3981429097964951 0.5484693975061534 0.8015355778753891 1.0 0.47300116388701946 0.5204342654914057
tumbling 0.39653413168993407 0.5502620763995822 0.8011017225078064 1.0 0.4725152548482146 0.5158451745733311
stairs 0.39653413168993407 0.5502620763995822 0.8011017225078064 1.0 0.4725152548482146 0.5158451745733311
brave 0.39441978701298547 0.5457918481728365 0.8072503213842805 1.0 0.47319578609390195 0.5191812697331248
ll 0.39906188022638805 0.5470113634156153 0.803873895110269 1.0 0.47378277368009897 0.5192922483689094
me 0.39818562012115505 0.5459594746120302 0.8026365163924913 1.0 0.4733147072253649 0.519691142298386
home 0.39692535923541133 0.5469434992178679 0.8059551449615879 1.0 0.47110595585005804 0.5182723255677539
why 0.39598240373197435 0.5448394492414914 0.8018714147410945 1.0 0.4698184740647625 0.51729634521908
n't 0.39982580938889717 0.5486619096813888 0.8006604166522825 1.0 0.47450396254150695 0.5206739860142071
even 0.39832194226316403 0.5452841188131878 0.8020717341686739 1.0 0.47313402616838635 0.5203939556854926
if 0.3982469264770307 0.5460750587874668 0.8045766868242387 1.0 0.47421660628678186 0.5208483700772633
off 0.3982662082759279 0.5460459773905079 0.8039791164743407 1.0 0.47508891822510646 0.5216933358484341
top 0.3968616652707888 0.5483330290588596 0.800028076914611 1.0 0.47313898809763916 0.5172799017397627
house 0.3968616652707888 0.5483330290588596 0.800028076914611 1.0 0.47313898809763916 0.5172799017397627
which 0.3983827299076701 0.5458290365101769 0.8001568866849939 1.0 0.47473872396714833 0.5205388420333928
likely 0.3973903233864532 0.5486941620934147 0.8076315417404784 1.0 0.4762353847690927 0.521752659519843
true 0.3973903233864532 0.5486941620934147 0.8076315417404784 1.0 0.4762353847690927 0.521752659519843
come 0.3980103379715877 0.5468917555228836 0.805782164191409 1.0 0.4740770791290017 0.5187352531527654
an 0.39753332205210534 0.5495428606798288 0.804983981654527 1.0 0.473394301881669 0.51783537194109
end 0.4002962707538502 0.5504964004458953 0.7998647917759956 1.0 0.47444755282638 0.5165404108959623
many 0.3948098732091573 0.5456964823164249 0.804144841727347 1.0 0.47391485482757645 0.5189513224813592
miles 0.39497052856139564 0.5465886885495171 0.8023039750091013 1.0 0.4733336332402613 0.5168423462891804
ve 0.3958584902327741 0.5480266386430743 0.8048419000071099 1.0 0.47464087650869974 0.518329196156915
fallen 0.39474114741126587 0.5467915037841121 0.8047014614946534 1.0 0.4738623363958923 0.5174394178063239
said 0.39955132273208643 0.5454985850761075 0.8060920087708952 1.0 0.4751347295611246 0.5213541365294448
aloud 0.39518536277093635 0.5463726780359515 0.8024609113784632 1.0 0.4728891290104304 0.5181552348019156
must 0.39749803741867945 0.5461864126455397 0.8053081704306739 1.0 0.47528830229271607 0.5190909420502468
somewhere 0.39531181920971586 0.5460668325293279 0.8025005768521839 1.0 0.4726001687691892 0.517115775370491
near 0.39500443770306737 0.546115141401097 0.8027327737983729 1.0 0.4717907629840916 0.5166008482380138
centre 0.39500443770306737 0.546115141401097 0.8027327737983729 1.0 0.4717907629840916 0.5166008482380138
earth 0.39546389803478144 0.5459168483286061 0.8039193193805384 1.0 0.4735948868788178 0.5176121485598233
let 0.3941133926273187 0.5442802572956915 0.8005477779367667 1.0 0.47381665795817013 0.5165314236237349
four 0.3952002318569273 0.5463855884789832 0.799903121467246 1.0 0.4728041875681224 0.5162444362382526
thousand 0.3952002318569273 0.5463855884789832 0.799903121467246 1.0 0.4728041875681224 0.5162444362382526
you 0.3977871054106042 0.5463804001875 0.8019447034082078 1.0 0.4745999084899308 0.5198745526984677
learnt 0.3931121930837287 0.5435893122410703 0.7986311665181663 1.0 0.47065522035246576 0.5133493272077242
several 0.39605312020789096 0.5452067221632148 0.808538324048473 1.0 0.4767251840831548 0.5219023877919478
things 0.39682098492260975 0.5460516498854078 0.8055375367222402 1.0 0.4748087601686257 0.5208135454305582
sort 0.39555574916794656 0.545523584620633 0.8032682175735594 1.0 0.47553210292291426 0.5198721783485338
lessons 0.39135479784881116 0.5422199652725765 0.7996759500089504 1.0 0.47275883951082515 0.5144382246279479
schoolroom 0.3942069055472148 0.5452821047175042 0.7989679720131092 1.0 0.47449631886182575 0.5157407938367515
though 0.39723705270139076 0.543655219099122 0.8008259219386595 1.0 0.47421417226138274 0.5178714296217066
good 0.39633007689931155 0.5450992569444895 0.8028295090349984 1.0 0.473275344324338 0.5156047341812013
opportunity 0.3963976960468493 0.5477519006948832 0.8049609801825368 1.0 0.47411197444844666 0.5152409497847118
showing 0.3939240781943164 0.545915385875369 0.8036870737366074 1.0 0.473356609069839 0.5168744702515943
knowledge 0.3939240781943164 0.545915385875369 0.8036870737366074 1.0 0.473356609069839 0.5168744702515943
listen 0.3929641762925379 0.5434875509107538 0.8007822879797626 1.0 0.47328836508547184 0.5152558175665333
still 0.39621560029372904 0.5462817592886393 0.8032167927211931 1.0 0.47565626619131335 0.5215027340036245
practice 0.3930283155607197 0.5441671094948982 0.7993419539432202 1.0 0.4730006503626565 0.5153319526345637
yes 0.39525317676136384 0.5470621487406245 0.7982619232814357 1.0 0.473841815343544 0.5163221900354324
right 0.39788952144857986 0.5488221794279807 0.80490568735769 1.0 0.4748586928023504 0.5191633469535051
distance 0.39525317676136384 0.5470621487406245 0.7982619232814357 1.0 0.473841815343544 0.5163221900354324
latitude 0.3968528838238369 0.5472659676958592 0.8052836602887725 1.0 0.47332228909343227 0.5194610169636462
longitude 0.3975057249658378 0.5498616616930769 0.8070464919532458 1.0 0.47476467955495044 0.5197581432422709
got 0.3991349037722702 0.5480920636080719 0.8051945001077635 1.0 0.4740589659126701 0.5227443429122303
idea 0.39852346438599834 0.5474419661327189 0.8063215329772686 1.0 0.47234289277732167 0.5198094727285308
nice 0.4006007121988567 0.5499935982517435 0.812046283468083 1.0 0.47654708597621875 0.5239998408995605
grand 0.4008606282427187 0.5525168727402235 0.8100714979859466 1.0 0.47456559288196853 0.519075756745869
words 0.39966709240719406 0.548134192360278 0.8059835619164516 1.0 0.4728562648123794 0.5179982427907359
presently 0.4013850739075007 0.5540146632489261 0.813466674314209 1.0 0.4771543408432233 0.5196112370834978
began 0.4004209343114368 0.5468982757479883 0.8078458563170349 1.0 0.47849930809628355 0.5230633137104631
through 0.3983338838089953 0.5479661439780263 0.805833610398056 1.0 0.47558920468482113 0.5193373106756919
funny 0.3962585514232927 0.5478899403389595 0.8040157933119052 1.0 0.47255845977556404 0.5167975370165411
seem 0.3962585514232927 0.5478899403389595 0.8040157933119052 1.0 0.47255845977556404 0.5167975370165411
among 0.3983352826084308 0.5477915756955012 0.8035585932216968 1.0 0.47371318127489287 0.5213413409933902
people 0.3949187940125389 0.5438304240102086 0.8008012170782527 1.0 0.47254245953902857 0.5174790538866157
walk 0.3962533754934564 0.5461525730519844 0.8027677426205244 1.0 0.47298564359076234 0.515583426345823
their 0.40057044738886877 0.5488543936825637 0.8076515104851438 1.0 0.4755349646597041 0.5200052275476268
heads 0.39803239988088984 0.5496350927853547 0.8025819554104071 1.0 0.4731582152295783 0.516650898855158
downward 0.39803239988088984 0.5496350927853547 0.8025819554104071 1.0 0.4731582152295783 0.516650898855158
antipathies 0.39803239988088984 0.5496350927853547 0.8025819554104071 1.0 0.4731582152295783 0.516650898855158
rather 0.40086342832723065 0.5466158133598144 0.8070284609238159 1.0 0.4739895602742723 0.5223370579666538
glad 0.40024415894448884 0.5507440432305337 0.8074981143373838 1.0 0.47304516143221387 0.518529777974161
listening 0.40036752567462275 0.5497043667024267 0.8058297241178859 1.0 0.4726443820119327 0.5178945214550291
sound 0.40036878933862646 0.5521817318389625 0.804493334248135 1.0 0.4733208422370248 0.5189171449097478
word 0.40036878933862646 0.5521817318389625 0.804493334248135 1.0 0.4733208422370248 0.5189171449097478
ask 0.3960354331526936 0.5465273820246296 0.8024096445521017 1.0 0.4737905460897694 0.5186874460249402
them 0.4008353830862392 0.5497326692567224 0.8064319995371569 1.0 0.47543930118529176 0.5227453540538454
name 0.39896125839290764 0.550042190831449 0.8016756505936774 1.0 0.4707083024573875 0.5179543490372807
country 0.39896125839290764 0.550042190831449 0.8016756505936774 1.0 0.4707083024573875 0.5179543490372807
is 0.4004102277405224 0.548127568589818 0.7964555042566435 1.0 0.4707062788137417 0.5173655593842283
know 0.3986986330629318 0.54731524005506 0.8005486034308025 1.0 0.47271708151896535 0.5193188081443822
please 0.396627519008721 0.5467790037703051 0.8018536338434429 1.0 0.4719234346309328 0.5185665339060822
ma'am 0.396627519008721 0.5467790037703051 0.8018536338434429 1.0 0.4719234346309328 0.5185665339060822
new 0.39507346510729624 0.5436706069603573 0.7958644980338011 1.0 0.47040220415724854 0.5174743935318021
zeland 0.39507346510729624 0.5436706069603573 0.7958644980338011 1.0 0.47040220415724854 0.5174743935318021
australia 0.39507346510729624 0.5436706069603573 0.7958644980338011 1.0 0.47040220415724854 0.5174743935318021
curtsey 0.3951296817435576 0.5462155187391818 0.7964970759554996 1.0 0.47296993921114555 0.5175843026128081
spoke 0.39611671446396163 0.547892690129464 0.799654493602075 1.0 0.4723432372518807 0.5137716527229503
fancy 0.3989875032733164 0.5475805926934103 0.7944105839676492 1.0 0.47131054654367904 0.5160446055332838
curtseying 0.39611671446396163 0.547892690129464 0.799654493602075 1.0 0.4723432372518807 0.5137716527229503
re 0.39482797419164606 0.5489662413421779 0.800539716155922 1.0 0.4738958381688302 0.5131005188965404
air 0.3951857544241636 0.5488278993777131 0.799917384276244 1.0 0.47451681104501325 0.5181756086038262
manage 0.3956749908704796 0.5483165004364381 0.8001848790356029 1.0 0.47230329856020414 0.5121651484778836
ignorant 0.3977517790938271 0.5510793447265543 0.8033737291140244 1.0 0.4730388987135296 0.5154471189543913
little 0.39891923920068967 0.5467942396942795 0.8040561453751803 1.0 0.47569681743574954 0.5209270823524532
girl 0.3977517790938271 0.5510793447265543 0.8033737291140244 1.0 0.4730388987135296 0.5154471189543913
asking 0.39678058185023835 0.5493631712948222 0.8008654707008349 1.0 0.47140236171410943 0.5162860878132105
perhaps 0.39561904765691447 0.5460185477127775 0.8022684955275794 1.0 0.4734091715137604 0.5176304460969646
written 0.39561904765691447 0.5460185477127775 0.8022684955275794 1.0 0.4734091715137604 0.5176304460969646
else 0.3973448917149453 0.5509737963999313 0.8082609982225416 1.0 0.48062311999593 0.5231068597493116
soon 0.39789816291813745 0.5474970790622338 0.8076020538917758 1.0 0.4769753384248228 0.5218264774850309
talking 0.398602800941397 0.5455020967830632 0.8062426966108893 1.0 0.4797098363692793 0.5235657513599432
dinah 0.39902956147829977 0.5474294227613433 0.8048275511553548 1.0 0.4752535822497612 0.5245381247508436
miss 0.40011356946228593 0.5438345620795029 0.8053184260593481 1.0 0.4748664997684612 0.5231355477619517
night 0.39994171518018834 0.5472892389402243 0.8090764067960318 1.0 0.4769786294627329 0.5239263509716406
should 0.3999940448544552 0.5465768129057722 0.8019574488654825 1.0 0.4735454370129986 0.520886614028828
cat 0.39946453731580567 0.5446824355878817 0.8078294134597231 1.0 0.4752221460438589 0.5241056825746961
hope 0.4052966608578458 0.5502224916724461 0.8003346210424389 1.0 0.4736281351302359 0.5139742282133974
remember 0.40328934031134056 0.5476996702607527 0.8017304974749677 1.0 0.4748853973115898 0.5201447219148095
saucer 0.4052966608578458 0.5502224916724461 0.8003346210424389 1.0 0.4736281351302359 0.5139742282133974
milk 0.3939296504208971 0.5430996842542593 0.8042190482491575 1.0 0.4742504636004311 0.5244897527269873
tea 0.3939296504208971 0.5430996842542593 0.8042190482491575 1.0 0.4742504636004311 0.5244897527269873
my 0.39703460289364767 0.5459443740640633 0.8008502927922636 1.0 0.4741659474524021 0.5206976711960486
wish 0.3968742765705956 0.548431368918274 0.802139719913804 1.0 0.4739097634611856 0.5217604698871564
are 0.3951210827890892 0.5485012232302765 0.8015690817839869 1.0 0.4747572745143268 0.5215544521832792
mice 0.39554331652784436 0.5486896417565662 0.7992954318153174 1.0 0.47513740533099236 0.523247604167517
m 0.39554331652784436 0.5486896417565662 0.7992954318153174 1.0 0.47513740533099236 0.523247604167517
afraid 0.39554331652784436 0.5486896417565662 0.7992954318153174 1.0 0.47513740533099236 0.523247604167517
might 0.3993560077590295 0.549918015539306 0.7981601162450377 1.0 0.47454285237336213 0.516916420083742
catch 0.3974766317986136 0.5406559607629773 0.7954386521472956 1.0 0.47600891627022546 0.5262054779564936
bat 0.3980201658281661 0.5448896520207108 0.7954786532786673 1.0 0.47554312775049484 0.5260051297589489
mouse 0.40147969154381247 0.5448684284880483 0.7996887802546186 1.0 0.47583922602808243 0.5250926660485935
cats 0.3980499369892984 0.545937984563464 0.800720065573323 1.0 0.4774454748016141 0.5227269517650133
eat 0.3981793009305951 0.546401587983045 0.7995919428680273 1.0 0.47587987416665256 0.5212882594989912
bats 0.39875998742032603 0.5444308019867578 0.797981523520044 1.0 0.4766091573085395 0.5221168358271936
saying 0.40046254476739296 0.5480005425960177 0.8052713441007354 1.0 0.4770052089812428 0.5270988994737296
dreamy 0.3996805602263763 0.5446297293723985 0.8054404734334067 1.0 0.4776083021608425 0.5253293557165966
sometimes 0.39946553868317536 0.5437457761215457 0.7983201564691763 1.0 0.4739803120806808 0.518790657840519
couldn't 0.402254055023384 0.5443994267758709 0.7988994444288251 1.0 0.4766985100657044 0.523205644630703
answer 0.402254055023384 0.5443994267758709 0.7988994444288251 1.0 0.4766985100657044 0.523205644630703
question 0.402254055023384 0.5443994267758709 0.7988994444288251 1.0 0.4766985100657044 0.523205644630703
matter 0.4014063375831792 0.5464165054140989 0.7960204901605037 1.0 0.4771767247862127 0.5230906048722643
felt 0.39920346128769585 0.5442768870861419 0.8015948197169247 1.0 0.4754634690458747 0.5219089898674502
dozing 0.4009525710836231 0.5463500179279345 0.798620910441312 1.0 0.477261124199644 0.5271094499274065
begun 0.39912702813110673 0.5470594261086388 0.8023963931703905 1.0 0.47573428795234507 0.5277442994460607
dream 0.40087287134207306 0.546305535666731 0.7997711079785106 1.0 0.4774238574734052 0.5330736811848884
walking 0.40087287134207306 0.546305535666731 0.7997711079785106 1.0 0.4774238574734052 0.5330736811848884
hand 0.40106293299004486 0.54885675703783 0.8024358490679803 1.0 0.47690970825053713 0.5309805440727163
earnestly 0.4012200902788668 0.5437430220904887 0.8047793162073288 1.0 0.47451635136472764 0.5362969640823133
now 0.39968373419783276 0.548759991288591 0.8055706263659111 1.0 0.47505900483238617 0.5217279162129889
tell 0.3988162252908011 0.5482645432808265 0.8009576763785974 1.0 0.4743362670759869 0.5255650288153597
truth 0.3988162252908011 0.5482645432808265 0.8009576763785974 1.0 0.4743362670759869 0.5255650288153597
ever 0.39867048845831726 0.5467129445287552 0.7970129143626289 1.0 0.47405358365867256 0.5220329562496796
thump 0.40292780210007306 0.553210272992116 0.7964329493627871 1.0 0.473932587272135 0.5240026735060925
came 0.4005150011546733 0.5504965947120525 0.7959761737183266 1.0 0.4737335143722032 0.5215682492932837
heap 0.40036388962943015 0.5488782995267929 0.789275382305224 1.0 0.4712935571937621 0.523711806182875
sticks 0.40036388962943015 0.5488782995267929 0.789275382305224 1.0 0.4712935571937621 0.523711806182875
dry 0.40036388962943015 0.5488782995267929 0.789275382305224 1.0 0.4712935571937621 0.523711806182875
leaves 0.40036388962943015 0.5488782995267929 0.789275382305224 1.0 0.4712935571937621 0.523711806182875
bit 0.40206158554957433 0.5482343372237342 0.7985378564330714 1.0 0.47530282896589204 0.5270934958422792
hurt 0.40206158554957433 0.5482343372237342 0.7985378564330714 1.0 0.47530282896589204 0.5270934958422792
jumped 0.40206158554957433 0.5482343372237342 0.7985378564330714 1.0 0.47530282896589204 0.5270934958422792
overhead 0.40081326622111024 0.5521085372621687 0.804058663642762 1.0 0.4761650041993488 0.524634212509058
long 0.39758944007548025 0.5444451100991723 0.8012123963210785 1.0 0.4761343561257174 0.5231728701114039
passage 0.3973594649522722 0.5462224534027564 0.802118377225324 1.0 0.473521915142494 0.5214238838588234
sight 0.39946095501976436 0.5490707518535513 0.8056467530909458 1.0 0.47801974725124646 0.527737989625418
hurrying 0.39946095501976436 0.5490707518535513 0.8056467530909458 1.0 0.47801974725124646 0.527737989625418
lost 0.398405080141808 0.5484215893088156 0.8006487218655249 1.0 0.47648900537873895 0.5307471012905299
away 0.398405080141808 0.5484215893088156 0.8006487218655249 1.0 0.47648900537873895 0.5307471012905299
wind 0.3995132538893893 0.5454912815345876 0.798499628184507 1.0 0.47820297086423513 0.5288382286203872
turned 0.39631986910813943 0.5430092360188807 0.7967857041163235 1.0 0.4758098226337942 0.5248073212670652
corner 0.39631986910813943 0.5430092360188807 0.7967857041163235 1.0 0.4758098226337942 0.5248073212670652
ears 0.3968561815442327 0.544097488485247 0.8029021412516132 1.0 0.47489585467408146 0.522247384142525
whiskers 0.3971590019512482 0.5448962312261708 0.7977818396699048 1.0 0.4751461659246079 0.5230935546814458
it's 0.3961616928366595 0.5450118840438292 0.7984774009991166 1.0 0.47349723993484516 0.5173181860171724
behind 0.39735655097249967 0.5472793443047342 0.7956221009213128 1.0 0.4754319515652762 0.5229048771868758
longer 0.3977465760867677 0.5465572311171824 0.7960798110068371 1.0 0.4758501839170232 0.5222340869473744
low 0.39789669544333234 0.5448506540637194 0.7972287153158687 1.0 0.4754824162009432 0.5234897450365246
hall 0.3963883193517395 0.5450703143163407 0.7982667388495855 1.0 0.475240408430769 0.5210584334195465
lit 0.3969292341600847 0.5438242332837527 0.7979816432570278 1.0 0.4772153559056983 0.5212037463003096
row 0.3969292341600847 0.5438242332837527 0.7979816432570278 1.0 0.4772153559056983 0.5212037463003096
lamps 0.3969292341600847 0.5438242332837527 0.7979816432570278 1.0 0.4772153559056983 0.5212037463003096
hanging 0.3969292341600847 0.5438242332837527 0.7979816432570278 1.0 0.4772153559056983 0.5212037463003096
roof 0.39706117359243326 0.5456485156678421 0.8014235321076004 1.0 0.4769476264655624 0.5194262424254434
doors 0.39804468688002353 0.5476278421625073 0.7983461100309635 1.0 0.475882387788306 0.5176042799623638
around 0.3916704674595776 0.5402155268904414 0.7992858517944096 1.0 0.475064311190359 0.5220217464826605
locked 0.39439106117655753 0.5435157176601609 0.7997566007028922 1.0 0.4780590628034835 0.5190781763295856
been 0.39596829316265547 0.5422235932073539 0.7996428450520542 1.0 0.47586235835571733 0.5177009811000429
side 0.39596829316265547 0.5422235932073539 0.7996428450520542 1.0 0.47586235835571733 0.5177009811000429
other 0.39868892099873515 0.5453302850757499 0.8064129623186609 1.0 0.4758831831427256 0.5208144728321684
trying 0.39967984079724883 0.5465799640577171 0.8053177371431256 1.0 0.47475558046892286 0.5192116964564825
every 0.3945827123688636 0.5422182451600727 0.8005208959777264 1.0 0.4739560532005615 0.5152929893345319
door 0.39831556613792873 0.5449494402156336 0.8019955533049472 1.0 0.4742690248022366 0.520531488900338
walked 0.39558128499704237 0.5450216115021133 0.8041973152650539 1.0 0.4756812108627687 0.52014900183584
sadly 0.39558128499704237 0.5450216115021133 0.8041973152650539 1.0 0.4756812108627687 0.52014900183584
middle 0.39558128499704237 0.5450216115021133 0.8041973152650539 1.0 0.4756812108627687 0.52014900183584
wondering 0.39728913826789547 0.5469161186904479 0.8001453582157322 1.0 0.47347421025808306 0.5180610288101711
three 0.3974260843418928 0.5456872813872145 0.7924816930912492 1.0 0.47518328386060127 0.518010921461476
legged 0.3974260843418928 0.5456872813872145 0.7924816930912492 1.0 0.47518328386060127 0.518010921461476
table 0.3988976296533566 0.5449203764439212 0.7987760517841144 1.0 0.4747313455890578 0.5181772046240499
solid 0.3981829862566337 0.5487689441232017 0.7986690121628333 1.0 0.4738146900880679 0.5183332447712762
glass 0.399433716658311 0.548062408384129 0.8036971863267302 1.0 0.4746917867825106 0.5190469000746062
except 0.39972228991080516 0.5468137511566262 0.801786083469157 1.0 0.47303871180213475 0.5137967079090624
tiny 0.39972228991080516 0.5468137511566262 0.801786083469157 1.0 0.47303871180213475 0.5137967079090624
golden 0.400461942919201 0.548742952829703 0.8025435294668528 1.0 0.4741769837598982 0.5194583610856922
key 0.39928494044741025 0.5478067035861328 0.8021707856404737 1.0 0.4739256003874457 0.5193143367908004
belong 0.3990344473571753 0.5496197411642976 0.7952491404410233 1.0 0.47481038280902926 0.515770744554593
alas 0.39844921337087097 0.545571376991245 0.7998995019507477 1.0 0.47448776548521276 0.5227897008414861
locks 0.3984479171450546 0.5478537762342934 0.8021416387538525 1.0 0.4724632852233457 0.522227140836189
small 0.3976471851505832 0.5474130714448622 0.8020611568497754 1.0 0.4724723684852065 0.5194836850848251
any 0.39897376244331906 0.5481910551369448 0.803246457724514 1.0 0.4739311030492359 0.5228632327690333
rate 0.39834772573510707 0.5479495304752706 0.8013712271192263 1.0 0.47301862536078765 0.5218743248979086
open 0.4003480245528486 0.5509550622060008 0.8032520597603674 1.0 0.47440627818410536 0.5254318614442814
however 0.4011488248931724 0.5503341198799434 0.8093803310926181 1.0 0.47563291740258556 0.5244565804948681
second 0.4001875903826141 0.5521772668047215 0.8067562771648403 1.0 0.47327451236561807 0.5266626521644023
round 0.4017084750393719 0.5486131253878596 0.8074614063462137 1.0 0.4742278539953391 0.5261844514839522
curtain 0.3998463891396787 0.546229998247319 0.8003334844322676 1.0 0.47458518592044624 0.5254002475755621
fifteen 0.3973740183360038 0.5443772527199812 0.8002845509605535 1.0 0.4729665741182811 0.5204669517483326
inches 0.39988256376786163 0.5475156188818426 0.8048520759417148 1.0 0.4755517547093337 0.5207607625504413
high 0.39988256376786163 0.5475156188818426 0.8048520759417148 1.0 0.4755517547093337 0.5207607625504413
lock 0.397325956609135 0.5472335312928779 0.8013878045894401 1.0 0.4724542812966584 0.5241153493100029
delight 0.397325956609135 0.5472335312928779 0.8013878045894401 1.0 0.4724542812966584 0.5241153493100029
fitted 0.3991064679668179 0.5491915041477664 0.809001579058459 1.0 0.47431209403462377 0.5243567278244835
opened 0.39663317067810305 0.5425024376416148 0.8004778441071869 1.0 0.47334606603521867 0.5214142314831743
led 0.3977008401811804 0.5485896188788265 0.803398676784435 1.0 0.47232641377147233 0.5195777505136693
larger 0.3981269932172361 0.547652274507429 0.8016606395091946 1.0 0.47408097000725946 0.5177484523400997
than 0.39588748660257406 0.549961189887495 0.7991453016972446 1.0 0.4740473309202291 0.5203807581064567
rat 0.39588748660257406 0.549961189887495 0.7991453016972446 1.0 0.4740473309202291 0.5203807581064567
knelt 0.39588748660257406 0.549961189887495 0.7991453016972446 1.0 0.4740473309202291 0.5203807581064567
along 0.39573088615651536 0.5443361033937791 0.8010119301166561 1.0 0.4730209238984206 0.5196794085058406
loveliest 0.4009736284581147 0.5525934088326847 0.7998015554772562 1.0 0.4742976423392129 0.5210469110709463
garden 0.40133440952872085 0.5487729268094618 0.8035468703837164 1.0 0.47563134999419726 0.5226501573856025
longed 0.3989411246500069 0.5470229130492864 0.8044211740660239 1.0 0.47470974641957187 0.5248537747732144
wander 0.40042494040466886 0.5494366801420181 0.8043523880612997 1.0 0.474443427491338 0.5271206916410824
those 0.3999749667673664 0.5487899751228038 0.8036699013637706 1.0 0.47531763956613887 0.5272934262111952
beds 0.39952686536620496 0.5481459608934698 0.8029902543354024 1.0 0.4761882142468664 0.5274654420727476
bright 0.39952686536620496 0.5481459608934698 0.8029902543354024 1.0 0.4761882142468664 0.5274654420727476
flowers 0.39952686536620496 0.5481459608934698 0.8029902543354024 1.0 0.4761882142468664 0.5274654420727476
cool 0.39952686536620496 0.5481459608934698 0.8029902543354024 1.0 0.4761882142468664 0.5274654420727476
fountains 0.40079632971287266 0.5444339284693084 0.8013032767343912 1.0 0.47505979293239 0.5271018134817003
head 0.39862902914723036 0.5442421941245424 0.802376422528091 1.0 0.47319134917287786 0.520580354473429
doorway 0.39872188008388376 0.5424761103967105 0.8011776330695558 1.0 0.47321129730021816 0.5203753816025818
go 0.3973115676393179 0.5452324121161128 0.8000259266739352 1.0 0.4744688600879072 0.5200404603866479
poor 0.3976520321401959 0.5441224095364287 0.8032108968974453 1.0 0.4736054356402442 0.5209864251103469
shoulders 0.3968385804225799 0.5462400318909377 0.7987792501573137 1.0 0.47257359317169345 0.5195790977138234
shut 0.3982533172591048 0.5478810800338026 0.7993258561311223 1.0 0.47235731714473633 0.522514833654428
telescope 0.40001061032986335 0.5479107870670724 0.8042310177175516 1.0 0.47508866722312176 0.5232695079260863
only 0.39929448304233184 0.5517250532670787 0.8059981154477084 1.0 0.4752078160690921 0.5197085262344957
begin 0.396197227596368 0.5527840924509648 0.802570444740268 1.0 0.47227745247978475 0.5183646408619701
happened 0.3993584236515385 0.5468315742063644 0.8028580855376893 1.0 0.47273154302935816 0.5217041814047313
lately 0.3973851786451367 0.5478115919792431 0.8050156728590114 1.0 0.4740485834267136 0.5224271089996307
few 0.39924281635332254 0.5486310495380131 0.8090720237881341 1.0 0.47616140797025336 0.523286202292893
indeed 0.39983299436215197 0.5491019946295483 0.8071463104730185 1.0 0.47581237474203425 0.5222064577174355
really 0.3975079720401329 0.5468062942232716 0.801988331716856 1.0 0.47250529836118155 0.5169686340400568
impossible 0.3975079720401329 0.5468062942232716 0.801988331716856 1.0 0.47250529836118155 0.5169686340400568
waiting 0.3941532930192072 0.5407711307629901 0.7986572062736039 1.0 0.4736109946498799 0.5121642302866893
back 0.39836559896671436 0.5443505533318057 0.797265036753049 1.0 0.47524907945380773 0.5165023962675017
half 0.3948340433072082 0.5432066380198187 0.7993636685311363 1.0 0.4746342821868389 0.5136980973367812
hoping 0.3948340433072082 0.5432066380198187 0.7993636685311363 1.0 0.4746342821868389 0.5136980973367812
find 0.39600759020471765 0.5447162808295984 0.800714753416801 1.0 0.4737007133326836 0.5173317235013944
rules 0.4003384564477007 0.5485137682267848 0.8067247759404881 1.0 0.475612335681887 0.5226313374269134
shutting 0.3980786075349508 0.5467521138600873 0.8033946429512672 1.0 0.47618665220383555 0.5210500117113227
telescopes 0.39616056145326217 0.5472446629378511 0.7989084900089718 1.0 0.4735801607367082 0.5205096136324484
bottle 0.4014439830166351 0.5470316019190963 0.807698406223358 1.0 0.47637464048924033 0.5238039773317452
certainly 0.4023954338132267 0.5484296352319765 0.8042453480605829 1.0 0.4741718203612398 0.5251173136360493
neck 0.40323073157001504 0.5450457690312505 0.8081671715707646 1.0 0.4751820555617291 0.5257058194551926
paper 0.40323073157001504 0.5450457690312505 0.8081671715707646 1.0 0.4751820555617291 0.5257058194551926
label 0.40338540534029277 0.5497773525101934 0.8091869824024603 1.0 0.4742675491859843 0.5237978869483494
drink 0.402733813643236 0.5481261268522277 0.8087307224577683 1.0 0.4761356792298103 0.5246255346157596
beautifully 0.4003439803757451 0.5465311798286224 0.8033505840650338 1.0 0.47414561192810056 0.5185032284023628
printed 0.40449783638058184 0.5489316761639071 0.8070292173064533 1.0 0.4748597957102914 0.5242450225494305
letters 0.40410445241303466 0.5512004854365041 0.8118775234722498 1.0 0.47627314861202513 0.5250160416083852
wise 0.402917806612894 0.5481654994848101 0.8116012304683116 1.0 0.47957013943810617 0.5263049276114394
hurry 0.40177162731263955 0.5477458072920551 0.8126603620669939 1.0 0.47845791878601657 0.52443559413891
marked 0.40043482852554213 0.5478280272698716 0.8064307361523102 1.0 0.47481648906232615 0.5215327333694306
poison 0.40174846702841244 0.5489456525957968 0.8082743375791583 1.0 0.47622255879662306 0.5241262331279714
read 0.399492980444108 0.5445226485228997 0.8133616605453545 1.0 0.4799967659738592 0.5288055804640902
histories 0.4007777230689803 0.5482101857556217 0.8174502705994059 1.0 0.48071371477183344 0.5294083024451048
children 0.40102206751935443 0.5462017630164078 0.8150430816016219 1.0 0.47732095544756165 0.5261987319002613
who 0.40102206751935443 0.5462017630164078 0.8150430816016219 1.0 0.47732095544756165 0.5261987319002613
d 0.40254087133799843 0.546522494532855 0.8104634438159519 1.0 0.4760818553452161 0.5248711390912838
gotten 0.40102206751935443 0.5462017630164078 0.8150430816016219 1.0 0.47732095544756165 0.5261987319002613
burnt 0.40102206751935443 0.5462017630164078 0.8150430816016219 1.0 0.47732095544756165 0.5261987319002613
eaten 0.4025217354383701 0.5481616211027532 0.8129417241778327 1.0 0.4769829853061848 0.5275088308705767
wild 0.4025217354383701 0.5481616211027532 0.8129417241778327 1.0 0.4769829853061848 0.5275088308705767
beasts 0.4025217354383701 0.5481616211027532 0.8129417241778327 1.0 0.4769829853061848 0.5275088308705767
unpleasant 0.40284623447273304 0.5484810566607456 0.8123783598414901 1.0 0.47783429766146207 0.5264046753304521
because 0.40284623447273304 0.5484810566607456 0.8123783598414901 1.0 0.47783429766146207 0.5264046753304521
simple 0.4039428095694519 0.5494784195486289 0.8119997363116477 1.0 0.47799345040849983 0.5244437954814376
friends 0.40490942938016866 0.5515699266511631 0.8125600645531895 1.0 0.4780972240976194 0.5244494703697404
taught 0.40490942938016866 0.5515699266511631 0.8125600645531895 1.0 0.4780972240976194 0.5244494703697404
red 0.40185906555855977 0.5493635701529467 0.8048720954594887 1.0 0.47748543863674914 0.5234572138360387
poker 0.3976652125511365 0.5428105901761184 0.8049637608704416 1.0 0.475943373915251 0.5227788814366965
will 0.3976652125511365 0.5428105901761184 0.8049637608704416 1.0 0.475943373915251 0.5227788814366965
burn 0.3976652125511365 0.5428105901761184 0.8049637608704416 1.0 0.475943373915251 0.5227788814366965
hold 0.3976652125511365 0.5428105901761184 0.8049637608704416 1.0 0.475943373915251 0.5227788814366965
cut 0.39817115801654906 0.5441140356462093 0.8076020032689502 1.0 0.476824151850561 0.5229199822849407
your 0.3994519945404759 0.5452460033152332 0.8084401994387749 1.0 0.4766576854688619 0.523181169739631
finger 0.3994519945404759 0.5452460033152332 0.8084401994387749 1.0 0.4766576854688619 0.523181169739631
deeply 0.3994519945404759 0.5452460033152332 0.8084401994387749 1.0 0.4766576854688619 0.523181169739631
knife 0.3994519945404759 0.5452460033152332 0.8084401994387749 1.0 0.4766576854688619 0.523181169739631
usually 0.40021551505636266 0.5474216778919919 0.8074787600153047 1.0 0.47668882931104656 0.525910226731808
bleeds 0.40021551505636266 0.5474216778919919 0.8074787600153047 1.0 0.47668882931104656 0.525910226731808
forgotten 0.4023106610117534 0.5459165946812216 0.8060783635207016 1.0 0.4753510218845822 0.5235515546896359
almost 0.40386064712771347 0.5511460513814763 0.8104386368344406 1.0 0.4756185052142412 0.520830951281622
certain 0.40386064712771347 0.5511460513814763 0.8104386368344406 1.0 0.4756185052142412 0.520830951281622
disagree 0.40386064712771347 0.5511460513814763 0.8104386368344406 1.0 0.4756185052142412 0.520830951281622
sooner 0.401149150941375 0.5482464522605127 0.809983880377115 1.0 0.4782621564369587 0.5211002386458814
later 0.401149150941375 0.5482464522605127 0.809983880377115 1.0 0.4782621564369587 0.5211002386458814
ventured 0.398670360651016 0.5468068753912836 0.8058058493030401 1.0 0.4765606242136824 0.5239770620273344
taste 0.398670360651016 0.5468068753912836 0.8058058493030401 1.0 0.4765606242136824 0.5239770620273344
finding 0.4012761122939608 0.5479444730883509 0.8039632736049116 1.0 0.4740225352329636 0.5234682868942783
fact 0.4023239764685712 0.5503304485950075 0.8082389656300211 1.0 0.47626452622587645 0.5242745430542239
mixed 0.4023239764685712 0.5503304485950075 0.8082389656300211 1.0 0.47626452622587645 0.5242745430542239
flavor 0.4023239764685712 0.5503304485950075 0.8082389656300211 1.0 0.47626452622587645 0.5242745430542239
cherry 0.3997870485332049 0.5463254343995299 0.808587585104771 1.0 0.47747138408643425 0.5265014375618322
tart 0.3997870485332049 0.5463254343995299 0.808587585104771 1.0 0.47747138408643425 0.5265014375618322
custard 0.40340172356415777 0.5491299219107142 0.8118250758879114 1.0 0.47877178426300965 0.5278370945989205
pine 0.40340172356415777 0.5491299219107142 0.8118250758879114 1.0 0.47877178426300965 0.5278370945989205
apple 0.40340172356415777 0.5491299219107142 0.8118250758879114 1.0 0.47877178426300965 0.5278370945989205
roast 0.40340172356415777 0.5491299219107142 0.8118250758879114 1.0 0.47877178426300965 0.5278370945989205
turkey 0.39842902703368316 0.543949507464406 0.8105001730437236 1.0 0.4785898879630607 0.5255348559890575
toffee 0.39842902703368316 0.543949507464406 0.8105001730437236 1.0 0.4785898879630607 0.5255348559890575
buttered 0.39842902703368316 0.543949507464406 0.8105001730437236 1.0 0.4785898879630607 0.5255348559890575
toast 0.3984924816677386 0.5443521088097372 0.8117441432015512 1.0 0.4769271741871886 0.525417530851369
finished 0.39904386266894515 0.547137859251204 0.8114533851172906 1.0 0.47672549075656356 0.5259736647506603
curious 0.398341901343697 0.5450751362950111 0.8074925582991063 1.0 0.47437469491899004 0.5206230907643021
feeling 0.3999212360193435 0.5469362129583124 0.8101782574268103 1.0 0.47703595603675786 0.5235106188584215
ten 0.40239879546693125 0.5506636011027247 0.8094335959723801 1.0 0.4781448563802923 0.5210554735986873
face 0.40239879546693125 0.5506636011027247 0.8094335959723801 1.0 0.4781448563802923 0.5210554735986873
brightened 0.4022097912278061 0.5518277156451791 0.8110513376635314 1.0 0.479262092339809 0.5232817387734114
size 0.39912669440799087 0.548497053409826 0.8095808493925766 1.0 0.47889138958015276 0.5227195263471769
lovely 0.40039754900984903 0.5470654606635117 0.8099668488784865 1.0 0.48021903847584274 0.5246041916939261
waited 0.399957280346385 0.5472009929884305 0.8088563368264784 1.0 0.47671031433137034 0.522733753684918
minutes 0.4002340353082602 0.5483305098299456 0.8115865037947537 1.0 0.47762834172259155 0.5245791048146972
shrink 0.39885423599720143 0.5459200884894001 0.8069827950615002 1.0 0.475278632482549 0.522278221523638
further 0.39885423599720143 0.5459200884894001 0.8069827950615002 1.0 0.475278632482549 0.522278221523638
nervous 0.3998804974330934 0.5467575558870084 0.8039548210944032 1.0 0.4741430953074766 0.518200118406213
altogether 0.3971346413276411 0.5436088143966447 0.7991852938504913 1.0 0.47446461502962556 0.5190015481178089
candle 0.4017758149073145 0.5475653045733286 0.79394553784558 1.0 0.4707856914836228 0.5176873770953501
flame 0.40187436709557167 0.5472667476643975 0.7891373110046681 1.0 0.4702720732727189 0.5183302857673934
blown 0.40303881230581556 0.5481699615660708 0.7918683024305693 1.0 0.47067994862605467 0.5173189481191729
thing 0.40037126222381975 0.543764347708969 0.8002875369538806 1.0 0.4742575602289975 0.5222222626234934
while 0.40265817232662676 0.5468798543838872 0.7987749707879114 1.0 0.47617677654232465 0.5241718198798093
more 0.40388283450305273 0.5490824945072327 0.8021200116013169 1.0 0.47148350088845714 0.5229593222573905
decided 0.40263727292057727 0.5466884525711405 0.8008100082814436 1.0 0.472338626696934 0.5222784698877024
possibly 0.3992614453241211 0.5414837609650872 0.7987979392818912 1.0 0.4764516192027396 0.5191723337806005
reach 0.399564214231797 0.5447523074850443 0.8006621713532321 1.0 0.47565671505469875 0.518568582437309
plainly 0.4035873902928224 0.5495720138321714 0.8117089781836477 1.0 0.4773085089319807 0.5221274145354304
best 0.4042523728340185 0.5512752913912731 0.8118894200997446 1.0 0.4767585782236129 0.5204634915558913
climb 0.4042523728340185 0.5512752913912731 0.8118894200997446 1.0 0.4767585782236129 0.5204634915558913
legs 0.40504481741545245 0.5503930093386439 0.8093897212357959 1.0 0.4758235397463498 0.5216454945036056
slippery 0.40060272471445135 0.5455318100928164 0.8041659007628129 1.0 0.4752560901717677 0.5232515986581314
sat 0.4001457248062766 0.5441652672843315 0.8076449847704782 1.0 0.4754655210504121 0.5223803523163218
cried 0.4012498301995714 0.5452055415926738 0.8110216189187613 1.0 0.4762767097993183 0.5214509135250678
crying 0.39975278866505337 0.5453497507993007 0.809969038753559 1.0 0.4778239496367292 0.519586121065227
sharply 0.40106666943284874 0.5479212388939025 0.809727180356551 1.0 0.47028950564869193 0.5224516671433391
advise 0.40054546456117657 0.5425274708637199 0.806056365443946 1.0 0.4749722779922742 0.5212563009774865
leave 0.40054546456117657 0.5425274708637199 0.806056365443946 1.0 0.4749722779922742 0.5212563009774865
minute 0.3992091859774606 0.5407694438967856 0.805687430785954 1.0 0.47328141871906415 0.5176637723145394
generally 0.3995631265379061 0.5433810347969071 0.8041864591376908 1.0 0.47271413219224173 0.5162408476364964
gave 0.3995631265379061 0.5433810347969071 0.8041864591376908 1.0 0.47271413219224173 0.5162408476364964
advice 0.3995631265379061 0.5433810347969071 0.8041864591376908 1.0 0.47271413219224173 0.5162408476364964
seldom 0.39878556677973687 0.5432077633230203 0.8023370981970901 1.0 0.47493921298194614 0.5174925758874765
followed 0.39878556677973687 0.5432077633230203 0.8023370981970901 1.0 0.47493921298194614 0.5174925758874765
scolded 0.3992226667888619 0.5450397617311211 0.8007318184500363 1.0 0.47209997883474053 0.5179083768156523
severely 0.39883045439690007 0.5440549693742527 0.8063652946681232 1.0 0.472266894006906 0.5153204810720208
bring 0.39883045439690007 0.5440549693742527 0.8063652946681232 1.0 0.472266894006906 0.5153204810720208
tears 0.3992844141987296 0.5467370316509698 0.8072008179486985 1.0 0.4730195095996473 0.5160489423006035
remembered 0.4017793820894894 0.5503373968280709 0.8084504173949453 1.0 0.4753069422955669 0.5190526082383939
box 0.3991637245273852 0.5480994939460989 0.8045881272518092 1.0 0.47413473164955183 0.5178737809863394
cheated 0.3965515763875391 0.543294038149271 0.8080526206429673 1.0 0.47464406815004806 0.5213962264806693
game 0.39634642417891935 0.5449471956605619 0.8073549740287272 1.0 0.4710002371792146 0.5179731395778369
croquet 0.39634642417891935 0.5449471956605619 0.8073549740287272 1.0 0.4710002371792146 0.5179731395778369
playing 0.39634642417891935 0.5449471956605619 0.8073549740287272 1.0 0.4710002371792146 0.5179731395778369
against 0.39634642417891935 0.5449471956605619 0.8073549740287272 1.0 0.4710002371792146 0.5179731395778369
child 0.39565677277532246 0.5435918042953404 0.804546086642957 1.0 0.47214827366521184 0.5175841941834491
fond 0.39565677277532246 0.5435918042953404 0.804546086642957 1.0 0.47214827366521184 0.5175841941834491
pretending 0.39565677277532246 0.5435918042953404 0.804546086642957 1.0 0.47214827366521184 0.5175841941834491
two 0.39363560331726516 0.5409729239890805 0.8007656563333087 1.0 0.47180468071205345 0.5169122431936525
pretend 0.39185736706624485 0.540180815991157 0.7997309830948661 1.0 0.4717851083357588 0.5152606372874953
hardly 0.3950474343804405 0.5427532190484048 0.7978222707653959 1.0 0.4685418963200845 0.5163286307188907
enough 0.3950474343804405 0.5427532190484048 0.7978222707653959 1.0 0.4685418963200845 0.5163286307188907
respectable 0.3955431017470371 0.5437288338971016 0.7999273596702873 1.0 0.47086234731895205 0.5164415064364787
person 0.3955431017470371 0.5437288338971016 0.7999273596702873 1.0 0.47086234731895205 0.5164415064364787
eye 0.3973077022989741 0.5443861397643955 0.8031038649115244 1.0 0.47358463692612407 0.5164131629326069
lying 0.396549172549 0.5458625369788471 0.8007274696178984 1.0 0.4729630164724484 0.5166954519998975
cake 0.3948070648235673 0.5421563695962185 0.798756784829808 1.0 0.4697635061951563 0.5111968042927376
currants 0.3965204136697251 0.5444976976780694 0.8009371237180738 1.0 0.47062664517131614 0.5138045539949617
makes 0.3979422173361376 0.5419643286805456 0.7995568311451545 1.0 0.4710255092919444 0.5174829591309072
grow 0.39930671040105 0.54504306203986 0.801837847673201 1.0 0.47205820814016747 0.5170623603934743
can 0.4005556937824498 0.5457803973774313 0.8000634671451894 1.0 0.47269096195451404 0.5186634808256518
smaller 0.3987447055117587 0.5420441264155037 0.801136428704559 1.0 0.46926255555783924 0.5161649514417596
creep 0.4012409393077112 0.5435206465041421 0.7975917448951851 1.0 0.47052988945683155 0.5193651613228094
