word v0 v1 v2 v3 v4 v5
alice 0.6398442445688933 0.58459400417102 0.802681677711653 1.0 0.52968969105963 0.6527987067483022
was 0.6400772161480875 0.5842466462604816 0.8026496446234239 1.0 0.5300279844229847 0.6522111484263419
beginning 0.6410246208814883 0.5822945788448377 0.8067727965582251 1.0 0.5298784330746888 0.6467127812676182
to 0.6405405961162068 0.5851495597338693 0.8031347617188994 1.0 0.5301169832360134 0.6522160677842286
get 0.639129251885808 0.5842570204242982 0.8033902770911063 1.0 0.5298202357464051 0.6517542760896958
very 0.6405552361859611 0.5849285464795598 0.8033795624676767 1.0 0.5298622464711895 0.6520666152951853
tired 0.6416297199787975 0.5850185179907781 0.8031173604026196 1.0 0.5307394315221914 0.6507047095770329
of 0.6405571330712807 0.5851672365234495 0.8033077640513022 1.0 0.5298468354462944 0.6520903823990468
sitting 0.6411720167030439 0.5834503178745036 0.8059885495634266 1.0 0.5293782909582586 0.6469316886135188
by 0.6408312189049226 0.584933863766346 0.8037200259769183 1.0 0.5297799688379848 0.6514571324748112
her 0.641304161144078 0.584937696757043 0.8033013786303438 1.0 0.5295388835074161 0.6510155897522836
sister 0.6422650602870258 0.5828615663844539 0.8065771818617384 1.0 0.5298214362193311 0.6480239812735393
on 0.6396503272725296 0.5845102782230864 0.8021798652438494 1.0 0.5298393746682096 0.6525291054081872
the 0.6401024884233063 0.5849592624831276 0.8026360897462081 1.0 0.5300580825469584 0.6522077525698593
bank 0.644156500260679 0.5838540124657141 0.8055738659210935 1.0 0.5307528196230884 0.6462458921150683
and 0.6402072667074821 0.5846924011254377 0.8027680307339753 1.0 0.5300390394366465 0.6528782934980576
having 0.6428474712928386 0.5862792356433675 0.8031678457320813 1.0 0.5300027715029012 0.6524257361267483
nothing 0.641577215190162 0.5849312259095625 0.8034198881929824 1.0 0.5301220005409956 0.6509537981349593
do 0.6402566155016803 0.5839181700190563 0.8020498372978162 1.0 0.5284205823305077 0.6508665794949489
once 0.6417413182768348 0.5861025727095897 0.8026013084684153 1.0 0.5293281130277766 0.6515520824849711
or 0.640577069068968 0.5846393793987492 0.804290973239986 1.0 0.5301576989766815 0.6511319108536516
twice 0.6423731750509094 0.5826854716547207 0.8057945135015315 1.0 0.5286954739199915 0.6465621086263199
she 0.6405264774614866 0.5854076727411521 0.8022273535964672 1.0 0.5302031880435065 0.6527897498776365
peeped 0.6433581125272456 0.5822728102318515 0.8071658188216586 1.0 0.5302645849898436 0.649116282583851
into 0.6408012760878373 0.5859796028066154 0.8023687526951296 1.0 0.5297754436620327 0.6524042154742236
book 0.6414088315527561 0.58419907181272 0.8055879690013944 1.0 0.5301990972282826 0.6514563595658985
reading 0.6426397964442189 0.5830026352976219 0.8057876047885603 1.0 0.529045897364402 0.6467099016057846
but 0.6399740550804363 0.5842286802636646 0.8028746957384757 1.0 0.5299145168247693 0.6524748396048534
it 0.6405091266732167 0.5851486092795196 0.8029176152888617 1.0 0.5296742363396783 0.6526171972017902
had 0.6398997991400072 0.5851187716247441 0.8028215003256031 1.0 0.529967190926711 0.6532467626658316
no 0.639573703926786 0.5846883882010365 0.8033814952660545 1.0 0.5292500679698428 0.6522142973307208
pictures 0.6436345003402244 0.584891038930296 0.8065652099589596 1.0 0.5312496301949473 0.6492109364678452
conversations 0.642317940680284 0.5817164061934688 0.8038917840468529 1.0 0.5298820805271084 0.6463127125574613
in 0.640767711511887 0.5844244309685398 0.8031872101179731 1.0 0.5295239541545435 0.6524844561782165
what 0.6409502040932087 0.5849474883102942 0.8037514324790805 1.0 0.53048231486402 0.6518009985833109
s 0.6407553196576805 0.5854260730536778 0.8031913413749351 1.0 0.530644180617303 0.6542744809925991
use 0.6405952715071681 0.5857422969992621 0.803239420038227 1.0 0.529905939829242 0.6537275056176516
a 0.639817530378328 0.5850773726400925 0.8025979009482384 1.0 0.5299057807107977 0.6528974295007345
thought 0.6400862061725134 0.5847130832774592 0.8031848159317985 1.0 0.5295933719593906 0.6523690489099204
without 0.64262773637332 0.5864786312098927 0.8059387658927569 1.0 0.5301794630359772 0.6519527089032304
conversation 0.6457982938165344 0.585602165347411 0.8074445458417542 1.0 0.5317041337081027 0.6494816030838579
so 0.6414962239921058 0.5853304492065029 0.8030651228595512 1.0 0.5298571589101001 0.6515309545321796
considering 0.6426421548042415 0.5850528676950982 0.8043128415219851 1.0 0.5299067420066377 0.6485769803728109
own 0.6425442711933629 0.5860325803114051 0.8023246515580893 1.0 0.5273523660916932 0.6511458832670601
mind 0.6433831942514546 0.5849131466007671 0.8048131116231834 1.0 0.5294074377756993 0.647648977373106
as 0.6410975542492164 0.5851769129710599 0.8033377490747898 1.0 0.5297008678851631 0.65075645200346
well 0.6410817589363211 0.5850474136451782 0.8037840195478703 1.0 0.5302431322924722 0.6506381667168227
could 0.6407727047402993 0.5865326230435629 0.8024048614178245 1.0 0.5303461345969419 0.6534944004668307
for 0.6404539808615244 0.5857323160307801 0.802410198315988 1.0 0.5300890250422977 0.6526850684613497
hot 0.6415117119501251 0.5866026228735571 0.8038018401133791 1.0 0.5311701173949956 0.6520356412785734
day 0.6446154828414434 0.5853114436760246 0.805682916024299 1.0 0.5325656579504566 0.6474218273194522
made 0.6410500156391623 0.5861135197704125 0.8040026894792958 1.0 0.5311958822199848 0.6514636886048726
feel 0.6451679110646531 0.5867281397018889 0.8060123412517979 1.0 0.5310010560834959 0.6495287540242517
sleepy 0.6413263938033857 0.5848293265135873 0.8046570944906906 1.0 0.5296071413836287 0.6514449641390642
stupid 0.6451679110646531 0.5867281397018889 0.8060123412517979 1.0 0.5310010560834959 0.6495287540242517
whether 0.6417248789991451 0.5867110865221732 0.8056210905528722 1.0 0.5309598997939916 0.6542591433646157
pleasure 0.6457595639872721 0.587437818907683 0.8085574874319936 1.0 0.5311397949976175 0.6517463466742127
making 0.6457595639872721 0.587437818907683 0.8085574874319936 1.0 0.5311397949976175 0.6517463466742127
daisy 0.6452988416800599 0.5870402744292637 0.8072784725344428 1.0 0.5311546907893179 0.6503360827647526
chain 0.6452988416800599 0.5870402744292637 0.8072784725344428 1.0 0.5311546907893179 0.6503360827647526
would 0.6396213283798932 0.5852845163155626 0.8028143943223387 1.0 0.5287529148728378 0.6520019602593636
be 0.6395711037527844 0.5849426423648302 0.801581310616971 1.0 0.5295111015194829 0.6520217990785048
worth 0.6452988416800599 0.5870402744292637 0.8072784725344428 1.0 0.5311546907893179 0.6503360827647526
trouble 0.6445826909717537 0.5874473667481785 0.8084680596709126 1.0 0.529810943325987 0.6483337319748119
getting 0.6408398189080601 0.5842763831511697 0.8035180831760877 1.0 0.5292324388647124 0.6497956010271461
up 0.6398655481755022 0.5849129298014414 0.8023012748442772 1.0 0.5301038586130842 0.6539023902842046
picking 0.6445826909717537 0.5874473667481785 0.8084680596709126 1.0 0.529810943325987 0.6483337319748119
daisies 0.6445826909717537 0.5874473667481785 0.8084680596709126 1.0 0.529810943325987 0.6483337319748119
when 0.6406071878297985 0.585102234507978 0.8023211895774128 1.0 0.5310226170268211 0.6528171641380845
suddenly 0.6407273479194672 0.5835748698254615 0.8040875339482859 1.0 0.5303595830752325 0.6518700881434315
white 0.643784687054424 0.5849923036940535 0.8057747412554183 1.0 0.5304511230552844 0.6528737403755148
rabbit 0.6422008431539408 0.585023217051862 0.8058944104349339 1.0 0.5312178429140044 0.6513771385497488
with 0.6412305622147524 0.5848377287488109 0.8037562632014077 1.0 0.5299083195757925 0.6516934324049044
pink 0.6450424192555823 0.5846673467066427 0.8068617807811661 1.0 0.5303686124122121 0.647607835431298
eyes 0.6437792533284072 0.5855852957670158 0.8044331025684991 1.0 0.5286828943415538 0.6510970082165743
ran 0.6436175753912906 0.5846496476447622 0.8057484501678387 1.0 0.5303443974337971 0.6452388902856604
close 0.6411482252039136 0.5840954121206783 0.8047045881708718 1.0 0.5302546833129897 0.6502550413728874
there 0.6399232149823619 0.5844510909048767 0.8026254417671693 1.0 0.5293135296627166 0.6519304080738252
remarkable 0.6429807815302109 0.5837691283649905 0.8076069860099773 1.0 0.5309002517103513 0.6511855112941672
that 0.6404481368892296 0.5856678363831787 0.8023873819999962 1.0 0.5301128240632222 0.6530449166283743
nor 0.6429807815302109 0.5837691283649905 0.8076069860099773 1.0 0.5309002517103513 0.6511855112941672
did 0.6408699083599458 0.583847175737679 0.8040668668498395 1.0 0.5292390747917884 0.6515836653491097
think 0.6402584936662004 0.5849544006362251 0.8033103692466149 1.0 0.5294304513979339 0.6504143905887841
much 0.6403750267786258 0.5851756266928977 0.8028650435790745 1.0 0.5301344419425694 0.6521205384252506
out 0.6410754097968938 0.5855441860108794 0.8038305288565399 1.0 0.5308277820000218 0.6527803133662872
way 0.6399897151496114 0.5836221637600344 0.8029166815272835 1.0 0.5297112743797543 0.6514828118977539
hear 0.6409952036621779 0.58425949484691 0.8046839324350559 1.0 0.5307420258673565 0.6530724436112434
say 0.6397511649582671 0.584844191597144 0.804791640616009 1.0 0.5297729911911465 0.6525880871832727
itself 0.6439159030076526 0.584782174417853 0.8079944158083243 1.0 0.5316917977645624 0.6503077879191446
oh 0.6395155529360812 0.5845855396785251 0.8030340418873507 1.0 0.5308481116699447 0.6523226407035462
dear 0.6412303445089395 0.585161554284108 0.8043319851914108 1.0 0.5307557819062512 0.6504054709299736
i 0.6398234886847278 0.5845642629965099 0.8025470295324612 1.0 0.5292101067210011 0.6513525695390373
shall 0.6411849064148689 0.5842138265035374 0.8038589749136043 1.0 0.5286703365538183 0.6496478047073124
late 0.6411371167863985 0.5834132327013373 0.8031824832354758 1.0 0.5308034545668221 0.6514399575885641
over 0.6399016125984532 0.5835593497501317 0.8040131586654672 1.0 0.5299422737014801 0.6512046489880372
afterwards 0.6435275636901414 0.5854831512014482 0.8045922261679905 1.0 0.5314818780685716 0.6509348533410427
occurred 0.6435275636901414 0.5854831512014482 0.8045922261679905 1.0 0.5314818780685716 0.6509348533410427
ought 0.6438409541504085 0.585863271746351 0.804810076321545 1.0 0.5315920411913411 0.6492993221492249
have 0.6421550203066226 0.5853008866862307 0.804806228822215 1.0 0.5297964209296087 0.6493418448276591
wondered 0.6438409541504085 0.585863271746351 0.804810076321545 1.0 0.5315920411913411 0.6492993221492249
at 0.6405484377432087 0.5851917352618374 0.8031588625965699 1.0 0.5301907167615816 0.6515886201670008
this 0.6402972939950788 0.5856462387914397 0.8029206126846645 1.0 0.5291450206055854 0.6526151257523651
time 0.6402962161445018 0.5847650983063555 0.8026937508931067 1.0 0.5297342367070242 0.6515552496762016
all 0.6390607384151126 0.5844807196351899 0.8024525551844882 1.0 0.530564836497301 0.6531174025566981
seemed 0.6404565459193553 0.585716288326578 0.8026646624546259 1.0 0.5294805192824723 0.6505823734084928
quite 0.6425333129783712 0.5863159258176173 0.8034130717141192 1.0 0.5314328671047699 0.6535909992858803
natural 0.642266848524436 0.5831510971241407 0.8058269961396411 1.0 0.5320076118364641 0.649823013312233
actually 0.6421919999453127 0.5851967657074758 0.8078899511119162 1.0 0.5328124832662845 0.6493109070214954
took 0.6420735989895844 0.5862393520093663 0.806247525480394 1.0 0.5317988164017962 0.6495839118549278
watch 0.6419758579741666 0.5843694238431583 0.8068888094660861 1.0 0.5309748132886333 0.6479631434451684
its 0.6417085730291865 0.5848851990231576 0.8074025553848582 1.0 0.5309320879339932 0.6492474934999672
waistcoat 0.6419758579741666 0.5843694238431583 0.8068888094660861 1.0 0.5309748132886333 0.6479631434451684
pocket 0.6425260435167813 0.5847259870778507 0.8065107441494184 1.0 0.5316940196728489 0.6488066694487261
looked 0.6409133293641062 0.5847030986075649 0.8041759297278239 1.0 0.5310691260081701 0.652761684144675
then 0.6411121047203342 0.5846085725453009 0.803304566924103 1.0 0.5302987694440293 0.6500892771379854
hurried 0.6421994401101889 0.5840001069019382 0.8033437944515711 1.0 0.530442554025476 0.6502830810593037
started 0.6411824678448217 0.5839330676929635 0.8032829428580103 1.0 0.5307827834492114 0.6484523738166145
feet 0.6408791517701949 0.5830816867754582 0.8026954374067307 1.0 0.5301852486351384 0.6514097912050935
flashed 0.6432768506910244 0.5857354698766775 0.8052202853183619 1.0 0.5301439138333233 0.6482696184053305
across 0.6422338281431269 0.5854848350558449 0.8047118750727573 1.0 0.5298256316071259 0.6473774037354575
she'd 0.6432768506910244 0.5857354698766775 0.8052202853183619 1.0 0.5301439138333233 0.6482696184053305
never 0.6414939522406685 0.5865532492108582 0.8044108760070031 1.0 0.5298563555696089 0.6520880886717072
before 0.6405513260388825 0.5850275006455784 0.8028201496742698 1.0 0.5305509043138785 0.6522177110389501
seen 0.6418259514655943 0.5855378955701607 0.8034449221786384 1.0 0.5309793723821713 0.6537294208644606
either 0.6401450385739981 0.5847310681286396 0.8034719644877804 1.0 0.5297600209435913 0.6508031189694329
take 0.6445767870189806 0.5865712331406242 0.8070197987467551 1.0 0.5322704740130736 0.6479218206263209
burning 0.6445767870189806 0.5865712331406242 0.8070197987467551 1.0 0.5322704740130736 0.6479218206263209
curiosity 0.64333278967994 0.5844082484672164 0.8049899181148652 1.0 0.5304198219064375 0.6437477278173471
field 0.6411947152061906 0.5852351397014166 0.8042053705254264 1.0 0.5295085424133159 0.6464885333962129
after 0.6408335733214245 0.5860756901507428 0.8031690512623326 1.0 0.5304160991897555 0.651206836462379
fortunately 0.6435176703056064 0.5842422479062105 0.8036644711979406 1.0 0.5320828203797396 0.6485545965837609
just 0.6413994871391047 0.5834854339897991 0.8025095712613116 1.0 0.5300984427942997 0.6517642199827004
see 0.6404720746877156 0.5857099081877082 0.8025466543941386 1.0 0.5297727760845757 0.6521404798935854
pop 0.6433856765083114 0.5859339653238727 0.8051758659234394 1.0 0.5307983726811613 0.6504619120608564
down 0.6404415728906993 0.5845619704683354 0.8036087247139291 1.0 0.5296055946641861 0.6512952433410035
large 0.6403008994591507 0.5859452176746283 0.8019634997163283 1.0 0.5306960205398044 0.6531158302612934
hole 0.6402862825798854 0.5853532177048832 0.8047298129290819 1.0 0.5308255458890456 0.6517269917792904
under 0.6422841897407703 0.5845070955399441 0.8021276963172304 1.0 0.5295230339108646 0.6502885693793805
hedge 0.6440952093032483 0.5858824419920523 0.8075256088621064 1.0 0.5323094968785221 0.6513228171526376
another 0.6417069232505099 0.5849687425593496 0.8034413268529893 1.0 0.5304565208595331 0.653921180040933
moment 0.6408313755919175 0.5838877591940068 0.8034906248551507 1.0 0.5306054979140746 0.6522803026025201
went 0.6399917635657683 0.5846294692710751 0.8035237954327366 1.0 0.5306760476453722 0.6532578700972915
how 0.6393186825121584 0.5844509863872827 0.8027006103263281 1.0 0.5300258565460853 0.6520116568846813
world 0.6438426916819784 0.5866777239598049 0.8065770192997449 1.0 0.5332523213135728 0.6480920269959172
again 0.6392666902934566 0.5843788845150164 0.8033600810220276 1.0 0.5294468824996771 0.6510533411768168
straight 0.639461280130929 0.5839379928498694 0.8062965816668163 1.0 0.530691629827539 0.6503498270719018
like 0.6397385993232627 0.5856569977782797 0.802266409214911 1.0 0.5301040461186104 0.6539398656865036
tunnel 0.639461280130929 0.5839379928498694 0.8062965816668163 1.0 0.530691629827539 0.6503498270719018
some 0.6413094173026318 0.5836161679407832 0.8045802238835714 1.0 0.531069080425513 0.6504648454017403
dipped 0.6413094173026318 0.5836161679407832 0.8045802238835714 1.0 0.531069080425513 0.6504648454017403
not 0.6394769506880441 0.5856106467617466 0.8019033871944351 1.0 0.5301167991156922 0.6536035596414672
about 0.6396767735476677 0.5855217154649489 0.8026070905540639 1.0 0.5305252534095241 0.6522493621355031
stopping 0.6419589165122757 0.5856410004171745 0.8043973195173892 1.0 0.5312552488381964 0.6491588651396989
herself 0.6410594538954972 0.5860006149473405 0.8027316148022059 1.0 0.5297091012259547 0.6539681714504603
found 0.6395658513465694 0.5858525553040801 0.8013286286636453 1.0 0.5295805606961317 0.6534799633050904
falling 0.6415098787426471 0.5860284706005087 0.8021585446637206 1.0 0.5293956839137942 0.6490469021412819
deep 0.6413240446134572 0.5857430742161951 0.8040835641819618 1.0 0.5310121156848933 0.6497005438411264
fell 0.6407904417573927 0.5844920392749895 0.8035362496467541 1.0 0.5292373624460225 0.6501993066345143
slowly 0.6408036934296946 0.5848393388322688 0.8038393758783893 1.0 0.5316044291080916 0.6494061132311247
plenty 0.6419640117196633 0.5854766867108955 0.8030877367313537 1.0 0.5299907663812251 0.6497998012625672
look 0.6402455408440997 0.5854441482331896 0.8037416891325582 1.0 0.5311910664132629 0.651809955346081
wonder 0.6396138420015005 0.5841991661395226 0.8036810580050668 1.0 0.529467262615638 0.6512950543916618
going 0.6404890381454317 0.5859969670802867 0.8014220893166059 1.0 0.5310862794988399 0.654448910617831
happen 0.6433845938731931 0.5842943669275125 0.8047545708750653 1.0 0.5303917561082586 0.6501843334448435
next 0.6433845938731931 0.5842943669275125 0.8047545708750653 1.0 0.5303917561082586 0.6501843334448435
first 0.6393378159562931 0.5858444735211996 0.8019311517441788 1.0 0.5303857497536579 0.6526378830185762
tried 0.6404211614379715 0.5865652161191129 0.8025776736401895 1.0 0.5308366688459553 0.6534641278858165
make 0.6423106474805249 0.585613093338291 0.8022445713664487 1.0 0.5311120188911892 0.649646519831567
coming 0.6417448815288544 0.5845261979835851 0.8051954307929274 1.0 0.5322303590960592 0.6502240820790992
too 0.639126157183449 0.5851280946261685 0.8014895121736324 1.0 0.530506776889745 0.6529890264825544
dark 0.640474471429706 0.5842983490492507 0.8045648546862278 1.0 0.5310240643289804 0.6536157478811853
anything 0.6407230423410207 0.5846870627926658 0.8049249803252786 1.0 0.5292821955219722 0.6489962516066162
sides 0.6427332432277909 0.5850927694522956 0.8062303597576558 1.0 0.5317358299939208 0.6503040890945204
noticed 0.6390717087708649 0.5838544508168454 0.802758717186787 1.0 0.5299291498777594 0.6508721398527247
they 0.6397756229706918 0.584569335930702 0.8033351535949058 1.0 0.5303851753131067 0.6514013126250309
were 0.6389185241803436 0.5837624054345965 0.8021018745262581 1.0 0.5296591630850728 0.6518643953409816
filled 0.641347639522118 0.5840766261782122 0.8056706760400639 1.0 0.5311278022213503 0.6491088615585432
cupboards 0.6415829399258453 0.5854978299759878 0.8055406336825446 1.0 0.5302768574353217 0.6496366969350887
shelves 0.6414172329046358 0.5858856186404917 0.8050480719989765 1.0 0.5306895592652797 0.6498440465238444
here 0.6383498910051354 0.5827296136522512 0.8024104720639313 1.0 0.5286430270766561 0.6518660871661702
saw 0.6392674880948955 0.5841729884301007 0.8025771839506027 1.0 0.5307969602749082 0.6534313629013973
maps 0.6411252136642706 0.5837454097516827 0.8051452353043942 1.0 0.530309750140669 0.6509733848491206
hung 0.6424709380729045 0.586071328700698 0.8064660114509024 1.0 0.5330015484176718 0.6514438164621491
upon 0.6391320862718234 0.5836246704800074 0.802153423661063 1.0 0.5304706288002194 0.6533710659061858
pegs 0.6424709380729045 0.586071328700698 0.8064660114509024 1.0 0.5330015484176718 0.6514438164621491
jar 0.6416618068617331 0.5861613693312517 0.8043776643046413 1.0 0.5295272835135116 0.6491007588219295
from 0.6405874607089149 0.5869330391248226 0.802209328155156 1.0 0.5300880878442249 0.6529613727862611
one 0.6399178890637794 0.5855674446746751 0.8028754163845043 1.0 0.5299072904159565 0.6518245661583566
passed 0.6409693077755523 0.586493438415311 0.8044855422455642 1.0 0.5309370736249048 0.6502364326289681
labled 0.6411435879209171 0.5843335225973355 0.8031990449857548 1.0 0.5283178478832895 0.6492827733741686
orange 0.6411435879209171 0.5843335225973355 0.8031990449857548 1.0 0.5283178478832895 0.6492827733741686
marmalade 0.6411435879209171 0.5843335225973355 0.8031990449857548 1.0 0.5283178478832895 0.6492827733741686
great 0.6404975998256035 0.5855771540436222 0.8025962680810348 1.0 0.5294623556959709 0.6531096913924817
disappointment 0.6416392884150757 0.5847371710594859 0.8031566114849351 1.0 0.5282945097032613 0.6493628261107129
empty 0.6418813736166622 0.5859613321094013 0.8042704585754115 1.0 0.529496770073721 0.6488736594238017
drop 0.641367608557747 0.5850400480934612 0.804147185543946 1.0 0.5282651680991227 0.6483434221138725
fear 0.641367608557747 0.5850400480934612 0.804147185543946 1.0 0.5282651680991227 0.6483434221138725
killing 0.641367608557747 0.5850400480934612 0.804147185543946 1.0 0.5282651680991227 0.6483434221138725
somebody 0.6410824158871576 0.5847819165812754 0.8041724297330879 1.0 0.5286655105928105 0.650424184151965
managed 0.6410824158871576 0.5847819165812754 0.8041724297330879 1.0 0.5286655105928105 0.650424184151965
put 0.64189413085506 0.5835868921043649 0.8041373297759711 1.0 0.5286856646499244 0.6521417053497055
past 0.6418183495832437 0.586919693660997 0.8054105309443175 1.0 0.5294255175422709 0.6501647773938858
such 0.6405248214010882 0.5864579869300617 0.8028058320612736 1.0 0.5302706107495304 0.6534135004275531
fall 0.6392518799258601 0.5825552532088414 0.8031773028300669 1.0 0.5289562555105877 0.6504649870272908
tumbling 0.6415952436204237 0.5847862872143474 0.804118559206582 1.0 0.5292566683674478 0.6494957318202482
stairs 0.6415952436204237 0.5847862872143474 0.804118559206582 1.0 0.5292566683674478 0.6494957318202482
brave 0.6393301043537325 0.5831121032378183 0.8020686207269063 1.0 0.5284604472837905 0.6457297783953446
ll 0.6402294209496225 0.5845317129592269 0.8021384309547744 1.0 0.5290924224529361 0.650563063921247
me 0.6399498871308585 0.5840092195672785 0.8016110566251318 1.0 0.529127410723942 0.6505702712982424
home 0.639515015126361 0.5837829922000753 0.8035699251804496 1.0 0.5279798684904587 0.6475652747605172
why 0.6412424285021345 0.5847276653359833 0.8015141275343723 1.0 0.5280691188206684 0.649349371230401
n't 0.6404436445123403 0.5840050217321803 0.8046332575261835 1.0 0.5290810573048302 0.6509768901086568
even 0.6394574034215056 0.5856470778649238 0.8035536113782306 1.0 0.5291649832380184 0.6531747043606029
if 0.639848267797003 0.585641795830383 0.8019148821492372 1.0 0.5288028481995807 0.6526640352860383
off 0.6407271438833128 0.5855470613923582 0.8031861319531236 1.0 0.5297112650274655 0.6530101187974688
top 0.6407846119442485 0.5837671886607895 0.8062102688706266 1.0 0.5286888872628099 0.6500572280992817
house 0.6407846119442485 0.5837671886607895 0.8062102688706266 1.0 0.5286888872628099 0.6500572280992817
which 0.638915356903929 0.5828414778250747 0.8022786056960732 1.0 0.5281561458493987 0.6518624051712484
likely 0.6389845457305875 0.5831954540754504 0.8048258946830581 1.0 0.5282200469634077 0.6485331254205642
true 0.6389845457305875 0.5831954540754504 0.8048258946830581 1.0 0.5282200469634077 0.6485331254205642
come 0.6407657680256809 0.5846739243664565 0.8032992079264156 1.0 0.5299022540246008 0.6531732170894852
an 0.6404701329227335 0.5841217831862631 0.8054338864586535 1.0 0.5296281214643653 0.6522455176660117
end 0.6405177477690784 0.5859376972988615 0.8034159615457026 1.0 0.5286007848511672 0.6535811489846923
many 0.6405897702572748 0.5856284644180438 0.8020423411286024 1.0 0.5288416037883426 0.6528493423929277
miles 0.6404585862356807 0.5854179528713646 0.8015997995092129 1.0 0.5282040150448257 0.6493819202823196
ve 0.6398649221032537 0.5842756030938914 0.8034458241055519 1.0 0.5289141504027433 0.6511258756626684
fallen 0.6409991485733963 0.5850613034434909 0.8022258672065709 1.0 0.5280659548026795 0.6506812140855591
said 0.6394834901374511 0.5852689071268768 0.8007626485554626 1.0 0.5294969754606663 0.6547468675923893
aloud 0.6407572548418614 0.5840324717300561 0.8008600196733614 1.0 0.5279089277117849 0.6488034023631583
must 0.6376690204698073 0.5839714149839631 0.7994598568682035 1.0 0.5291501809393171 0.6510872089913
somewhere 0.6404415663481963 0.5840319303194746 0.8018646314915556 1.0 0.5276754383238563 0.6489944540990956
near 0.6385395336513489 0.5831125749764322 0.8004250895579742 1.0 0.5275885157785398 0.6479205886671517
centre 0.6385395336513489 0.5831125749764322 0.8004250895579742 1.0 0.5275885157785398 0.6479205886671517
earth 0.6403527099827204 0.58448237105864 0.8011816429269104 1.0 0.5286229389911882 0.6486483877161197
let 0.6399534166965205 0.5862811716337707 0.7996549014255901 1.0 0.529692966444327 0.6462999368805337
four 0.639916884850773 0.5857753538139129 0.8009724125918447 1.0 0.5283423662009337 0.6480798886691088
thousand 0.639916884850773 0.5857753538139129 0.8009724125918447 1.0 0.5283423662009337 0.6480798886691088
you 0.6400768151241857 0.585194017860317 0.8021299124819092 1.0 0.5292491408754789 0.653286809574009
learnt 0.6398886117765699 0.5851769075516376 0.8043003091017265 1.0 0.5276018649577385 0.6502738927789489
several 0.6383150632932179 0.5848508008153813 0.8022301342935805 1.0 0.5289346687616557 0.6515834686391977
things 0.6392849555678772 0.5853661839547829 0.8023506821349686 1.0 0.5299287232469214 0.6542575847284287
sort 0.6394710858477876 0.5842453499559301 0.8031557428655112 1.0 0.5288212533099227 0.6513241371227346
lessons 0.6394094919949218 0.5843121695099925 0.8035657584037227 1.0 0.5269031382153827 0.6487609696738458
schoolroom 0.6385374075693017 0.5839467406525773 0.8033730956521359 1.0 0.525714625304028 0.6497666473772048
though 0.639837496004131 0.5856648662518209 0.8024261594556589 1.0 0.5283032023650985 0.6522953807221491
good 0.6398391302529066 0.5850981730893848 0.8044500045293369 1.0 0.5291058468343406 0.6524883436722883
opportunity 0.6392962414675861 0.583865343161623 0.8040968817225493 1.0 0.5274549646220992 0.6490986172215518
showing 0.6376918347486445 0.5844849291763884 0.8038552637805582 1.0 0.5275428803598912 0.6480716295516944
knowledge 0.6376918347486445 0.5844849291763884 0.8038552637805582 1.0 0.5275428803598912 0.6480716295516944
listen 0.6397793762742853 0.5841661427745155 0.8057325321718599 1.0 0.5287031076602591 0.6491703797651203
still 0.6401766183169366 0.5848103457321232 0.8040013640417606 1.0 0.5299375460478144 0.6531214430558187
practice 0.6388252009843807 0.5843731479224895 0.8061394476517179 1.0 0.5281295178840696 0.6504277209424351
yes 0.6405192657354818 0.5852364755518263 0.8044226323307591 1.0 0.5293169737011053 0.6500901784091707
right 0.6404944824761453 0.5846918626521846 0.8027820482663064 1.0 0.5297369688155426 0.6508279143368598
distance 0.6405192657354818 0.5852364755518263 0.8044226323307591 1.0 0.5293169737011053 0.6500901784091707
latitude 0.6399181376936824 0.5833279160508857 0.8053670776066154 1.0 0.5302408830673138 0.6493803066217613
longitude 0.6387429478212551 0.583900152267605 0.8050638977238981 1.0 0.5294567295948431 0.6518266768641774
got 0.6378274417150896 0.585434695877109 0.8006690880470911 1.0 0.5306535530526537 0.6527180868221969
idea 0.6402984742294082 0.5829536351827926 0.8059636898757522 1.0 0.5305765528962337 0.6508743262848338
nice 0.6384701046313624 0.5851811062682329 0.8033939385318459 1.0 0.5302129436283799 0.6537287949698504
grand 0.639463959046164 0.5855163692305756 0.8063861153669927 1.0 0.5292775097214395 0.6522181557526382
words 0.6393290902280149 0.5839780678603352 0.8031681644414627 1.0 0.528410186940731 0.6528660618690536
presently 0.6385123592254257 0.5854888412637353 0.8050781347518104 1.0 0.5288851759815429 0.6512783077549084
began 0.6387122244109079 0.5839225671056325 0.8033542790967279 1.0 0.528309134920934 0.6509420580883415
through 0.6400451038279389 0.585230399926789 0.8006988186911651 1.0 0.5291550961096098 0.6530742112024378
funny 0.640832608172891 0.5832449578510904 0.8025053165628258 1.0 0.5288429323703817 0.6506029347581971
seem 0.640832608172891 0.5832449578510904 0.8025053165628258 1.0 0.5288429323703817 0.6506029347581971
among 0.63966231120286 0.5836432962656435 0.8019191651052541 1.0 0.5299093748216176 0.6533495244329542
people 0.6401254135578173 0.5843720672772418 0.8020551617836539 1.0 0.5293761880292815 0.6530674512320652
walk 0.640773555614065 0.5824328849279921 0.8018609856999444 1.0 0.5283511527053696 0.6507478129341255
their 0.6392688943837002 0.5836345569312316 0.802884028355108 1.0 0.5295084529490695 0.6556416458220659
heads 0.6397454165089921 0.5834753428880696 0.8025207435954532 1.0 0.5275389245525571 0.6492904986796322
downward 0.6397454165089921 0.5834753428880696 0.8025207435954532 1.0 0.5275389245525571 0.6492904986796322
antipathies 0.6397454165089921 0.5834753428880696 0.8025207435954532 1.0 0.5275389245525571 0.6492904986796322
rather 0.6405088111872874 0.5851022358464392 0.8033947566315375 1.0 0.5288714932340682 0.6538505524012901
glad 0.6398943411750737 0.5820525528669593 0.8036782104100438 1.0 0.5279662689350703 0.6496180335058297
listening 0.64003801045735 0.5848719420679285 0.8054823884789636 1.0 0.5284850155541735 0.6510394300513261
sound 0.6416940577090668 0.5864385307788774 0.8057253580737749 1.0 0.5304442188350815 0.650450555318016
word 0.6416940577090668 0.5864385307788774 0.8057253580737749 1.0 0.5304442188350815 0.650450555318016
ask 0.6409819073215899 0.5856521406866142 0.803844995493361 1.0 0.5273054618169255 0.6500224135744463
them 0.6385228694689652 0.5845040525598829 0.8021151367171379 1.0 0.5286834073835518 0.6533756593507145
name 0.6403562972685701 0.5855875364650729 0.8050660133600784 1.0 0.5274237547647301 0.6512808518947099
country 0.6403562972685701 0.5855875364650729 0.8050660133600784 1.0 0.5274237547647301 0.6512808518947099
is 0.6400367974121699 0.5865488635490889 0.8028596960595542 1.0 0.5296250130176837 0.6532663410462951
know 0.6396329448005641 0.5850811750506705 0.8025710591020823 1.0 0.528985504932567 0.6534995614791539
please 0.6399321122274009 0.5862351327644307 0.8048215157900295 1.0 0.5280910353454314 0.6504892662758363
ma'am 0.6399321122274009 0.5862351327644307 0.8048215157900295 1.0 0.5280910353454314 0.6504892662758363
new 0.6400597517992385 0.5857026419712706 0.8041579629492613 1.0 0.5282808134347993 0.6493859596194836
zeland 0.6400597517992385 0.5857026419712706 0.8041579629492613 1.0 0.5282808134347993 0.6493859596194836
australia 0.6400597517992385 0.5857026419712706 0.8041579629492613 1.0 0.5282808134347993 0.6493859596194836
curtsey 0.6400720583647305 0.5845433535179465 0.8022122863238397 1.0 0.5291098569671454 0.6492423214736518
spoke 0.6423041644939342 0.5847941867913092 0.8021045862809673 1.0 0.5296394442491094 0.6499629866219853
fancy 0.6412515571887415 0.5861977459535935 0.8019717538410657 1.0 0.5311765289000983 0.6523008248817633
curtseying 0.6423041644939342 0.5847941867913092 0.8021045862809673 1.0 0.5296394442491094 0.6499629866219853
re 0.6417188306393098 0.5852742934061469 0.8005209684694619 1.0 0.5282736631552164 0.6491955830012894
air 0.6407094726181908 0.582775823455585 0.8015760096561795 1.0 0.5288546366893552 0.6517008468214928
manage 0.6408087825937178 0.5844243881258749 0.8025752534607253 1.0 0.5269962989513794 0.6486270885934833
ignorant 0.6415215503019814 0.5856735689251159 0.8059675435413178 1.0 0.5299275266524754 0.6539256671220892
little 0.6387254884195782 0.5859467669913436 0.8010270034159394 1.0 0.530043763445798 0.654382944244844
girl 0.6415215503019814 0.5856735689251159 0.8059675435413178 1.0 0.5299275266524754 0.6539256671220892
asking 0.6402075055554607 0.5860962363164042 0.8043040171673301 1.0 0.5283548392311931 0.6509901548532426
perhaps 0.6423538869744261 0.5849562583755845 0.8033119597822169 1.0 0.5277628310256584 0.6500741279757356
written 0.6423538869744261 0.5849562583755845 0.8033119597822169 1.0 0.5277628310256584 0.6500741279757356
else 0.6409962599742801 0.5841510804891288 0.8012850120203872 1.0 0.5286269780631414 0.6497932372988773
soon 0.6404332219099884 0.5845066727896283 0.8006548675745797 1.0 0.529018238765469 0.6522298641644279
talking 0.6401311494364866 0.583343162580428 0.8016781499780946 1.0 0.5278251889187371 0.6481892475134208
dinah 0.6396816540373993 0.5834429274073677 0.8022144476660964 1.0 0.5291418100633649 0.6504417023471679
miss 0.6393472194439047 0.5819653865745245 0.8014450402241348 1.0 0.5307470942953633 0.6480975857676295
night 0.6392800633922757 0.5818929512070136 0.8015972618160155 1.0 0.5317353105859914 0.6477582689189747
should 0.6402124186011815 0.5844257355695487 0.8007265533190178 1.0 0.5310958994404511 0.6506925161238288
cat 0.6404997506762752 0.5841647554592108 0.8016194561605098 1.0 0.5302004167562009 0.6492085172387391
hope 0.6405357549619318 0.5850417459015865 0.8019629360984578 1.0 0.5315765532227947 0.648256680851095
remember 0.6408977934037706 0.5862760552192704 0.8019958000677062 1.0 0.5309250267958453 0.6542830312213533
saucer 0.6405357549619318 0.5850417459015865 0.8019629360984578 1.0 0.5315765532227947 0.648256680851095
milk 0.6385698914984277 0.5826415349208773 0.8008249034394387 1.0 0.5282488320468541 0.6509129086651092
tea 0.6385698914984277 0.5826415349208773 0.8008249034394387 1.0 0.5282488320468541 0.6509129086651092
my 0.6390895185778631 0.5854089133778074 0.8026597372381215 1.0 0.5290555926631847 0.6547699983340078
wish 0.6386452266122157 0.5840601769611734 0.8023024411929363 1.0 0.5287989658203122 0.6526937780212504
are 0.638227689832725 0.581183117832995 0.8029077498043807 1.0 0.527831554064776 0.6513645922821149
mice 0.6396984053704037 0.5802731226460218 0.8026328374285233 1.0 0.5294365940324468 0.6542103530053001
m 0.6396984053704037 0.5802731226460218 0.8026328374285233 1.0 0.5294365940324468 0.6542103530053001
afraid 0.6396984053704037 0.5802731226460218 0.8026328374285233 1.0 0.5294365940324468 0.6542103530053001
might 0.6398781028450937 0.5854985834829869 0.8019131432878877 1.0 0.5298466991319004 0.6550937621078207
catch 0.639619695486117 0.5823869811439598 0.803180457973305 1.0 0.5295143467381284 0.6550447036458065
bat 0.6392910987299244 0.5814863708242424 0.802200920662546 1.0 0.5292359232258484 0.6544519090130501
mouse 0.6389698467453965 0.5824419372003072 0.801481039654236 1.0 0.528340642050615 0.6508090805428854
cats 0.6393692872261666 0.5819289868307308 0.8014254942765482 1.0 0.5283664729583507 0.6514870849055365
eat 0.639752753031099 0.5818845809723434 0.8006958344251873 1.0 0.5282182043444226 0.6516533086718237
bats 0.6392851362567781 0.5824119097165279 0.8008943801774782 1.0 0.5279160207303158 0.6513431455511765
saying 0.640040642084009 0.5832141335158941 0.8038984336391628 1.0 0.5280691061340583 0.652697701997751
dreamy 0.6387644412961053 0.5836305964811542 0.8047254718565255 1.0 0.5290637623816126 0.6518408925122113
sometimes 0.6403470788930157 0.5858451072300146 0.8014934175902749 1.0 0.5280674131735248 0.6529876318790313
couldn't 0.6392459671419694 0.5821779204694043 0.8009945038531538 1.0 0.5291642734684464 0.6522746715785417
answer 0.6392459671419694 0.5821779204694043 0.8009945038531538 1.0 0.5291642734684464 0.6522746715785417
question 0.6392459671419694 0.5821779204694043 0.8009945038531538 1.0 0.5291642734684464 0.6522746715785417
matter 0.6395527988055693 0.5809693711206955 0.8022836648746493 1.0 0.5278551676995349 0.6526811830327369
felt 0.6411593654184171 0.5849075812438705 0.8007772762410886 1.0 0.5291399636542564 0.653937048791798
dozing 0.640489903171067 0.5829868737417884 0.8017034137148933 1.0 0.5289584825349608 0.6520594662316651
begun 0.6395325550859641 0.5848232613471742 0.8016440517316851 1.0 0.5291665021008636 0.6529821388434321
dream 0.6400353791666618 0.5838120905610731 0.8018287902088101 1.0 0.5287527131915646 0.6521833737140518
walking 0.6400353791666618 0.5838120905610731 0.8018287902088101 1.0 0.5287527131915646 0.6521833737140518
hand 0.6406784765222729 0.5833037217279641 0.8024499050375414 1.0 0.5279112969704877 0.6528708621871734
earnestly 0.6399726668586209 0.5848165487552783 0.8015983095103891 1.0 0.5291471457423339 0.6516792105075624
now 0.6385783907380708 0.5842994550826657 0.8002436912426797 1.0 0.5299656020297726 0.6523842203767698
tell 0.6378059472736644 0.5844598803958762 0.8020686248991373 1.0 0.5293920987051703 0.6501417098088602
truth 0.6378059472736644 0.5844598803958762 0.8020686248991373 1.0 0.5293920987051703 0.6501417098088602
ever 0.6390770950068084 0.5841497902880901 0.801158612043457 1.0 0.5303611127656076 0.6551191469241725
thump 0.6390134572223023 0.5819118714116006 0.8015476301944096 1.0 0.5288158311286267 0.6526615363201282
came 0.6382431699538325 0.5833330812852374 0.8007012489725368 1.0 0.5293982591597838 0.6536499251964316
heap 0.6393057278724817 0.5810358825804501 0.8015252019556405 1.0 0.5297393691139091 0.6532310618800815
sticks 0.6393057278724817 0.5810358825804501 0.8015252019556405 1.0 0.5297393691139091 0.6532310618800815
dry 0.6393057278724817 0.5810358825804501 0.8015252019556405 1.0 0.5297393691139091 0.6532310618800815
leaves 0.6393057278724817 0.5810358825804501 0.8015252019556405 1.0 0.5297393691139091 0.6532310618800815
bit 0.6406303652843321 0.5823001273055189 0.8015122763969883 1.0 0.5296917354922712 0.6536975070888669
hurt 0.6406303652843321 0.5823001273055189 0.8015122763969883 1.0 0.5296917354922712 0.6536975070888669
jumped 0.6406303652843321 0.5823001273055189 0.8015122763969883 1.0 0.5296917354922712 0.6536975070888669
overhead 0.6412687525765407 0.5839355274003487 0.8038119738254246 1.0 0.5305352187147603 0.6550113211618247
long 0.6400512515479957 0.5849440705313225 0.8027827661090067 1.0 0.5300840100502568 0.6555914983976642
passage 0.6392038895023788 0.586046806699568 0.8020651104329669 1.0 0.5292513915124505 0.6550800600184792
sight 0.6405737708096126 0.5854544034675415 0.8022705861675937 1.0 0.5311717061568505 0.6570716156612844
hurrying 0.6405737708096126 0.5854544034675415 0.8022705861675937 1.0 0.5311717061568505 0.6570716156612844
lost 0.6366149024598512 0.5825705838146801 0.8022104925370678 1.0 0.5301321715185325 0.6563400639601538
away 0.6366149024598512 0.5825705838146801 0.8022104925370678 1.0 0.5301321715185325 0.6563400639601538
wind 0.6401797836064231 0.5832229437864669 0.802154293613501 1.0 0.5292431764700658 0.6546937446086231
turned 0.6382272451234836 0.5835163999854918 0.8021325403475248 1.0 0.5300152108630907 0.6548158931912179
corner 0.6382272451234836 0.5835163999854918 0.8021325403475248 1.0 0.5300152108630907 0.6548158931912179
ears 0.6388250471014992 0.585111542247298 0.8015874491519588 1.0 0.5291287164818084 0.6551533845747699
whiskers 0.6359341129680383 0.5823989257924136 0.8002624277012961 1.0 0.5301242641211188 0.6550917550031641
it's 0.6402234155616321 0.5831190349403866 0.8021276594287713 1.0 0.530401185171821 0.6538512343489283
behind 0.6377887680789799 0.584113541299509 0.8029183071285821 1.0 0.5299928342826742 0.6543832204465693
longer 0.63661128671796 0.5831364601900886 0.8004134131208489 1.0 0.5299698798881921 0.6536712339415457
low 0.6377008993219913 0.5835977913836432 0.8002417457840825 1.0 0.5296296871160208 0.6531001708574776
hall 0.6373144146869751 0.5837703863772534 0.8007794305037375 1.0 0.5302517803625636 0.6543042538904472
lit 0.6400239685997698 0.5842426240841221 0.8013468351897248 1.0 0.5298594175675737 0.6544024450700637
row 0.6400239685997698 0.5842426240841221 0.8013468351897248 1.0 0.5298594175675737 0.6544024450700637
lamps 0.6400239685997698 0.5842426240841221 0.8013468351897248 1.0 0.5298594175675737 0.6544024450700637
hanging 0.6400239685997698 0.5842426240841221 0.8013468351897248 1.0 0.5298594175675737 0.6544024450700637
roof 0.6389813256505552 0.5847793603970697 0.7987054970233967 1.0 0.5291777836510161 0.6525369477047591
doors 0.6374695926240118 0.5845607243100489 0.7994671313489085 1.0 0.529969895271476 0.6530570394209062
around 0.6361984350190952 0.5823233478785056 0.7976759812673525 1.0 0.5291419766435494 0.6536768215621611
locked 0.6384923073331353 0.5830484366339218 0.8009090977073476 1.0 0.5317884618295876 0.6543170240004494
been 0.6362068453880733 0.5828476059885715 0.8006842005770973 1.0 0.5302352537198602 0.6526817122600577
side 0.6362068453880733 0.5828476059885715 0.8006842005770973 1.0 0.5302352537198602 0.6526817122600577
other 0.6384555255383207 0.5847393003038764 0.8020031981315233 1.0 0.5305659097986 0.6565308604308268
trying 0.6404147789170962 0.5860181843388168 0.800347014130813 1.0 0.5290028372995473 0.6550734130922861
every 0.6375545043508001 0.5834898435150369 0.8005585008238005 1.0 0.5288833351555952 0.6554738016562787
door 0.6392295369709968 0.5860851072933737 0.8006615031566084 1.0 0.5294503456610861 0.653453586849376
walked 0.6382709886030645 0.5843201485466052 0.8027263803514019 1.0 0.52866759249539 0.6546346680557903
sadly 0.6382709886030645 0.5843201485466052 0.8027263803514019 1.0 0.52866759249539 0.6546346680557903
middle 0.6382709886030645 0.5843201485466052 0.8027263803514019 1.0 0.52866759249539 0.6546346680557903
wondering 0.6372629814392272 0.5842260928816788 0.8023946881462937 1.0 0.5300712267973225 0.6548939927191805
three 0.6358642614638469 0.5842582896413407 0.8023212493622109 1.0 0.529755422726374 0.6540634497832439
legged 0.6358642614638469 0.5842582896413407 0.8023212493622109 1.0 0.529755422726374 0.6540634497832439
table 0.6393544044558668 0.5853789755340171 0.8013939570851589 1.0 0.5303621772881508 0.6554316735691121
solid 0.6369336820745367 0.585499132955788 0.801993799939957 1.0 0.5313906344616108 0.6533978892915293
glass 0.6393213486868047 0.5854625367715306 0.8001670508723231 1.0 0.5302245245443602 0.6543677382288388
except 0.6364358223401746 0.584301007250078 0.8020599601636852 1.0 0.5300605896379994 0.6541029526028818
tiny 0.6364358223401746 0.584301007250078 0.8020599601636852 1.0 0.5300605896379994 0.6541029526028818
golden 0.6388716335060703 0.5867858655163669 0.8006542622758916 1.0 0.5303136026474746 0.6548953156940251
key 0.6384047688172979 0.5854204793157459 0.8003544863616256 1.0 0.5295400602531064 0.6533754798832143
belong 0.6359609019160934 0.5843425282217767 0.8002272329075539 1.0 0.5307604127904025 0.6535760844676435
alas 0.639711628280878 0.5860830335862544 0.8002580361114905 1.0 0.53042842342922 0.6534200299951161
locks 0.6360978127232985 0.5838070150360108 0.7985544684506584 1.0 0.5298176153159623 0.6513855490828876
small 0.6382404142962019 0.5842588935959045 0.8004650328449056 1.0 0.5274332167985063 0.6526688460960455
any 0.6379533515677871 0.5852993174305257 0.7992228145007301 1.0 0.5291288728085155 0.6537234023904344
rate 0.6374846388593617 0.5856469727028246 0.8006085358747145 1.0 0.5290678242250704 0.6552328088968249
open 0.6373355560616666 0.5839408180859296 0.7976427331669953 1.0 0.5273892527092342 0.6502200159334105
however 0.6382353187522796 0.5842027380210949 0.7992020881004755 1.0 0.5297911800717602 0.6527905308199866
second 0.6357386249357334 0.5839137708558636 0.7975510685766037 1.0 0.5294178904037085 0.6516418570864634
round 0.6356448360637803 0.5845074676992773 0.7982541670350196 1.0 0.5296573284612814 0.6520449446759378
curtain 0.6369253717938633 0.5841020778908445 0.798711259894526 1.0 0.5288309521470759 0.6520047748235386
fifteen 0.6380043507397777 0.5861045902573948 0.8012046242602484 1.0 0.5307702538999977 0.6540648660480708
inches 0.638277657308503 0.5858432739031518 0.7997690097369311 1.0 0.5311221567424407 0.6532923896316385
high 0.638277657308503 0.5858432739031518 0.7997690097369311 1.0 0.5311221567424407 0.6532923896316385
lock 0.6393527471062076 0.5864194649964531 0.8020343717148398 1.0 0.5306334383124723 0.6568669409144595
delight 0.6393527471062076 0.5864194649964531 0.8020343717148398 1.0 0.5306334383124723 0.6568669409144595
fitted 0.6396187102182628 0.5874888834889436 0.8014851772640845 1.0 0.53022185652396 0.6548491217586189
opened 0.6385888245651041 0.5842928621728422 0.8015009606672868 1.0 0.527234025035638 0.6522597084045091
led 0.6382460114811057 0.588629854372405 0.8015012132339732 1.0 0.5275890981687273 0.6523071159207939
larger 0.6388376175809926 0.5842122072643696 0.8002728302934534 1.0 0.5284434107014497 0.6505225602492621
than 0.6373093092610783 0.5862405130583144 0.8003718008285329 1.0 0.5294781716101327 0.653507964041641
rat 0.6373093092610783 0.5862405130583144 0.8003718008285329 1.0 0.5294781716101327 0.653507964041641
knelt 0.6373093092610783 0.5862405130583144 0.8003718008285329 1.0 0.5294781716101327 0.653507964041641
along 0.636846612490115 0.5841855853359924 0.8000122404070591 1.0 0.5296373588152379 0.6548011676109722
loveliest 0.6375864627800545 0.5838994625463788 0.801684059342175 1.0 0.5319350496132956 0.6553490826812267
garden 0.6401382222034774 0.5862828148896678 0.8007415882171411 1.0 0.5317311886742436 0.6550205488268153
longed 0.6386286042865383 0.5853256976597706 0.803451572839058 1.0 0.5306768506042598 0.6557725324657235
wander 0.6385520140775295 0.5848526757820762 0.8019772949152378 1.0 0.5314662686236034 0.6559490180897602
those 0.6376835688405105 0.5839328388237689 0.8019743938608891 1.0 0.5308425817286614 0.6547865257245251
beds 0.6368166115573504 0.5830145778715164 0.8019714977770726 1.0 0.5302199634299678 0.6536260251198837
bright 0.6368166115573504 0.5830145778715164 0.8019714977770726 1.0 0.5302199634299678 0.6536260251198837
flowers 0.6368166115573504 0.5830145778715164 0.8019714977770726 1.0 0.5302199634299678 0.6536260251198837
cool 0.6368166115573504 0.5830145778715164 0.8019714977770726 1.0 0.5302199634299678 0.6536260251198837
fountains 0.6381004511336207 0.5847458004939968 0.8024471835743434 1.0 0.5288823144756999 0.6557139330803147
head 0.6391446045809058 0.586168011458303 0.8023884867680932 1.0 0.5292758416496448 0.6548587654359511
doorway 0.6382861027334926 0.5859169690404106 0.8028699406802131 1.0 0.5301511920279972 0.6536981101997387
go 0.63732092406183 0.5854183056671641 0.8008816577865636 1.0 0.5263854127034514 0.655203087366508
poor 0.639069414953133 0.5857025294015528 0.8002548819513219 1.0 0.5296663835341255 0.6540142944581542
shoulders 0.6394578833730763 0.5873549023368343 0.804433320501994 1.0 0.5286551311192776 0.6544232656856731
shut 0.6378586523081575 0.5842868209625887 0.8017373635691698 1.0 0.5292972832283735 0.6541892738502684
telescope 0.6378027581775673 0.5845900148386098 0.8004427059501784 1.0 0.5295917973981348 0.653643845631552
only 0.6387600781885371 0.5866713313453279 0.8004058727010716 1.0 0.5308272061865967 0.6532487451310514
begin 0.6389693791828497 0.5877611722859672 0.8024789574504475 1.0 0.5301801344083505 0.653977710345004
happened 0.6409640200327695 0.5867435253066842 0.8008991498757134 1.0 0.5300863832518539 0.6557134995910059
lately 0.639032743456684 0.5858283741440402 0.8014604200346622 1.0 0.529577811974185 0.6537761185195322
few 0.6377831753882209 0.585701841724202 0.7998761706794169 1.0 0.5303437653399745 0.654350245327956
indeed 0.6373659585357003 0.5845181788843411 0.7990158226826611 1.0 0.5306676096978344 0.6534829744726223
really 0.6386612143459479 0.5835578409695069 0.8019556944380765 1.0 0.5298706516390769 0.6550835129250242
impossible 0.6386612143459479 0.5835578409695069 0.8019556944380765 1.0 0.5298706516390769 0.6550835129250242
waiting 0.6397267863047671 0.5873019714603264 0.801763874617229 1.0 0.5290213207774631 0.6539016382384316
back 0.6396870556288757 0.586494310306392 0.8013383313490648 1.0 0.5316903071753439 0.6568944431646919
half 0.6393667881916402 0.586523232824152 0.803346908188491 1.0 0.5305141107694868 0.6574036071084883
hoping 0.6393667881916402 0.586523232824152 0.803346908188491 1.0 0.5305141107694868 0.6574036071084883
find 0.6382987849771626 0.5873103372405207 0.8012853242528135 1.0 0.5299614305279354 0.6549886205873271
rules 0.6379483881179054 0.5861151073531832 0.8034922673114556 1.0 0.5301422250113024 0.6589893942314611
shutting 0.6378349543727809 0.5856882242071707 0.8008589794158202 1.0 0.5308366283092931 0.6550730372265019
telescopes 0.6388761593738828 0.5865490384951029 0.8032334818667343 1.0 0.530960829572467 0.6558933370324089
bottle 0.6383459336679109 0.5860384591645593 0.8012743241485571 1.0 0.5301132038674056 0.6549536023470074
certainly 0.6379571361992369 0.5870319227462293 0.8027815957894561 1.0 0.5297884893367745 0.6543696741468936
neck 0.6355512690171018 0.5850997603572855 0.7989556025561889 1.0 0.5298962002105951 0.6524470789005483
paper 0.6355512690171018 0.5850997603572855 0.7989556025561889 1.0 0.5298962002105951 0.6524470789005483
label 0.6389159922764193 0.5865076722090012 0.8033933709500762 1.0 0.5314685706586946 0.6568470872159647
drink 0.6391106503413201 0.5876497949173906 0.8021846269038603 1.0 0.5305362858723239 0.6572425568721211
beautifully 0.6399735106806544 0.5843543938989387 0.8028234878118651 1.0 0.5306239800266291 0.6532133493776623
printed 0.6410686886723794 0.5872385653328532 0.803869063688398 1.0 0.5333398192006574 0.6573706936968845
letters 0.6414387051975087 0.5881079467804312 0.8021744692298423 1.0 0.5314772996809335 0.6575163872023004
wise 0.63873922561526 0.5858175151820253 0.8019216398744273 1.0 0.531405432735704 0.6571473055858081
hurry 0.6388422068736261 0.5875266781552826 0.8029571770516266 1.0 0.5311653821882617 0.6563302913158666
marked 0.6400122647525825 0.5853825804991462 0.8020359055257691 1.0 0.5298209783578743 0.6544744616909515
poison 0.6397010434314192 0.5866896377186186 0.8025647706145588 1.0 0.5306939459250309 0.6562709193692265
read 0.6401354348163226 0.5862374605069867 0.8016736818759758 1.0 0.5317884473835611 0.6560105464136418
histories 0.6372228087091419 0.5853883621124505 0.8008971634434611 1.0 0.5309621636075075 0.65440036062006
children 0.6353168349145072 0.5837533109754294 0.8018729028102904 1.0 0.5305080130820599 0.6563509622820242
who 0.6353168349145072 0.5837533109754294 0.8018729028102904 1.0 0.5305080130820599 0.6563509622820242
d 0.6370303541978118 0.5853614537623729 0.7995232515132409 1.0 0.5308643226934321 0.6552711460987523
gotten 0.6353168349145072 0.5837533109754294 0.8018729028102904 1.0 0.5305080130820599 0.6563509622820242
burnt 0.6353168349145072 0.5837533109754294 0.8018729028102904 1.0 0.5305080130820599 0.6563509622820242
eaten 0.6391613350632877 0.5846599862942596 0.8044877604752998 1.0 0.5320853983973917 0.6561010437357329
wild 0.6391613350632877 0.5846599862942596 0.8044877604752998 1.0 0.5320853983973917 0.6561010437357329
beasts 0.6391613350632877 0.5846599862942596 0.8044877604752998 1.0 0.5320853983973917 0.6561010437357329
unpleasant 0.6393541165703133 0.5859853871671642 0.8034439989280456 1.0 0.5322439463484645 0.6575850681989167
because 0.6393541165703133 0.5859853871671642 0.8034439989280456 1.0 0.5322439463484645 0.6575850681989167
simple 0.63948459485702 0.5866131955366107 0.8030048377804638 1.0 0.5300807829892505 0.658736728645256
friends 0.6377669356188124 0.5848340706565557 0.8039052335618139 1.0 0.5306636746093034 0.6605266890807103
taught 0.6377669356188124 0.5848340706565557 0.8039052335618139 1.0 0.5306636746093034 0.6605266890807103
red 0.6394010060302276 0.5880473688545563 0.8036133973728085 1.0 0.5309535189051171 0.6563816698173217
poker 0.6399468959805845 0.5874178353172773 0.8022190741675791 1.0 0.5306734604993203 0.6522011323866038
will 0.6399468959805845 0.5874178353172773 0.8022190741675791 1.0 0.5306734604993203 0.6522011323866038
burn 0.6399468959805845 0.5874178353172773 0.8022190741675791 1.0 0.5306734604993203 0.6522011323866038
hold 0.6399468959805845 0.5874178353172773 0.8022190741675791 1.0 0.5306734604993203 0.6522011323866038
cut 0.6391545507953217 0.5864213102503023 0.8018909574537076 1.0 0.5292903259513029 0.6544390916381158
your 0.638927903339012 0.5870743284403697 0.8008538433277436 1.0 0.527296352401242 0.6530087869787418
finger 0.638927903339012 0.5870743284403697 0.8008538433277436 1.0 0.527296352401242 0.6530087869787418
deeply 0.638927903339012 0.5870743284403697 0.8008538433277436 1.0 0.527296352401242 0.6530087869787418
knife 0.638927903339012 0.5870743284403697 0.8008538433277436 1.0 0.527296352401242 0.6530087869787418
usually 0.6400604910355027 0.5883774893761652 0.7996435918817443 1.0 0.5283016411027617 0.6524626558004989
bleeds 0.6400604910355027 0.5883774893761652 0.7996435918817443 1.0 0.5283016411027617 0.6524626558004989
forgotten 0.6395068583250895 0.5886775217922623 0.7996771940900992 1.0 0.5302752604625298 0.6560541634202751
almost 0.6414073657670749 0.5868677451308907 0.8043812867122667 1.0 0.5335736953993371 0.6575999251391429
certain 0.6414073657670749 0.5868677451308907 0.8043812867122667 1.0 0.5335736953993371 0.6575999251391429
disagree 0.6414073657670749 0.5868677451308907 0.8043812867122667 1.0 0.5335736953993371 0.6575999251391429
sooner 0.6390832859436141 0.5862571645471787 0.8036416824403461 1.0 0.5300888087918689 0.6570151436480834
later 0.6390832859436141 0.5862571645471787 0.8036416824403461 1.0 0.5300888087918689 0.6570151436480834
ventured 0.6400096121054051 0.5853526863755945 0.8024684471447273 1.0 0.5305615840603516 0.6553227833166926
taste 0.6400096121054051 0.5853526863755945 0.8024684471447273 1.0 0.5305615840603516 0.6553227833166926
finding 0.6408802803344378 0.5863237230312132 0.801201717274337 1.0 0.5305581948563789 0.6558664812888535
fact 0.6402966666791855 0.5861358941986002 0.8035275072042427 1.0 0.5308002844415197 0.653995834505453
mixed 0.6402966666791855 0.5861358941986002 0.8035275072042427 1.0 0.5308002844415197 0.653995834505453
flavor 0.6402966666791855 0.5861358941986002 0.8035275072042427 1.0 0.5308002844415197 0.653995834505453
cherry 0.6402916009424685 0.5857750743774259 0.803554221638496 1.0 0.5308569610450752 0.6562079942624699
tart 0.6402916009424685 0.5857750743774259 0.803554221638496 1.0 0.5308569610450752 0.6562079942624699
custard 0.6395367203148176 0.5849033261841419 0.8037961396197214 1.0 0.5312377526369404 0.6556834332375658
pine 0.6395367203148176 0.5849033261841419 0.8037961396197214 1.0 0.5312377526369404 0.6556834332375658
apple 0.6395367203148176 0.5849033261841419 0.8037961396197214 1.0 0.5312377526369404 0.6556834332375658
roast 0.6395367203148176 0.5849033261841419 0.8037961396197214 1.0 0.5312377526369404 0.6556834332375658
turkey 0.6399689892587441 0.5870798700373348 0.8035023551662831 1.0 0.5302691780635227 0.6564933404286808
toffee 0.6399689892587441 0.5870798700373348 0.8035023551662831 1.0 0.5302691780635227 0.6564933404286808
buttered 0.6399689892587441 0.5870798700373348 0.8035023551662831 1.0 0.5302691780635227 0.6564933404286808
toast 0.6409206383308581 0.5864500838700589 0.8031003067262229 1.0 0.530703030356753 0.6553533433176574
finished 0.6405480179513623 0.5869283496592561 0.8019865021363796 1.0 0.5311924371610878 0.6557352922464291
curious 0.6395286581664582 0.5863819299428116 0.7998982582991131 1.0 0.5297327355957255 0.6564556455038517
feeling 0.6390420192141076 0.586332102135933 0.797607724386443 1.0 0.5307369146340926 0.6555499626289434
ten 0.6385508819513896 0.5855820358805843 0.798333825550595 1.0 0.5314739540991809 0.6525201447712149
face 0.6385508819513896 0.5855820358805843 0.798333825550595 1.0 0.5314739540991809 0.6525201447712149
brightened 0.6389479243808053 0.5847140145168565 0.7988634330897746 1.0 0.5295768080489245 0.6535063206367343
size 0.6390134023527156 0.5844137201306445 0.7982729270233742 1.0 0.531635176869608 0.6517683452928672
lovely 0.6411689257532587 0.5864958310453264 0.7988189824398755 1.0 0.5309729160495243 0.6534420093674554
waited 0.6396175787193029 0.5857296208211703 0.7992192480798012 1.0 0.5301947094585052 0.6512839248510426
minutes 0.637368641979815 0.5864368167466647 0.7992154107276477 1.0 0.5297446297884766 0.6530457813954337
shrink 0.6395131791086823 0.5859666135269761 0.7980319424021605 1.0 0.5309980615830883 0.6542158902367431
further 0.6395131791086823 0.5859666135269761 0.7980319424021605 1.0 0.5309980615830883 0.6542158902367431
nervous 0.6396172685179281 0.5874152892147841 0.797474165374404 1.0 0.5295711479484456 0.6540023852953558
altogether 0.6406181134123359 0.5870395772093234 0.803831330586053 1.0 0.5298008503237291 0.6571220567674099
candle 0.6396091231260268 0.5870941416395541 0.8008122849938777 1.0 0.5312772126305891 0.6552889843864753
flame 0.6401944922845958 0.5876072489316022 0.8018383588801343 1.0 0.5327201228227758 0.6546485634579535
blown 0.6402675966123407 0.5874570018741252 0.8013573265156781 1.0 0.5314807870230971 0.6565999043776426
thing 0.6412339644229383 0.5872421780254464 0.8010831492878803 1.0 0.5312655879451968 0.6556385238887061
while 0.6420957682544237 0.5880553955661676 0.8034468360402716 1.0 0.5311813036287055 0.6566975805904574
more 0.64174739285414 0.5872907940843423 0.79994016058366 1.0 0.5305548194935271 0.6564079588607652
decided 0.6416574351062618 0.5884499578405301 0.8017193761336291 1.0 0.532284420472207 0.6562679529436488
possibly 0.6430413619586072 0.5887701480372927 0.8016113638318617 1.0 0.5321216579464888 0.6566923438656167
reach 0.6412373621780441 0.5849092803351186 0.8009712950499395 1.0 0.5293194362739728 0.6529439293122818
plainly 0.6414314065370433 0.5883694430984029 0.8011082610220726 1.0 0.5319374519498141 0.6581967056751498
best 0.6417099379280691 0.5882035207665987 0.801696484246345 1.0 0.5307110372145784 0.6586615860314734
climb 0.6417099379280691 0.5882035207665987 0.801696484246345 1.0 0.5307110372145784 0.6586615860314734
legs 0.6432812479861144 0.5889402270067853 0.8013926924506792 1.0 0.5312818308188919 0.6592551715211232
slippery 0.642789533424739 0.5879854921802017 0.8020439859766523 1.0 0.5317602349324209 0.6576960639561837
sat 0.6397888441409788 0.5873153672983991 0.8011507270904875 1.0 0.5314087900833033 0.6554523988430344
cried 0.6420633389740859 0.5879446519017769 0.8027854027493159 1.0 0.5323978199434026 0.6569349654232962
crying 0.6422793473618201 0.5909971776614623 0.8035257214709486 1.0 0.5318575640643596 0.6593489100984831
sharply 0.6441506026129646 0.590333038528026 0.8032007185090444 1.0 0.5304357895655386 0.6585869157483385
advise 0.6441363688442533 0.5895730537988652 0.8021613128985882 1.0 0.5321817277007237 0.6591520575438771
leave 0.6441363688442533 0.5895730537988652 0.8021613128985882 1.0 0.5321817277007237 0.6591520575438771
minute 0.6431392427524739 0.5873569844466225 0.8023199983905259 1.0 0.5314888447444458 0.6589022826899356
generally 0.6414013015108957 0.587062228815677 0.8031082976786865 1.0 0.5317413818298143 0.6579559952466367
gave 0.6414013015108957 0.587062228815677 0.8031082976786865 1.0 0.5317413818298143 0.6579559952466367
advice 0.6414013015108957 0.587062228815677 0.8031082976786865 1.0 0.5317413818298143 0.6579559952466367
seldom 0.6426987438615575 0.5871332759002859 0.8010314640171294 1.0 0.5290406776794916 0.6534201836791123
followed 0.6426987438615575 0.5871332759002859 0.8010314640171294 1.0 0.5290406776794916 0.6534201836791123
scolded 0.6417125508240872 0.588801219540501 0.8020154273847226 1.0 0.5281117262708375 0.6546504759420926
severely 0.6434107173007866 0.585409867333821 0.8006406039928379 1.0 0.5277439233245512 0.6547638149049616
bring 0.6434107173007866 0.585409867333821 0.8006406039928379 1.0 0.5277439233245512 0.6547638149049616
tears 0.6425163405154846 0.5865030608879833 0.8020049110164175 1.0 0.526997514056502 0.6545854818384701
remembered 0.6416013089719116 0.5879681847104808 0.8002469320970821 1.0 0.5260349059176439 0.6552530224525043
box 0.6406000883569138 0.5852494804721713 0.7988280087141586 1.0 0.5266936943792294 0.6533857786304077
cheated 0.6417079596824528 0.5878166319325222 0.8029087940300504 1.0 0.5281359312152445 0.6552148431411499
game 0.641940820341862 0.5859892236819491 0.802239176035411 1.0 0.5292440708057314 0.6573708478966671
croquet 0.641940820341862 0.5859892236819491 0.802239176035411 1.0 0.5292440708057314 0.6573708478966671
playing 0.641940820341862 0.5859892236819491 0.802239176035411 1.0 0.5292440708057314 0.6573708478966671
against 0.641940820341862 0.5859892236819491 0.802239176035411 1.0 0.5292440708057314 0.6573708478966671
child 0.6428636874837695 0.586334658504923 0.8016394150037908 1.0 0.5301155622562138 0.6551275837447014
fond 0.6428636874837695 0.586334658504923 0.8016394150037908 1.0 0.5301155622562138 0.6551275837447014
pretending 0.6428636874837695 0.586334658504923 0.8016394150037908 1.0 0.5301155622562138 0.6551275837447014
two 0.6404256160964332 0.5842543109317847 0.801563154288151 1.0 0.5290969641577414 0.6528156774331807
pretend 0.6422565429167473 0.5826939016923884 0.80232122031089 1.0 0.5293359648406175 0.6515341906966606
hardly 0.642967306710839 0.585670952061285 0.7994613469950087 1.0 0.5281582381663082 0.6511308493446082
enough 0.642967306710839 0.585670952061285 0.7994613469950087 1.0 0.5281582381663082 0.6511308493446082
respectable 0.6428760484806092 0.5866992875829663 0.7992956154140577 1.0 0.5299944000800875 0.6490693301449105
person 0.6428760484806092 0.5866992875829663 0.7992956154140577 1.0 0.5299944000800875 0.6490693301449105
eye 0.6397579870142588 0.5824480331105638 0.7987003807422204 1.0 0.5272417062162691 0.6511643948564334
lying 0.6395973938237909 0.5825267739716294 0.7974069965039965 1.0 0.5273534526572967 0.6515157859990355
cake 0.6396074624929782 0.5799099158797416 0.7997258063678149 1.0 0.5244839181269226 0.64953173703334
currants 0.6409472355625594 0.5814559203891997 0.8004470895070394 1.0 0.5271984099866027 0.6490775451677895
makes 0.6416841108971497 0.5814354896251323 0.7997437020927726 1.0 0.5267355765029108 0.6499837124173119
grow 0.6414532117124592 0.5818704353391777 0.7995353270200424 1.0 0.5273734494880595 0.648149105406331
can 0.6412969034628447 0.5830749132834723 0.8008952991720779 1.0 0.5277061595670415 0.6485974850588752
smaller 0.6434849955081979 0.5827045285058852 0.7987378417623988 1.0 0.5282394441276863 0.6471073171972515
creep 0.6431783861331276 0.5851253212778331 0.8014650204684309 1.0 0.5289103743239816 0.6480037163220982
