word v0 v1 v2 v3 v4 v5
alice 0.3875481874122736 0.41531426319199544 0.96840091987111 1.0 0.7668472492394114 0.9478579918876234
was 0.38814245787825236 0.415893863357518 0.9688401406224918 1.0 0.7673927122228288 0.9488240592283376
beginning 0.38662558296203986 0.41274251943688683 0.9717483512257743 1.0 0.7650226245652181 0.9474905381610637
to 0.38804665520529175 0.41579766442913707 0.9689991415397706 1.0 0.7676017167294285 0.9482499390326103
get 0.3876380370729818 0.4154522081244579 0.969661266656294 1.0 0.7682494849244912 0.9497231267288636
very 0.38903133528495276 0.41552052809860024 0.9697710841675693 1.0 0.7670646349441838 0.94790259385232
tired 0.3864364620862604 0.4137237045290789 0.9693839576464075 1.0 0.7685663470257601 0.9463489502090274
of 0.38835281953846473 0.4159293734292156 0.9690871785559338 1.0 0.7681364520645887 0.9484277845785953
sitting 0.38655225107853003 0.41296372554394617 0.9683435947396247 1.0 0.7662447092461269 0.9445782019816253
by 0.3884759984156624 0.41547079381286545 0.9681267164030777 1.0 0.7675370215761683 0.9461089027136133
her 0.3882062227357112 0.4159208227642158 0.9697423090798166 1.0 0.7670676847462191 0.947638111110248
sister 0.38640637265695094 0.4140153781905455 0.971189388595925 1.0 0.7656039991238983 0.9451008919539868
on 0.38785986937539074 0.4161771361490375 0.9696796064507711 1.0 0.7680623872018463 0.9487336143946701
the 0.3883216691038424 0.4160997837039859 0.9689876052948592 1.0 0.7680271019194593 0.9486416514164837
bank 0.38907133213580153 0.4151657955864098 0.9715482822291941 1.0 0.7647645777174343 0.9433352693669298
and 0.3880018364200379 0.41589192788832474 0.9685081124459729 1.0 0.7673086747967076 0.9483255501992445
having 0.3870440958238664 0.415853638683107 0.9718798287359552 1.0 0.7685250282063405 0.9455707765414165
nothing 0.3877870720111553 0.41626432929423635 0.9692546239622203 1.0 0.7676456945758019 0.9476698770858152
do 0.38857734713771347 0.4168900950788554 0.9674100252245398 1.0 0.7662577786248777 0.9488051092082019
once 0.38709951800150527 0.4146546401697858 0.9724030947791318 1.0 0.7677754109502131 0.9479014901453642
or 0.38845283260145824 0.41492285424489256 0.9689786997774255 1.0 0.7658105109216623 0.9471112195996003
twice 0.3867728287556259 0.4138470256292366 0.9733584804507263 1.0 0.7642901809191539 0.943913058467048
she 0.3880978075998408 0.4161906113395153 0.9693237671361491 1.0 0.7678635158679059 0.9491579136947452
peeped 0.38626009165627306 0.4150699330715546 0.9740430359586839 1.0 0.7649615208408906 0.9456250243881995
into 0.38790909170330784 0.41649181025424814 0.96991918697813 1.0 0.7687950424597431 0.9478120047153286
book 0.38740199005523557 0.4153549312494061 0.9700114953817465 1.0 0.7652160971336684 0.9441849980053099
reading 0.3859419217391736 0.4135344167963196 0.9718734897155509 1.0 0.7659336848995622 0.9421987052140602
but 0.3881147104147097 0.41568790775944175 0.9693490751566088 1.0 0.7675185695994635 0.9494384889499675
it 0.3879204504881717 0.4156275556460378 0.9690189303083823 1.0 0.7677281509649891 0.9487180513393392
had 0.38845697669467333 0.41521753040762344 0.9687683298752425 1.0 0.7674269816257978 0.9493318871523349
no 0.3882934913710427 0.41578852418661755 0.9688641666131587 1.0 0.7676277995570325 0.9489868138811575
pictures 0.38696029295299766 0.41450766514918636 0.9689333885984722 1.0 0.7664841045127406 0.9456492704350727
conversations 0.38737046097381256 0.41329120763695276 0.9714416257753966 1.0 0.7670722242906578 0.9425393200379947
in 0.3881050989055923 0.4158645275995119 0.9692422253950558 1.0 0.767567360415701 0.9481568022925092
what 0.3892920349140929 0.4166845487934836 0.9692262620141633 1.0 0.7677605426881732 0.9484155126678396
s 0.3881885328949741 0.41644900741809243 0.9698347521850127 1.0 0.7682662877725633 0.9490909863646919
use 0.3874472969210196 0.4156895133959628 0.969869365258219 1.0 0.7681930724883733 0.9478416559411929
a 0.3882491706562987 0.4159441005526409 0.96831775842917 1.0 0.767251269737039 0.9476159776194132
thought 0.3876988377463002 0.4159245315711432 0.9696465849670387 1.0 0.7683177442227833 0.9491042219391844
without 0.3879563804498287 0.4141533245338412 0.9704984829018088 1.0 0.7661973752309228 0.9491723572939943
conversation 0.3870786647655735 0.41422054008596493 0.972769087142579 1.0 0.7673036629409862 0.952505165599658
so 0.38787417120461226 0.41571213703567816 0.9695155693937912 1.0 0.7679249917401937 0.9468623531563098
considering 0.38824335304645385 0.4151762368856048 0.9714517563404643 1.0 0.7687507240370629 0.9506569628777669
own 0.38811380179361804 0.4157499802113595 0.9706954119132191 1.0 0.7688492519025323 0.9479269524410786
mind 0.3886604528337134 0.41507719910373814 0.9711807992428059 1.0 0.7651047571861932 0.9466719935454364
as 0.3894074264951024 0.4170519147397064 0.9679510289156203 1.0 0.7674425651033496 0.9477738045173959
well 0.3879837796208297 0.41584387874292367 0.9675250943813973 1.0 0.7669207065860401 0.9461336737944674
could 0.3877722823285619 0.4162823508943087 0.969090729988042 1.0 0.7673921827073968 0.9502590574866321
for 0.38841921436199045 0.4162541646533307 0.9700727566953787 1.0 0.7685544476165728 0.9495905073774605
hot 0.3885549601642229 0.4147019985329937 0.9693629722548109 1.0 0.7676951577495232 0.9494408836719225
day 0.38874607503485764 0.4165406281983772 0.9738174000066747 1.0 0.7695087107109483 0.9507571578756099
made 0.38810418036599953 0.4151905031488836 0.9712171350570079 1.0 0.7692152277510584 0.950851626343509
feel 0.38954983804631405 0.4150838440944606 0.974976935500388 1.0 0.7690474965155051 0.9501888432136766
sleepy 0.38921035358783324 0.4161580866388365 0.9711391207311209 1.0 0.766779994949068 0.9475610945215465
stupid 0.38954983804631405 0.4150838440944606 0.974976935500388 1.0 0.7690474965155051 0.9501888432136766
whether 0.3898963724574613 0.4142206319685611 0.9709525430565508 1.0 0.7688300922775508 0.9503801477778421
pleasure 0.39067843722704615 0.41568688826762074 0.9728409072322818 1.0 0.7703351339679931 0.9513930938599239
making 0.39067843722704615 0.41568688826762074 0.9728409072322818 1.0 0.7703351339679931 0.9513930938599239
daisy 0.3919699356482972 0.41423363907729177 0.9699074534538596 1.0 0.7695717906729498 0.9506062093117132
chain 0.3919699356482972 0.41423363907729177 0.9699074534538596 1.0 0.7695717906729498 0.9506062093117132
would 0.3893830103431927 0.41613271940058505 0.9703533505036219 1.0 0.7688355497731817 0.9485842701547603
be 0.38802396562246866 0.41574472957624586 0.9692093397316968 1.0 0.7677511084552618 0.9477470550063916
worth 0.3919699356482972 0.41423363907729177 0.9699074534538596 1.0 0.7695717906729498 0.9506062093117132
trouble 0.3918747670001699 0.41475042333954903 0.9731066963444037 1.0 0.7652974021666257 0.9416444889890155
getting 0.38967347480457565 0.41539989226809193 0.9688927538671519 1.0 0.767246811355967 0.9433168887461584
up 0.3882737659591681 0.4155782209888338 0.9688762649296961 1.0 0.767257112237517 0.9494357112160747
picking 0.3918747670001699 0.41475042333954903 0.9731066963444037 1.0 0.7652974021666257 0.9416444889890155
daisies 0.3918747670001699 0.41475042333954903 0.9731066963444037 1.0 0.7652974021666257 0.9416444889890155
when 0.38708981658721425 0.4152941559017434 0.968366452291787 1.0 0.7664269197895709 0.9483808800562968
suddenly 0.38839485054582973 0.41536801072542334 0.9694579649790845 1.0 0.7687950092192802 0.9474208255165315
white 0.3876679637570368 0.4141551760866116 0.9674783105339732 1.0 0.7644522229210141 0.9441017401495689
rabbit 0.38755133070565456 0.4139719482017306 0.968918279316553 1.0 0.7661958647970668 0.9444521494964346
with 0.38863510460399303 0.4155473896066093 0.9697325524778969 1.0 0.7674500424902506 0.9459896524439878
pink 0.38745140975159387 0.4126764706170385 0.9679960929059317 1.0 0.7652982485994597 0.9390117386217206
eyes 0.3874375136469443 0.415183930401019 0.970954669267574 1.0 0.7683691199407847 0.944086565499251
ran 0.38765624082856165 0.413906218058094 0.9697045217377726 1.0 0.7653053541393238 0.9424005190799167
close 0.38600081741628994 0.4149065736805494 0.9668113827532686 1.0 0.7645103975548792 0.9425136430354402
there 0.38835894429911155 0.41654679437455194 0.9696033277155465 1.0 0.7672527715241017 0.9488790635442034
remarkable 0.3877830527928384 0.4140987914794951 0.9712516654837801 1.0 0.7651917342427856 0.9464436926795218
that 0.3885882842578868 0.4161215467180224 0.9695364907255541 1.0 0.7674684873942985 0.9486182621880497
nor 0.3877830527928384 0.4140987914794951 0.9712516654837801 1.0 0.7651917342427856 0.9464436926795218
did 0.38848858279637744 0.41575144026122374 0.9691025249855281 1.0 0.7667334860401889 0.9490672883240346
think 0.3892644975966531 0.41663169839447567 0.9684463627895424 1.0 0.7676654365456317 0.9479398149701165
much 0.38823771467526574 0.41569486710764475 0.9689925253532452 1.0 0.7662922889059628 0.9475877624006435
out 0.38768210556003213 0.41480640237257077 0.9697346745601093 1.0 0.768474231839796 0.9488917267880368
way 0.3874975193301973 0.4151563342948433 0.9686368717262428 1.0 0.7685494641277547 0.949330098578792
hear 0.3868399873179305 0.4137086801237515 0.9662793037601756 1.0 0.768407198666935 0.9469175187733716
say 0.38902582627054155 0.4155256050118795 0.9678200366714601 1.0 0.7684808344727175 0.9468957676246353
itself 0.38685956252265574 0.41295832061382226 0.9704549697004519 1.0 0.768926401736268 0.9469772327097139
oh 0.38969109858899326 0.4146691580236831 0.9686232893244409 1.0 0.7658382106075042 0.947757724241187
dear 0.38982516499560604 0.41474868478186927 0.9707346921751357 1.0 0.7685275121384837 0.9508045371457007
i 0.38889379024174475 0.4166374896940744 0.9685845983800374 1.0 0.7673340791936666 0.9473554935547409
shall 0.3891865667381714 0.41524493804760715 0.9677319962612022 1.0 0.7676361521010936 0.947892920590887
late 0.38760102518166073 0.41408102895108684 0.9682960352062544 1.0 0.7662183075241709 0.9454862138525365
over 0.38856865699610404 0.4148385834261407 0.966598008454163 1.0 0.7663543074572925 0.9451511190936878
afterwards 0.3884858622713181 0.4149122647029107 0.9706420913456877 1.0 0.7665013315685237 0.9422754405727294
occurred 0.3884858622713181 0.4149122647029107 0.9706420913456877 1.0 0.7665013315685237 0.9422754405727294
ought 0.3864322307819992 0.4125301407236401 0.9711627360837302 1.0 0.7643150540538096 0.9416718265968469
have 0.38838433085285673 0.41341411323617444 0.9686413687010845 1.0 0.7658698132451514 0.944475207077902
wondered 0.3864322307819992 0.4125301407236401 0.9711627360837302 1.0 0.7643150540538096 0.9416718265968469
at 0.3877985411902812 0.4155653999874506 0.9694706582560189 1.0 0.7680147530548407 0.9488793547866858
this 0.3888510964995344 0.41622058851256005 0.9693278614136703 1.0 0.7691730206671952 0.9492106838273527
time 0.3878455827945258 0.41583239905934033 0.9682007562772799 1.0 0.7670493471993521 0.947283943405433
all 0.3882363303583847 0.41542807475741184 0.9696066252362439 1.0 0.7681489735462151 0.9527036773199135
seemed 0.38859469528564927 0.41460167858790153 0.9703025758379754 1.0 0.7706756242861024 0.9496560394883483
quite 0.3880445972790433 0.41605936996051557 0.9740215959202788 1.0 0.7709814245853406 0.9549124968324068
natural 0.38971222990082344 0.41509109005717926 0.9736679516570752 1.0 0.7710928202774067 0.9519057311125306
actually 0.3874194325900879 0.4121177280046424 0.9685345621325487 1.0 0.7652207687368658 0.9467262680251256
took 0.3897062019957439 0.4147639353160926 0.9678574248023356 1.0 0.7667147153411359 0.9459318148684475
watch 0.3885159088285892 0.41343373011269874 0.9691547410597363 1.0 0.766270003011354 0.9445734161392942
its 0.38947495394649134 0.4122134660672764 0.9702640255021033 1.0 0.7659637212631037 0.9476300953571406
waistcoat 0.3885159088285892 0.41343373011269874 0.9691547410597363 1.0 0.766270003011354 0.9445734161392942
pocket 0.3872003432985532 0.41509232729994994 0.969292685471836 1.0 0.7679334194247058 0.9449081899325166
looked 0.38732231681275353 0.4159489051782196 0.9683814502120573 1.0 0.7684575466019768 0.9489556049344302
then 0.3883729357858609 0.41508824690649093 0.9697242301685388 1.0 0.7692389983360283 0.9481049428730417
hurried 0.38633785208181337 0.4130370094568953 0.9690103328752491 1.0 0.7661513416519826 0.9459148305488103
started 0.38766402632570973 0.41365554348075667 0.9689179562464705 1.0 0.7654898824068307 0.9502596501589406
feet 0.38830735620969375 0.4149437080786522 0.969344461849906 1.0 0.7666532071576534 0.9533657074533574
flashed 0.388903697161428 0.4133864813292677 0.9723802317923098 1.0 0.7620139808086187 0.943163923610159
across 0.388879633437647 0.4132431126330441 0.9717143441843298 1.0 0.7636750260512932 0.9427019424090651
she'd 0.388903697161428 0.4133864813292677 0.9723802317923098 1.0 0.7620139808086187 0.943163923610159
never 0.38954443962968544 0.41544567612348454 0.9704390338023821 1.0 0.7678222618368613 0.9482791281456122
before 0.38690312274430827 0.41487920219894137 0.9665499797315644 1.0 0.7658209885132236 0.946407723985866
seen 0.387462394363205 0.41511432868165304 0.9679353962198965 1.0 0.7667172957351972 0.9430391828436608
either 0.3883574437409249 0.4160551256473395 0.9678117123468362 1.0 0.7661632846160707 0.9468830130112033
take 0.3882113096509988 0.4134513838437141 0.9698774417355855 1.0 0.7653185056290216 0.9429005951396618
burning 0.3882113096509988 0.4134513838437141 0.9698774417355855 1.0 0.7653185056290216 0.9429005951396618
curiosity 0.38817322263909987 0.41347492854036255 0.970315030300232 1.0 0.7656761951210345 0.9446272642806454
field 0.3888557597002423 0.4131008758522014 0.9710537138496972 1.0 0.7653229571155713 0.9422436086124675
after 0.38825936749574336 0.41500177052819426 0.969082581442849 1.0 0.7682348013446517 0.946268749383906
fortunately 0.38853354065983847 0.41335575511368433 0.9721854497846534 1.0 0.7642686174900655 0.942086174912231
just 0.3868003312381819 0.41529798409800067 0.9675851440842799 1.0 0.765199820983258 0.9471933080084483
see 0.388715601435863 0.41594328546601805 0.9698512897648187 1.0 0.7685596786113801 0.949753979518032
pop 0.3882252260451767 0.4156849596009105 0.9720270377625011 1.0 0.7665202081659838 0.9441781285000196
down 0.3885263810809656 0.41613927169219644 0.9693089863635326 1.0 0.7677183275269717 0.9486504841896162
large 0.38704112857652134 0.4148683492955145 0.9685998853996585 1.0 0.7657669287667253 0.9479655983981704
hole 0.3874699554672417 0.4144560928427668 0.9693051027138972 1.0 0.7678257600944216 0.9460460614155421
under 0.3853889697459488 0.41692996645684666 0.969573776746234 1.0 0.7701729672858166 0.9476007139293183
hedge 0.3881586099582777 0.4147868021758033 0.9705053631723614 1.0 0.7673274999533405 0.9436428418988326
another 0.388007032050692 0.4159568824016074 0.9703542883926615 1.0 0.7667823851389811 0.9508643749135481
moment 0.3881445756236212 0.41546736576764925 0.9688722280861302 1.0 0.7655102716808335 0.9487369986648531
went 0.3879233868333904 0.41579257913750434 0.9693062595603906 1.0 0.7684923825566086 0.9488494523500548
how 0.38869932028822135 0.41572313357764495 0.9677871857767972 1.0 0.7671284989601233 0.9474795058791928
world 0.3882922542463965 0.41439878094334504 0.9714163636876336 1.0 0.7697801086465734 0.9496265905021223
again 0.38879929026320065 0.4166030817358936 0.9681502716264578 1.0 0.7691574401389367 0.9505484602864323
straight 0.38779578444041646 0.4142452610368623 0.9724286445278961 1.0 0.7720173802936611 0.9478536840614151
like 0.38807711316710974 0.41595815382612034 0.968822075917354 1.0 0.766697334123022 0.9458969974808288
tunnel 0.38779578444041646 0.4142452610368623 0.9724286445278961 1.0 0.7720173802936611 0.9478536840614151
some 0.38798899993708075 0.4137901990541776 0.9716118089651655 1.0 0.7739014684680713 0.9457401564753577
dipped 0.38798899993708075 0.4137901990541776 0.9716118089651655 1.0 0.7739014684680713 0.9457401564753577
not 0.38879236379088533 0.4163472572840852 0.968949980326936 1.0 0.7663064401473318 0.9486241112994156
about 0.38786419836513186 0.4158988830166365 0.9685128952589172 1.0 0.7685263234821308 0.9483929915104511
stopping 0.38815937135650563 0.414514473889812 0.9668287140412242 1.0 0.7659992455279501 0.9426481622225859
herself 0.38719881707557063 0.4160389822436857 0.9692808776505695 1.0 0.7681106259222018 0.9473256645569743
found 0.3876505928305836 0.41612637429315213 0.9685167980126065 1.0 0.766945913965032 0.947894518547795
falling 0.3893428502406174 0.41652109488441447 0.9662016666734793 1.0 0.7642601336308578 0.9424480138983095
deep 0.387439411162834 0.4139963288841467 0.9681142715844323 1.0 0.7655769912999115 0.9410651155955224
fell 0.38904037538633607 0.41699179875869063 0.9687242805377758 1.0 0.7691127154735863 0.9456258349197373
slowly 0.38762698401695356 0.4146825071107336 0.9679449232757735 1.0 0.7660702175562858 0.948074314178849
plenty 0.3887898678171304 0.41706113280400653 0.9692456988418389 1.0 0.7691307152562719 0.9497248254084306
look 0.387867958519712 0.4147712548061406 0.9698796297009112 1.0 0.767016732984563 0.9501637421529863
wonder 0.38997731022086635 0.4175682370897995 0.9688062893777637 1.0 0.7673867999571713 0.9476118478860832
going 0.38810426226503625 0.4157586934032804 0.9707181214534729 1.0 0.7683244451154974 0.9486742113467268
happen 0.3888418147071018 0.4156672760924796 0.970979042018297 1.0 0.7692105662609987 0.9496324015077714
next 0.3888418147071018 0.4156672760924796 0.970979042018297 1.0 0.7692105662609987 0.9496324015077714
first 0.3873628169335656 0.41470403261535077 0.9688756417419232 1.0 0.7684639957926896 0.9492978622048508
tried 0.3874704227136457 0.41578282782512865 0.9675206726142375 1.0 0.7674518886056445 0.9483882917585228
make 0.3864149663432504 0.41797565638376544 0.9725666856457293 1.0 0.7702378783054915 0.9515788885743615
coming 0.3877940461132659 0.4156038336189692 0.9718465271662281 1.0 0.7688629596300396 0.9537365592302229
too 0.3874949198262124 0.4160929726648536 0.9675756513638009 1.0 0.7665123426377821 0.9506271713908409
dark 0.38737932698615307 0.4147698767698533 0.9701856583333152 1.0 0.7692325138701691 0.9528884555029743
anything 0.38880774029384013 0.41677586679089934 0.9712490744135295 1.0 0.7707399909868525 0.9482376398885384
sides 0.3874495927354728 0.4165091918968013 0.9647889915496793 1.0 0.7703388903726379 0.9445077131932008
noticed 0.3867189779689239 0.4165542722787095 0.9679190312151528 1.0 0.7647377572548204 0.9460706741471228
they 0.38918186110536046 0.41690874165801617 0.9691192931699941 1.0 0.7689326499877804 0.9483965968248668
were 0.3885058019704809 0.41658265743910416 0.9697570261454956 1.0 0.767527276582653 0.9502385777559602
filled 0.38921678632704626 0.417438121214955 0.9699479545871756 1.0 0.7663630607475183 0.941016177702516
cupboards 0.39013434278688436 0.41844525357385454 0.9691457778071829 1.0 0.7688727052761172 0.94305528292359
shelves 0.38853353762993337 0.4170598036468132 0.9692339506947445 1.0 0.7672212984807167 0.9425512251126126
here 0.3879020640815919 0.4168029831699627 0.9676664946702379 1.0 0.7667420059066866 0.9471008530276189
saw 0.38861164812942367 0.4158967412971255 0.9688555250613895 1.0 0.7677015455727286 0.9475239924888055
maps 0.38832137668066674 0.41708426563446926 0.9693576992906567 1.0 0.7670068519877621 0.9439709859538232
hung 0.38785856118123235 0.41576290423110185 0.9621989064544079 1.0 0.7662205991702491 0.9422941941197968
upon 0.3876626347518412 0.4156433119219502 0.9638432522965596 1.0 0.7668313015844701 0.9467828263184916
pegs 0.38785856118123235 0.41576290423110185 0.9621989064544079 1.0 0.7662205991702491 0.9422941941197968
jar 0.3911506118841502 0.4174520993260177 0.969364615163258 1.0 0.7678193343842724 0.9441327475089015
from 0.39027751466464594 0.41674528642198155 0.9711089562986024 1.0 0.7674465145952928 0.9511900057453047
one 0.38799640658710316 0.4170798412106826 0.9690922903626774 1.0 0.7684233638450025 0.9502427218998534
passed 0.3903058075769521 0.4187545490795711 0.9710422189902804 1.0 0.7695426952992848 0.9462816197760093
labled 0.38946302233750485 0.4184349555596992 0.9676712400549566 1.0 0.7675900182209533 0.9432518269862978
orange 0.38946302233750485 0.4184349555596992 0.9676712400549566 1.0 0.7675900182209533 0.9432518269862978
marmalade 0.38946302233750485 0.4184349555596992 0.9676712400549566 1.0 0.7675900182209533 0.9432518269862978
great 0.38865877286208783 0.41603032058231737 0.9674506462009599 1.0 0.7665544751488157 0.94417750174473
disappointment 0.3895873474491868 0.41566717703797185 0.9673067808828536 1.0 0.7675480630388686 0.9440881721478839
empty 0.38938558835683806 0.4163167141358395 0.9697159463032445 1.0 0.7670460118443222 0.943022898075312
drop 0.39029546708827634 0.41747856280032813 0.9715513997274537 1.0 0.7674215436262231 0.9431334661027855
fear 0.39029546708827634 0.41747856280032813 0.9715513997274537 1.0 0.7674215436262231 0.9431334661027855
killing 0.39029546708827634 0.41747856280032813 0.9715513997274537 1.0 0.7674215436262231 0.9431334661027855
somebody 0.388276669650797 0.41490605567965 0.965133177956128 1.0 0.7662079134258316 0.9422371522667286
managed 0.388276669650797 0.41490605567965 0.965133177956128 1.0 0.7662079134258316 0.9422371522667286
put 0.3889197993874387 0.4161604682042371 0.9695909907947639 1.0 0.7658977369930128 0.9489327305752404
past 0.39105348047263994 0.41945412152490336 0.9683422186351844 1.0 0.7713866746775128 0.9450979021366255
such 0.3883979999927441 0.41661183863933243 0.9671412768438691 1.0 0.7667158135130746 0.9455453790887615
fall 0.3885359272027637 0.41614919373958265 0.9675632227021659 1.0 0.7678845233412871 0.9478866980054451
tumbling 0.38968517645467327 0.4189064264586478 0.9674211466959499 1.0 0.772029019900525 0.949498216101079
stairs 0.38968517645467327 0.4189064264586478 0.9674211466959499 1.0 0.772029019900525 0.949498216101079
brave 0.3909182992000585 0.41941177523677825 0.9712339479113057 1.0 0.7710436481471729 0.9478621172010396
ll 0.38871169391222143 0.4169515777855801 0.9679931498546563 1.0 0.7676551823059161 0.9487545185894225
me 0.38855588549292897 0.4177501633602761 0.9694604684565078 1.0 0.768567387169954 0.9491091439589004
home 0.39073468407606826 0.41775802937764184 0.9701104916429665 1.0 0.7677512534827001 0.9477072188452047
why 0.38790087429728426 0.41797757981516176 0.9716070361496107 1.0 0.7694875759281068 0.950268003736214
n't 0.3890998780447258 0.4173299705954254 0.9704676574751624 1.0 0.7665116170710846 0.9500594540640404
even 0.3888300696176818 0.4161613623035502 0.9695380331861959 1.0 0.7689175615062446 0.9493678129001534
if 0.38870231661084526 0.41575392409118794 0.9693700761787079 1.0 0.7679368562888061 0.9486766038955007
off 0.38874639055669 0.4161489220529778 0.9689880246148014 1.0 0.7690475421496555 0.949846436862388
top 0.3901397467182876 0.4168481962701715 0.9680596935362857 1.0 0.7704922914022642 0.9445807855735147
house 0.3901397467182876 0.4168481962701715 0.9680596935362857 1.0 0.7704922914022642 0.9445807855735147
which 0.3880724814945341 0.4173731393066613 0.9688334846853391 1.0 0.7681126785051124 0.9485798025128276
likely 0.3891749262628142 0.41620744959156497 0.969712973357636 1.0 0.7707131991756028 0.9496094596023664
true 0.3891749262628142 0.41620744959156497 0.969712973357636 1.0 0.7707131991756028 0.9496094596023664
come 0.3882116400615311 0.4166790553058073 0.9696276512724927 1.0 0.7697068068882046 0.9475123360078778
an 0.3900806418088562 0.4176867105920101 0.9680796617954235 1.0 0.7657215750840783 0.9473196574674896
end 0.38843166184965255 0.41537229270423115 0.9668555537005125 1.0 0.7671688666258044 0.945001608880791
many 0.38942330331403674 0.41566486192309154 0.9667801101700381 1.0 0.7684906404049149 0.9465972587908594
miles 0.39028564203029575 0.41690458479844617 0.9675727998080752 1.0 0.7687261602268274 0.9440132823304527
ve 0.38931287158361394 0.415752578722011 0.9664058799429978 1.0 0.7676841196491849 0.9452746762790432
fallen 0.39020839566008086 0.4168755531573911 0.9670070137085308 1.0 0.7694710680991771 0.9427374755019488
said 0.3872099982313587 0.41585326304643494 0.9692045951185915 1.0 0.7686334229991489 0.9468524732507583
aloud 0.3892052253893723 0.41869217704671025 0.9674525347784322 1.0 0.7693439673336789 0.940199455234684
must 0.3887383522109913 0.41700074177554086 0.9696133565590859 1.0 0.7684789100536551 0.9437977372645574
somewhere 0.3899259669426607 0.41570663114645656 0.9675826988448916 1.0 0.7683736938100041 0.9462248764039695
near 0.38972407173570633 0.4162455749032913 0.9682789775504714 1.0 0.7692611599322158 0.9417725610051948
centre 0.38972407173570633 0.4162455749032913 0.9682789775504714 1.0 0.7692611599322158 0.9417725610051948
earth 0.3895447871416412 0.4185788863142659 0.9690855761815116 1.0 0.7716501266934713 0.9497685736453244
let 0.3909264912113008 0.41957307088548496 0.9691670807845497 1.0 0.7712708247483454 0.9482183869035609
four 0.39036307842044227 0.41693368785503104 0.9681399776964585 1.0 0.7679794199403138 0.9452922275423595
thousand 0.39036307842044227 0.41693368785503104 0.9681399776964585 1.0 0.7679794199403138 0.9452922275423595
you 0.38965155826773945 0.4167448077830179 0.9680186675598647 1.0 0.7666082888031134 0.9484438163590367
learnt 0.3889433125722093 0.41630883086871057 0.9685017925009466 1.0 0.7686155101478519 0.9453337833887663
several 0.389960396294137 0.4159142767252475 0.9698262826302738 1.0 0.7687998493741286 0.9478121629926753
things 0.3894982620226248 0.4151406979766971 0.9693248967060749 1.0 0.7691216660940892 0.9506663302909584
sort 0.38868746769115825 0.4166273255333181 0.9685444684217825 1.0 0.7676976952128806 0.9481047377510519
lessons 0.39060329961683127 0.4177611206063965 0.9705148795344879 1.0 0.7680312457711479 0.9470738892833243
schoolroom 0.39055070758120314 0.4174026715816468 0.9705133062726614 1.0 0.7707403173449278 0.94878435026049
though 0.3894098228201977 0.4162937058153402 0.9696173367829203 1.0 0.7688989657075078 0.949614159172467
good 0.39137026996540675 0.4176579771398919 0.9685922493955805 1.0 0.7680411537091982 0.9490247978577595
opportunity 0.39515835869136173 0.4212083043805667 0.9727976033216778 1.0 0.7690874495122499 0.9519276464108399
showing 0.3922790179978954 0.41774408174056205 0.9687525851980021 1.0 0.7666974431777094 0.9458424809570337
knowledge 0.3922790179978954 0.41774408174056205 0.9687525851980021 1.0 0.7666974431777094 0.9458424809570337
listen 0.3906854835767448 0.4187103450344666 0.9679708969427521 1.0 0.7652138804149684 0.9442454123560474
still 0.3887677037631675 0.41716957250003983 0.966507868424468 1.0 0.7647164882381661 0.94518331098723
practice 0.3908081740586615 0.41577099770359294 0.9633735720081273 1.0 0.7673455466178501 0.9458970827939721
yes 0.38898768398640493 0.41796159909883196 0.9669798724822665 1.0 0.7681154053367059 0.9484708744282281
right 0.3884445082552894 0.41716237221993996 0.9693604388843967 1.0 0.7683792299922774 0.951245318103426
distance 0.38898768398640493 0.41796159909883196 0.9669798724822665 1.0 0.7681154053367059 0.9484708744282281
latitude 0.3920310398511007 0.4152326979670929 0.9680708180039279 1.0 0.7692144230302909 0.948320371565239
longitude 0.3897719841732497 0.4163064145339229 0.9693747641262138 1.0 0.7670446451593379 0.9517128295616485
got 0.38805747529467766 0.4155652688507006 0.9668644022235904 1.0 0.7665513347497315 0.9487682596410262
idea 0.3920921841997686 0.414239220667237 0.9692859091952563 1.0 0.7707108172459188 0.9494185056054224
nice 0.3901590373015282 0.41553394637969004 0.9694800387471707 1.0 0.7696584958454142 0.9482970365576218
grand 0.39038170205467043 0.4160322308990427 0.9690521534776858 1.0 0.7719412011149851 0.9479701217685869
words 0.38866996102140017 0.4171143782342151 0.9694531337349117 1.0 0.7714881343924348 0.9468655249773869
presently 0.39110650514891937 0.41896502327926677 0.9695681797582373 1.0 0.7707300421134734 0.9507034713026794
began 0.3897438772728051 0.4176574373455024 0.9676018641233027 1.0 0.7671965868699764 0.9485253427382018
through 0.38800886031745035 0.4165824509068583 0.9690157238797251 1.0 0.7691542883565274 0.9512287096050489
funny 0.38982582521289316 0.4163915831815729 0.9689078438060071 1.0 0.7708984144525938 0.950085254364049
seem 0.38982582521289316 0.4163915831815729 0.9689078438060071 1.0 0.7708984144525938 0.950085254364049
among 0.38805548060220035 0.41570479154603357 0.9701977417486973 1.0 0.7691990156340475 0.9525898089171975
people 0.38741753022425535 0.4160177483306787 0.97110812420648 1.0 0.7694620566814994 0.9510772412153083
walk 0.3888915900532725 0.41774518823915735 0.9699066891754676 1.0 0.7711129785302676 0.9509275193293254
their 0.3901158702265744 0.4166580857147152 0.9701218620707255 1.0 0.7701164855174745 0.9497562836800431
heads 0.39048363101306666 0.41716897934402347 0.9714700282093363 1.0 0.7717603413649566 0.9510437546952171
downward 0.39048363101306666 0.41716897934402347 0.9714700282093363 1.0 0.7717603413649566 0.9510437546952171
antipathies 0.39048363101306666 0.41716897934402347 0.9714700282093363 1.0 0.7717603413649566 0.9510437546952171
rather 0.38785432121490104 0.41611424047182893 0.9691490424795577 1.0 0.76635874542938 0.9467237579767691
glad 0.39010779156757325 0.41510804214707053 0.9693802163849895 1.0 0.7654992869509825 0.9436803249388914
listening 0.388927767246447 0.4151953309214282 0.9692230934560268 1.0 0.767853508455692 0.9528726329665491
sound 0.3894163414408871 0.41618820975100507 0.9705168058333604 1.0 0.7636373745947852 0.9544104569167406
word 0.3894163414408871 0.41618820975100507 0.9705168058333604 1.0 0.7636373745947852 0.9544104569167406
ask 0.38993240557464076 0.4162833378975964 0.9673325868741037 1.0 0.7683667391171212 0.9521925506604315
them 0.38941519574308986 0.4149881836095378 0.967671050209917 1.0 0.7666287577568576 0.9474116606649049
name 0.3933500371638868 0.42047996897101236 0.9667461443838653 1.0 0.7666895411919856 0.9442783029527074
country 0.3933500371638868 0.42047996897101236 0.9667461443838653 1.0 0.7666895411919856 0.9442783029527074
is 0.38962810393843195 0.4172170578839672 0.9662932091992518 1.0 0.7685801359407651 0.9457840044048325
know 0.38969483265411303 0.41791607158536903 0.9685257829788317 1.0 0.7660289290701738 0.9461390118703039
please 0.3909516527588122 0.4179361030000224 0.9661859303774442 1.0 0.7672083312858554 0.9430009820973141
ma'am 0.3909516527588122 0.4179361030000224 0.9661859303774442 1.0 0.7672083312858554 0.9430009820973141
new 0.39169766283084956 0.4186925383214346 0.9662884516077959 1.0 0.764325594499953 0.9457663685796035
zeland 0.39169766283084956 0.4186925383214346 0.9662884516077959 1.0 0.764325594499953 0.9457663685796035
australia 0.39169766283084956 0.4186925383214346 0.9662884516077959 1.0 0.764325594499953 0.9457663685796035
curtsey 0.39135240707217533 0.4177017960863278 0.961497026594691 1.0 0.7622385816319971 0.942768485714477
spoke 0.38868849375278297 0.41776312853491665 0.9620052047680643 1.0 0.7646593490531441 0.9444178900330851
fancy 0.3871898303380346 0.4174353862423185 0.965232542876341 1.0 0.7674521714199521 0.9469462832949963
curtseying 0.38868849375278297 0.41776312853491665 0.9620052047680643 1.0 0.7646593490531441 0.9444178900330851
re 0.3910946498592974 0.41812500265276387 0.9631768465257049 1.0 0.7629786145659383 0.9468080869383255
air 0.3917058512727796 0.41892380881482044 0.9670881524122641 1.0 0.7656718326060908 0.9482394607884752
manage 0.38710466177381236 0.417256385774007 0.9639648097205914 1.0 0.7664932372876416 0.945420662039019
ignorant 0.3900937538416575 0.41839724885127183 0.9660298309786629 1.0 0.7631173036376583 0.9474378898195203
little 0.3882820231330347 0.41620755778465146 0.9690582097154827 1.0 0.7677026467314755 0.9489599021754841
girl 0.3900937538416575 0.41839724885127183 0.9660298309786629 1.0 0.7631173036376583 0.9474378898195203
asking 0.3902168976321254 0.41773340752645366 0.9666688741964016 1.0 0.7687413325195075 0.9531240250762222
perhaps 0.3901281512787107 0.41516691558169566 0.9668854230159258 1.0 0.7674849567696704 0.9506835678526963
written 0.3901281512787107 0.41516691558169566 0.9668854230159258 1.0 0.7674849567696704 0.9506835678526963
else 0.3864635528057847 0.4157341228508735 0.9655924506291143 1.0 0.7667656746197076 0.9478199733355553
soon 0.3876268513971401 0.4158318615211645 0.968720115174626 1.0 0.7677686143739918 0.9483421142816955
talking 0.3892537744180631 0.41677341975330623 0.9659437496256627 1.0 0.7663470048046982 0.94993535383341
dinah 0.38933845726352007 0.4171740794929607 0.9663089550877705 1.0 0.7657579202132251 0.9474235925226733
miss 0.39134035054866123 0.41746574232806527 0.9654027407521264 1.0 0.7663905074218567 0.9442775847812303
night 0.3903375596445053 0.4209672469842536 0.97191336870771 1.0 0.7665229552354242 0.9480815410080217
should 0.38869981507843626 0.41894728846218005 0.9705305594827542 1.0 0.7666748768787836 0.9485258349105735
cat 0.3893498487533031 0.41715392708853355 0.96641857917019 1.0 0.7653519333736534 0.9461747459694562
hope 0.38715908022283496 0.4171923411123402 0.9627545166956935 1.0 0.7669869685021259 0.9479866817553534
remember 0.3881727507515912 0.41666109810814705 0.9689507649387018 1.0 0.7699749237105552 0.9477407206503057
saucer 0.38715908022283496 0.4171923411123402 0.9627545166956935 1.0 0.7669869685021259 0.9479866817553534
milk 0.3877857918304608 0.4172542745019069 0.9668612496547605 1.0 0.7686712611977339 0.9489406413234736
tea 0.3877857918304608 0.4172542745019069 0.9668612496547605 1.0 0.7686712611977339 0.9489406413234736
my 0.3887114154237271 0.4161416722932677 0.9684428776471834 1.0 0.7662269554431012 0.9475235087123052
wish 0.38963249368979785 0.41603842576461136 0.9675812296084421 1.0 0.7637408421433651 0.947996014749769
are 0.3884036340450178 0.4180647360853382 0.9703419735594927 1.0 0.7681111695029336 0.9525515763262999
mice 0.39231501933305873 0.4197199574976363 0.9709864461130249 1.0 0.7683560908117151 0.949666072724567
m 0.39231501933305873 0.4197199574976363 0.9709864461130249 1.0 0.7683560908117151 0.949666072724567
afraid 0.39231501933305873 0.4197199574976363 0.9709864461130249 1.0 0.7683560908117151 0.949666072724567
might 0.38806983738364714 0.4166736788247592 0.9683571534101701 1.0 0.768373125011162 0.9504344745137433
catch 0.39215175600367685 0.4198474040674837 0.9695862090803381 1.0 0.7662765681811197 0.9483085511181294
bat 0.3907389461298395 0.41881133428864764 0.9676082750153584 1.0 0.7652787503244618 0.9494376074670536
mouse 0.39038922343491544 0.4171767086500784 0.9674851412315101 1.0 0.765007873117074 0.9488260097152796
cats 0.3890427622637762 0.41774590745719037 0.9675776771385409 1.0 0.7663406666162327 0.9486351665446608
eat 0.38885305873922743 0.41796637361149835 0.9688558041497723 1.0 0.7672311626975298 0.9491540931712926
bats 0.3889159006697711 0.41810238011763307 0.9670549427308115 1.0 0.7661209521653726 0.9485189708468948
saying 0.3879845612118454 0.4168443439273056 0.9663098425701558 1.0 0.7667261621973088 0.9467992854727725
dreamy 0.3874079235285201 0.4173782918995024 0.9667765051440071 1.0 0.7692809014729446 0.9477788309438321
sometimes 0.38826086825149153 0.41806927343280925 0.9697895924245534 1.0 0.766667369762654 0.9491596811756043
couldn't 0.3891515982937934 0.41699800571009593 0.9672739651564125 1.0 0.7678753857309581 0.9492140610678002
answer 0.3891515982937934 0.41699800571009593 0.9672739651564125 1.0 0.7678753857309581 0.9492140610678002
question 0.3891515982937934 0.41699800571009593 0.9672739651564125 1.0 0.7678753857309581 0.9492140610678002
matter 0.38876432790987386 0.4177249484671893 0.9703933996791199 1.0 0.7660169323621767 0.9519797495574571
felt 0.38786992614656063 0.41764693297594857 0.9714099790157955 1.0 0.7690632942228878 0.9530679587728654
dozing 0.38710619248674377 0.41740732086508175 0.9690429969572532 1.0 0.7690091234778353 0.9554290759794574
begun 0.3880358032481211 0.41567358421096856 0.966631548487115 1.0 0.7661515187814648 0.9513771944364353
dream 0.388369205848792 0.41770082785231116 0.9669476767378713 1.0 0.7644959573726401 0.9508822272049492
walking 0.388369205848792 0.41770082785231116 0.9669476767378713 1.0 0.7644959573726401 0.9508822272049492
hand 0.38846489555615893 0.4170055927161369 0.9663954392889491 1.0 0.7643351810388078 0.9483503202187105
earnestly 0.39053074824321626 0.41693904292476386 0.9654903768320562 1.0 0.7614994326982636 0.9475334107125992
now 0.38775951828087885 0.4166340571817548 0.9701195155445649 1.0 0.7690174982279053 0.9495453464412922
tell 0.387944226649332 0.41714687717929144 0.9650854694991633 1.0 0.7650760750744753 0.9484289684991453
truth 0.387944226649332 0.41714687717929144 0.9650854694991633 1.0 0.7650760750744753 0.9484289684991453
ever 0.3873063906637883 0.41619733170105827 0.9666761978504227 1.0 0.7682601885734619 0.9493413446945858
thump 0.3875216002595695 0.41593105419268034 0.965010777597715 1.0 0.7659645092282634 0.9503934244733747
came 0.3881089459257124 0.4157886492501332 0.9656585195988534 1.0 0.7667440163126635 0.9494060881592292
heap 0.38580014469804663 0.4162061059378957 0.9610556320729308 1.0 0.7671242285372045 0.9472188017350098
sticks 0.38580014469804663 0.4162061059378957 0.9610556320729308 1.0 0.7671242285372045 0.9472188017350098
dry 0.38580014469804663 0.4162061059378957 0.9610556320729308 1.0 0.7671242285372045 0.9472188017350098
leaves 0.38580014469804663 0.4162061059378957 0.9610556320729308 1.0 0.7671242285372045 0.9472188017350098
bit 0.3889226982827047 0.4168112120444018 0.9683819760170285 1.0 0.7663540216821537 0.9510570075971644
hurt 0.3889226982827047 0.4168112120444018 0.9683819760170285 1.0 0.7663540216821537 0.9510570075971644
jumped 0.3889226982827047 0.4168112120444018 0.9683819760170285 1.0 0.7663540216821537 0.9510570075971644
overhead 0.3862052124214348 0.4159483591388427 0.9698870266287251 1.0 0.7683248611229334 0.9541965447668783
long 0.388874447302997 0.4163262012540908 0.9669259851328201 1.0 0.7640903936588449 0.9486650133833994
passage 0.3875421222002218 0.41491918778599457 0.9661753889031488 1.0 0.7642028368049484 0.9476128130217061
sight 0.3868487852455071 0.4156278851139895 0.9650439712159747 1.0 0.7642188007289703 0.9461217665066401
hurrying 0.3868487852455071 0.4156278851139895 0.9650439712159747 1.0 0.7642188007289703 0.9461217665066401
lost 0.3863898195773841 0.41482946262473774 0.9624814060566728 1.0 0.7637264995593858 0.9438022181238273
away 0.3863898195773841 0.41482946262473774 0.9624814060566728 1.0 0.7637264995593858 0.9438022181238273
wind 0.38475910811981007 0.4151377277073436 0.9615224420630609 1.0 0.7623300724781364 0.9440875577073504
turned 0.3858351137583834 0.41497390336681306 0.9632907669695799 1.0 0.7659812974322489 0.9458562836484066
corner 0.3858351137583834 0.41497390336681306 0.9632907669695799 1.0 0.7659812974322489 0.9458562836484066
ears 0.3876069984368419 0.41668346546180607 0.9697775676043883 1.0 0.7676305488067733 0.9484969308193065
whiskers 0.3889856775428515 0.41794011066548 0.9647172198153585 1.0 0.7658746549570796 0.947512217817711
it's 0.3861113566363792 0.41590483475547785 0.9684565051114286 1.0 0.7687371783405489 0.949762706136416
behind 0.38575216214051944 0.41520021009194136 0.9648842423341365 1.0 0.7649806265175385 0.9490341598509591
longer 0.38588095608181294 0.4152297516603327 0.9650159719041924 1.0 0.7637609380507565 0.944135716502091
low 0.3867849607166692 0.4154827479316289 0.9642603219128685 1.0 0.7649870182545049 0.9476461703320246
hall 0.3874846157028266 0.4149375865256836 0.9679270762165787 1.0 0.7670258483161839 0.9531941100324459
lit 0.3858043622487879 0.4166451594506262 0.9659657217188996 1.0 0.7653748291907816 0.9481401276314414
row 0.3858043622487879 0.4166451594506262 0.9659657217188996 1.0 0.7653748291907816 0.9481401276314414
lamps 0.3858043622487879 0.4166451594506262 0.9659657217188996 1.0 0.7653748291907816 0.9481401276314414
hanging 0.3858043622487879 0.4166451594506262 0.9659657217188996 1.0 0.7653748291907816 0.9481401276314414
roof 0.38914307328238806 0.41607389544471934 0.9727005969162305 1.0 0.7677664768754627 0.9582391467203453
doors 0.38784703560379885 0.415191196041103 0.969011454471556 1.0 0.766147278060523 0.9561279811256802
around 0.3881163533601776 0.4155030348040342 0.9705855348911291 1.0 0.7704903888648156 0.9584263364573683
locked 0.38586821625825946 0.41554708201705864 0.9668957979726078 1.0 0.7657703221274004 0.9542819215295069
been 0.38723457284996454 0.41425566358896393 0.9656953941018888 1.0 0.7669310514537782 0.9553825959414026
side 0.38723457284996454 0.41425566358896393 0.9656953941018888 1.0 0.7669310514537782 0.9553825959414026
other 0.387917622639599 0.41447252135299517 0.9675590109278156 1.0 0.770642752276327 0.9526513296352813
trying 0.38639045752818085 0.4143123089524679 0.9686438708560888 1.0 0.7695954246699588 0.9488683175507946
every 0.38504350695389306 0.4137058300984264 0.9641059531544739 1.0 0.7683642292405974 0.9527745228165072
door 0.38763126007532267 0.41613134087448944 0.9672726877897138 1.0 0.7678108827361636 0.9498783964660911
walked 0.38692136679818334 0.4147683905008064 0.9665679173092838 1.0 0.7650853230551611 0.9527482531303866
sadly 0.38692136679818334 0.4147683905008064 0.9665679173092838 1.0 0.7650853230551611 0.9527482531303866
middle 0.38692136679818334 0.4147683905008064 0.9665679173092838 1.0 0.7650853230551611 0.9527482531303866
wondering 0.38519716083936856 0.4153648955707832 0.9634558062013491 1.0 0.7689035512244193 0.951795390470428
three 0.38675775714535665 0.4172559999907305 0.9682888338124521 1.0 0.7664078151378321 0.9489071228200682
legged 0.38675775714535665 0.4172559999907305 0.9682888338124521 1.0 0.7664078151378321 0.9489071228200682
table 0.3869799825234338 0.41699605123970207 0.9707059809219725 1.0 0.7700809842308728 0.9518656253050575
solid 0.3866592652856426 0.41529710741508796 0.9674592659336684 1.0 0.7693828728270666 0.9515140690174153
glass 0.38596097569811105 0.4162863944315531 0.9696458988791615 1.0 0.7711310358215966 0.9531917835003396
except 0.38550942591277976 0.41584689805596486 0.9677396843352774 1.0 0.7703140520936758 0.9559505692266527
tiny 0.38550942591277976 0.41584689805596486 0.9677396843352774 1.0 0.7703140520936758 0.9559505692266527
golden 0.38674485633146655 0.4149746551942432 0.9669918125351268 1.0 0.7662211147412934 0.9488639623155269
key 0.38692793451652824 0.41610980989365226 0.9686354167703275 1.0 0.7664133551996722 0.9500869435180196
belong 0.38655868783109537 0.4143137340433517 0.9653442011730593 1.0 0.764537686594739 0.954029341914314
alas 0.3862909386830534 0.41634659739102586 0.9691013210888574 1.0 0.7655654894677044 0.9514133854282184
locks 0.38552497039856665 0.4162465702640107 0.964211728889573 1.0 0.7628424243464769 0.9484894029924146
small 0.3859531238004749 0.41544074457455665 0.9661540567314647 1.0 0.7656265592010939 0.9488733565305966
any 0.3871461711681131 0.4150619388924198 0.9668867355498608 1.0 0.7652778135785538 0.9481469594951513
rate 0.38741633285034444 0.4153029275984431 0.9664297047763023 1.0 0.7632653090872324 0.9474240672585533
open 0.38655074545743706 0.4150995195727361 0.9665542349194366 1.0 0.7633152102677566 0.9463675516152016
however 0.3891717946844672 0.41638290981169984 0.9692187897036084 1.0 0.7655608487938884 0.9492755638829502
second 0.38688542180463764 0.41563754877502795 0.9649457882702448 1.0 0.7604967269452523 0.9450450456235769
round 0.3882579761838374 0.41606869382262657 0.9668987231919904 1.0 0.7653293183035881 0.9480606012459074
curtain 0.3869649633660682 0.4149582109564979 0.9643119977372295 1.0 0.7649407756633498 0.947786032497195
fifteen 0.3863679032158452 0.41490046055408586 0.9674043519064144 1.0 0.7670189780045722 0.9507864084071785
inches 0.3875949699815569 0.4159442969575254 0.9695510066997357 1.0 0.7687702202455945 0.9507682491868052
high 0.3875949699815569 0.4159442969575254 0.9695510066997357 1.0 0.7687702202455945 0.9507682491868052
lock 0.38772127204732915 0.41639695496304274 0.967595894471604 1.0 0.7655513360694134 0.9442676900516133
delight 0.38772127204732915 0.41639695496304274 0.967595894471604 1.0 0.7655513360694134 0.9442676900516133
fitted 0.38638220847421983 0.4148139506970045 0.964169249457079 1.0 0.764418925658437 0.9464268517467448
opened 0.3858905824259043 0.41648490485424555 0.9676922562018782 1.0 0.7685891904326473 0.9476000357697578
led 0.38595193657552457 0.41330111518115303 0.963245855839942 1.0 0.7631398694694174 0.9447974289008099
larger 0.3859317151665706 0.4164941692249825 0.9694762751943551 1.0 0.7675332976261711 0.9480561913569139
than 0.3864552168532811 0.4143368031966978 0.9649759127863222 1.0 0.7641240215610382 0.9466368533123765
rat 0.3864552168532811 0.4143368031966978 0.9649759127863222 1.0 0.7641240215610382 0.9466368533123765
knelt 0.3864552168532811 0.4143368031966978 0.9649759127863222 1.0 0.7641240215610382 0.9466368533123765
along 0.3887868103038272 0.41581304495319954 0.9683168422637866 1.0 0.7658677577041425 0.9488217258726525
loveliest 0.3880229012096228 0.4158115497902334 0.9676044070684083 1.0 0.7690707915900897 0.95154355133787
garden 0.3887880984201527 0.41647252213058233 0.9699974041019059 1.0 0.769599098284074 0.9503653882213359
longed 0.3886548038332685 0.41393594365547676 0.9715640809090599 1.0 0.7680524663862751 0.9528385144684544
wander 0.3872223212237365 0.41367159405199416 0.9704877673915138 1.0 0.7672918058363675 0.9542462333937805
those 0.38888953410398064 0.41457192649901364 0.9706498763044509 1.0 0.767396585376995 0.9544165090432893
beds 0.3905621751694581 0.41547519028812635 0.9708125130187373 1.0 0.7675017060634725 0.9545873390837685
bright 0.3905621751694581 0.41547519028812635 0.9708125130187373 1.0 0.7675017060634725 0.9545873390837685
flowers 0.3905621751694581 0.41547519028812635 0.9708125130187373 1.0 0.7675017060634725 0.9545873390837685
cool 0.3905621751694581 0.41547519028812635 0.9708125130187373 1.0 0.7675017060634725 0.9545873390837685
fountains 0.38789069021444467 0.4150241367820643 0.9682933936733535 1.0 0.7683946311623386 0.950103965792874
head 0.3886854679620964 0.4152002873582065 0.9690594532799426 1.0 0.7684324577328107 0.9521685973340602
doorway 0.38828143983308044 0.4166431861290508 0.970134314801195 1.0 0.7700201147095604 0.9545612049330997
go 0.387183348672797 0.41488220222726685 0.9718256909449071 1.0 0.7694240079866053 0.9506854471347006
poor 0.38659714662189115 0.41544086627272653 0.9711448861364486 1.0 0.7685328503794484 0.9491843675410209
shoulders 0.3888307226485401 0.4140863673235673 0.9682366056904398 1.0 0.7650953395191598 0.9458523585812797
shut 0.38978269446571123 0.4142901355445481 0.9663634305407026 1.0 0.7596977823593511 0.9435543069608446
telescope 0.38829625628459696 0.4165721438712885 0.9688634581641511 1.0 0.7641240954156564 0.9452155911485715
only 0.388111230038134 0.4163510839770773 0.9694852681461693 1.0 0.767032154869596 0.9474728227442053
begin 0.3873970879963806 0.4157111058109485 0.9672643024121289 1.0 0.7635310947287784 0.9441863156469832
happened 0.38800531052568427 0.4159535562836579 0.9691822809335626 1.0 0.7676183437686328 0.9501263225543811
lately 0.38770321863739243 0.4136513143307951 0.9663161958443746 1.0 0.767803018336608 0.9518709472856215
few 0.38836619632664143 0.4139900301367086 0.9704561304190217 1.0 0.7690829663643122 0.9526546994956231
indeed 0.38880069720483157 0.4151631885329022 0.970637774776653 1.0 0.7687813385363845 0.9493786736436719
really 0.3898443550011488 0.41448774681107375 0.9727410914653665 1.0 0.7673331481861372 0.9530256440866636
impossible 0.3898443550011488 0.41448774681107375 0.9727410914653665 1.0 0.7673331481861372 0.9530256440866636
waiting 0.3920955391646043 0.41791273553494934 0.9709474182041761 1.0 0.7691553071775749 0.9528044938806887
back 0.388756716360171 0.4166879223373787 0.9715609174782371 1.0 0.7690272620531444 0.9531794285690387
half 0.38894747039503075 0.41455207655351406 0.971303744026508 1.0 0.7692865918812716 0.9537565564840887
hoping 0.38894747039503075 0.41455207655351406 0.971303744026508 1.0 0.7692865918812716 0.9537565564840887
find 0.3892943232635466 0.41728755702319587 0.9728470793311818 1.0 0.7661440255702348 0.9538801800759713
rules 0.3900259154971337 0.4153093836197751 0.9682297732648801 1.0 0.7670917371073414 0.9477387697968176
shutting 0.3887371788590719 0.4169013125865482 0.96965007636742 1.0 0.7680619326603108 0.9475270112510529
telescopes 0.3897276146349133 0.41604241961457383 0.9683443690083492 1.0 0.7684327712566869 0.9492110163176783
bottle 0.3904661787095839 0.4162235149027535 0.9705711842298749 1.0 0.7679177250509284 0.9507105488423271
certainly 0.3897601281966152 0.41775311610922716 0.9688538828836066 1.0 0.7662360864556338 0.9466265734941146
neck 0.3896141933247211 0.4164947070375648 0.9688284127227225 1.0 0.7701043883003653 0.9510402633170577
paper 0.3896141933247211 0.4164947070375648 0.9688284127227225 1.0 0.7701043883003653 0.9510402633170577
label 0.38956627944955013 0.4161391074289547 0.9683242946523474 1.0 0.7699772501435495 0.9454666824031666
drink 0.3902985284129456 0.4157059097297751 0.9708169527803786 1.0 0.7676000490267825 0.9479106687135122
beautifully 0.38953531306427963 0.418627596568887 0.9721932456767096 1.0 0.7699497752443708 0.9496323407768186
printed 0.39050714894790584 0.41822472463755306 0.9706879416280677 1.0 0.7695211610578773 0.95270389680271
letters 0.3873648597161438 0.4126782416964735 0.9695367815042903 1.0 0.7679243899930318 0.9512372243686974
wise 0.3914086851782888 0.414339441160041 0.9701210315613072 1.0 0.7644175356112094 0.9471715273252025
hurry 0.38898675267105065 0.41540889940008835 0.9678714245996799 1.0 0.7677998368803598 0.950366932072454
marked 0.3890621409846182 0.41580737704161064 0.9707714404358654 1.0 0.7684605541139977 0.9498062037741619
poison 0.3893856305793428 0.4146924951606648 0.969644348300669 1.0 0.7666800777208116 0.9487048301266044
read 0.3898139175750544 0.41404977923915115 0.9691087595284356 1.0 0.7636749499344072 0.9493645934923873
histories 0.3893152304542464 0.4140609333971482 0.9691352624031708 1.0 0.7695711578610438 0.9485530348484413
children 0.3891248845493362 0.41478091631038627 0.9703011376409033 1.0 0.7670013815722027 0.9522502098627471
who 0.3891248845493362 0.41478091631038627 0.9703011376409033 1.0 0.7670013815722027 0.9522502098627471
d 0.3892911501518926 0.41735570027325 0.971533744589858 1.0 0.7667449580630069 0.9503342825735537
gotten 0.3891248845493362 0.41478091631038627 0.9703011376409033 1.0 0.7670013815722027 0.9522502098627471
burnt 0.3891248845493362 0.41478091631038627 0.9703011376409033 1.0 0.7670013815722027 0.9522502098627471
eaten 0.38907242848842233 0.4141158390332026 0.9674096730411813 1.0 0.7700502001841804 0.9482814444632482
wild 0.38907242848842233 0.4141158390332026 0.9674096730411813 1.0 0.7700502001841804 0.9482814444632482
beasts 0.38907242848842233 0.4141158390332026 0.9674096730411813 1.0 0.7700502001841804 0.9482814444632482
unpleasant 0.3907925888523086 0.41523943949182585 0.9710130905524683 1.0 0.77292194958741 0.9525280999979284
because 0.3907925888523086 0.41523943949182585 0.9710130905524683 1.0 0.77292194958741 0.9525280999979284
simple 0.39153947186145677 0.4158254171673138 0.9748307943060407 1.0 0.7714955424290848 0.9513250992455081
friends 0.39133722451616465 0.41557358123575217 0.970336520728407 1.0 0.7691223740042259 0.948587847144382
taught 0.39133722451616465 0.41557358123575217 0.970336520728407 1.0 0.7691223740042259 0.948587847144382
red 0.38987120110862367 0.4166634649944867 0.9668009899171983 1.0 0.7627139698017816 0.9469533299469679
poker 0.38871062519704364 0.41275184759962263 0.9649980292734666 1.0 0.7664943663203647 0.9461726611628608
will 0.38871062519704364 0.41275184759962263 0.9649980292734666 1.0 0.7664943663203647 0.9461726611628608
burn 0.38871062519704364 0.41275184759962263 0.9649980292734666 1.0 0.7664943663203647 0.9461726611628608
hold 0.38871062519704364 0.41275184759962263 0.9649980292734666 1.0 0.7664943663203647 0.9461726611628608
cut 0.3921422009509862 0.4173386975133172 0.9696161034674873 1.0 0.763635660849982 0.9492768209241382
your 0.3889701398891845 0.41457131525227914 0.9722085533466757 1.0 0.7686690225710086 0.9474619068593001
finger 0.3889701398891845 0.41457131525227914 0.9722085533466757 1.0 0.7686690225710086 0.9474619068593001
deeply 0.3889701398891845 0.41457131525227914 0.9722085533466757 1.0 0.7686690225710086 0.9474619068593001
knife 0.3889701398891845 0.41457131525227914 0.9722085533466757 1.0 0.7686690225710086 0.9474619068593001
usually 0.3907692522646299 0.4185709836294623 0.9726071187387932 1.0 0.7692077870665766 0.9497513564492468
bleeds 0.3907692522646299 0.4185709836294623 0.9726071187387932 1.0 0.7692077870665766 0.9497513564492468
forgotten 0.39031333360571946 0.41752720475826294 0.9727277474866405 1.0 0.767208629565384 0.9483945256917329
almost 0.39229830500872176 0.4166075551363196 0.9749814173486244 1.0 0.7682280960811413 0.9532012124877053
certain 0.39229830500872176 0.4166075551363196 0.9749814173486244 1.0 0.7682280960811413 0.9532012124877053
disagree 0.39229830500872176 0.4166075551363196 0.9749814173486244 1.0 0.7682280960811413 0.9532012124877053
sooner 0.3905438101303279 0.41688052867969594 0.9738553470894655 1.0 0.7674622818389291 0.9534982046063405
later 0.3905438101303279 0.41688052867969594 0.9738553470894655 1.0 0.7674622818389291 0.9534982046063405
ventured 0.38806595533065713 0.41686883841510564 0.9710919804173437 1.0 0.7680061189826667 0.9480340547359135
taste 0.38806595533065713 0.41686883841510564 0.9710919804173437 1.0 0.7680061189826667 0.9480340547359135
finding 0.38772081385459733 0.41716552353741615 0.9714534752084965 1.0 0.7678690873078717 0.9489045913625292
fact 0.38865924565630106 0.4161470288527724 0.9691719761835718 1.0 0.7691152942439479 0.9491640549174407
mixed 0.38865924565630106 0.4161470288527724 0.9691719761835718 1.0 0.7691152942439479 0.9491640549174407
flavor 0.38865924565630106 0.4161470288527724 0.9691719761835718 1.0 0.7691152942439479 0.9491640549174407
cherry 0.3890252438393867 0.41449708601330043 0.9691042367568274 1.0 0.7669399800884708 0.9504471186820176
tart 0.3890252438393867 0.41449708601330043 0.9691042367568274 1.0 0.7669399800884708 0.9504471186820176
custard 0.38658484269102417 0.4123884742004646 0.968882490282668 1.0 0.7673391585301622 0.9488360726673211
pine 0.38658484269102417 0.4123884742004646 0.968882490282668 1.0 0.7673391585301622 0.9488360726673211
apple 0.38658484269102417 0.4123884742004646 0.968882490282668 1.0 0.7673391585301622 0.9488360726673211
roast 0.38658484269102417 0.4123884742004646 0.968882490282668 1.0 0.7673391585301622 0.9488360726673211
turkey 0.38820884658613375 0.41481150486985213 0.969269484861418 1.0 0.767082175005269 0.951386814548502
toffee 0.38820884658613375 0.41481150486985213 0.969269484861418 1.0 0.767082175005269 0.951386814548502
buttered 0.38820884658613375 0.41481150486985213 0.969269484861418 1.0 0.767082175005269 0.951386814548502
toast 0.3866216960660144 0.4137926255990181 0.9680423861596978 1.0 0.769645967994727 0.9480577517390512
finished 0.38908925489029567 0.41479274927088916 0.9700188854131264 1.0 0.7680559908945992 0.9524482927257567
curious 0.38695936330202135 0.41641570302165126 0.9707811366500925 1.0 0.7701224333764412 0.9512858115574656
feeling 0.38807918014909815 0.4162672840026623 0.9704674588678804 1.0 0.7682758101607152 0.9485795593252693
ten 0.38882336004453383 0.41698925905835676 0.9716999764953832 1.0 0.7705233510668742 0.9507500703831078
face 0.38882336004453383 0.41698925905835676 0.9716999764953832 1.0 0.7705233510668742 0.9507500703831078
brightened 0.38862393356717195 0.41556406175605703 0.9716697241549676 1.0 0.7711463353818795 0.950615402683069
size 0.38720928215368466 0.4169158586239654 0.9709383349366585 1.0 0.7697430462375214 0.9507792877073038
lovely 0.391529133255075 0.41767179115482417 0.9706932471780404 1.0 0.7699364841837252 0.9485015819287065
waited 0.38828986485269473 0.41644346751923494 0.9708811074259233 1.0 0.7698639190905769 0.9483019032493072
minutes 0.3887722946366741 0.41486690326736536 0.9716983992036565 1.0 0.7701437950049533 0.9527283188337299
shrink 0.3871995781776383 0.41454453689976195 0.9681275237065268 1.0 0.771236785132498 0.9513549335939434
further 0.3871995781776383 0.41454453689976195 0.9681275237065268 1.0 0.771236785132498 0.9513549335939434
nervous 0.38617162448658177 0.41786650381529106 0.9687289026058387 1.0 0.772539968389313 0.9504432948476624
altogether 0.3871714622371689 0.4171495803355573 0.9724586534848727 1.0 0.7655217190068822 0.9420241688158512
candle 0.3879998184211474 0.4156121586579726 0.9674275488651699 1.0 0.7684818265405985 0.9465696667060849
flame 0.3856871485650202 0.4171067651760492 0.9684685344291716 1.0 0.7702524821665608 0.9494814559243516
blown 0.3861313045161605 0.4162292173561306 0.966268838511938 1.0 0.770456882197962 0.9495623587912998
thing 0.38612933957909845 0.4157079457121053 0.9699041837727409 1.0 0.7695188004112093 0.9435728217031054
while 0.38682349475851296 0.41790419701519604 0.9701291462971674 1.0 0.770566249875262 0.9458446918090622
more 0.3873772099225414 0.4174608869801766 0.9718133596045301 1.0 0.7677326660848611 0.9497712499030178
decided 0.3868083561341105 0.41593173726733407 0.9716883103029831 1.0 0.7697885006167166 0.9510552591589789
possibly 0.3868317136720283 0.4175414850978286 0.9711360646164862 1.0 0.7677989631883366 0.9553339351831552
reach 0.3866718188850008 0.4178736891379321 0.9724569542412653 1.0 0.7693122418897951 0.9534490566423601
plainly 0.3863972257670793 0.4153978247660903 0.9701240745482711 1.0 0.7715809744805736 0.956551450726332
best 0.38412772195719064 0.41559930706921117 0.97184914903935 1.0 0.7703065102141493 0.9546510244374762
climb 0.38412772195719064 0.41559930706921117 0.97184914903935 1.0 0.7703065102141493 0.9546510244374762
legs 0.3860727834112859 0.4157495290409378 0.97186111718116 1.0 0.7721253277391145 0.9533182754861877
slippery 0.3870069296645626 0.4162076326879562 0.9707190095765809 1.0 0.7718810698471398 0.9552300508475273
sat 0.38644024790645337 0.4144558571311269 0.9705283798302495 1.0 0.7675959689180171 0.9432438089885171
cried 0.3904002652172916 0.41620193988001986 0.9725552311239337 1.0 0.7716731457920682 0.9494433888412086
crying 0.386056362926139 0.41513476339194005 0.97080586286937 1.0 0.7687355869445516 0.9450388630713247
sharply 0.38455206672213177 0.41601289003592423 0.9707714666640497 1.0 0.7690828680091842 0.951606849839374
advise 0.3851114551547383 0.4139557344371624 0.9690678854039738 1.0 0.7709803679775832 0.9509596509394821
leave 0.3851114551547383 0.4139557344371624 0.9690678854039738 1.0 0.7709803679775832 0.9509596509394821
minute 0.383958292639155 0.41404828958206064 0.9698247588274541 1.0 0.7719803143740014 0.9536227957895141
generally 0.38817080158087724 0.4160164836481456 0.9696248670298686 1.0 0.7676965973100004 0.949264031290038
gave 0.38817080158087724 0.4160164836481456 0.9696248670298686 1.0 0.7676965973100004 0.949264031290038
advice 0.38817080158087724 0.4160164836481456 0.9696248670298686 1.0 0.7676965973100004 0.949264031290038
seldom 0.3893933634495495 0.41484021353033157 0.9682098192738005 1.0 0.7659479816065642 0.9455249094634862
followed 0.3893933634495495 0.41484021353033157 0.9682098192738005 1.0 0.7659479816065642 0.9455249094634862
scolded 0.388431551885201 0.41838488082487774 0.9735296544470178 1.0 0.7680693975845284 0.9493722048191887
severely 0.3877161690433922 0.417210090415561 0.9703339153633197 1.0 0.7684250509662609 0.9474584445889989
bring 0.3877161690433922 0.417210090415561 0.9703339153633197 1.0 0.7684250509662609 0.9474584445889989
tears 0.3874234663438842 0.4177186729338745 0.9739454368118697 1.0 0.771473404305189 0.9492166097039618
remembered 0.38780873788459347 0.4147446251927508 0.9714005341880032 1.0 0.7695251157228833 0.9456999949921684
box 0.38631910437128436 0.4164535611131271 0.9713835047562782 1.0 0.7709781252792541 0.9485994983053126
cheated 0.38623613023996645 0.4154339397839571 0.9748092459832591 1.0 0.7693764946364747 0.9494760649274923
game 0.3872331684006847 0.4172143243064942 0.9765333586117358 1.0 0.7729235701170852 0.9576706316920246
croquet 0.3872331684006847 0.4172143243064942 0.9765333586117358 1.0 0.7729235701170852 0.9576706316920246
playing 0.3872331684006847 0.4172143243064942 0.9765333586117358 1.0 0.7729235701170852 0.9576706316920246
against 0.3872331684006847 0.4172143243064942 0.9765333586117358 1.0 0.7729235701170852 0.9576706316920246
child 0.38549156390047495 0.4179191586452879 0.9727011231888145 1.0 0.7694042850498265 0.9497632695426351
fond 0.38549156390047495 0.4179191586452879 0.9727011231888145 1.0 0.7694042850498265 0.9497632695426351
pretending 0.38549156390047495 0.4179191586452879 0.9727011231888145 1.0 0.7694042850498265 0.9497632695426351
two 0.3855209338266837 0.4151393199361813 0.9730953687632953 1.0 0.7691501204560622 0.9520874557630531
pretend 0.3850680292167485 0.4159227247023525 0.9743052794056699 1.0 0.7699106463142711 0.9531165285438105
hardly 0.3850521797045641 0.41819828345902493 0.9731114413767228 1.0 0.7712330185469023 0.9528422393559626
enough 0.3850521797045641 0.41819828345902493 0.9731114413767228 1.0 0.7712330185469023 0.9528422393559626
respectable 0.3850332365055208 0.4203520368913908 0.9732882279964012 1.0 0.7716154390526135 0.9494170716947157
person 0.3850332365055208 0.4203520368913908 0.9732882279964012 1.0 0.7716154390526135 0.9494170716947157
eye 0.3873287276867533 0.4169689631491121 0.9705520288308394 1.0 0.7684851645090032 0.9447580176156539
lying 0.38482164473604574 0.4181714753095444 0.9713663858566352 1.0 0.7724387685454276 0.9515142348058555
cake 0.3860528371833757 0.4191795328287849 0.9709895873850765 1.0 0.7725521346654759 0.9471636281806195
currants 0.38808909929898816 0.4191608899904203 0.9741616812627016 1.0 0.7738161444609628 0.9531190845839468
makes 0.38440962482105473 0.41590012814508387 0.9688200372649864 1.0 0.7695360154170229 0.9482298957667994
grow 0.3855100671366838 0.4171126032050675 0.971171552774327 1.0 0.7704171819956138 0.9494527299434904
can 0.38484510212782613 0.4180224884991658 0.9703139979149539 1.0 0.7707950130794086 0.9496115229550177
smaller 0.38451145843521517 0.4160224391942035 0.9685722765154342 1.0 0.7700088628524572 0.9473494068332037
creep 0.38317897467705364 0.41783887035226686 0.9668502252235894 1.0 0.7707632617546958 0.9476610882490083
