word v0 v1 v2 v3 v4 v5
alice 0.701028041058768 0.6866202866924178 0.7911303554949929 1.0 0.7564819001407691 0.8659634505914267
was 0.7006908773517703 0.685670472128757 0.7919527546438822 1.0 0.7562547860020105 0.8655014121264323
beginning 0.6928701466543545 0.6781294192997017 0.7831944864264715 1.0 0.7540713213474268 0.8684308464151329
to 0.7005885520010607 0.6855286500642928 0.7915588404013209 1.0 0.7567577345743457 0.865927713328443
get 0.7000322061894128 0.6843154458882984 0.7925834650572918 1.0 0.7565614699383063 0.8665066769564846
very 0.700551519320846 0.6858266371378032 0.7909656370352922 1.0 0.7564155806653426 0.8661872279224053
tired 0.6985761152457405 0.6846414950855342 0.791566589000437 1.0 0.75798439865691 0.8652370683808541
of 0.7004251457716981 0.6857393143900157 0.7913339478861973 1.0 0.7561757766452365 0.8657483350821525
sitting 0.6964951285527649 0.6816427342308637 0.7870929351031721 1.0 0.7558630430058517 0.8667315593360291
by 0.7015114268510874 0.6863750970302128 0.7914385966724031 1.0 0.7560874001743919 0.8662586026370127
her 0.7008741123088998 0.6857370434270111 0.7914155581852566 1.0 0.7569018310013271 0.8660751399215326
sister 0.6968268511407668 0.6827362696681505 0.787718940276543 1.0 0.7545741769706227 0.8667321442770959
on 0.6999498330444184 0.687177591874429 0.7913478062327137 1.0 0.7566584219322017 0.8658591602817782
the 0.7003911676746993 0.6861258779484922 0.7913473012671496 1.0 0.7560969955886059 0.8656995522141625
bank 0.6973349203352328 0.6839544156258458 0.7870557309245875 1.0 0.7534247339779929 0.8640127284124803
and 0.7006224180726208 0.6862223791899639 0.7912323538963582 1.0 0.7565363934687955 0.8658161380404397
having 0.6987309689261192 0.6870981743648937 0.7907635813304065 1.0 0.7565847066687929 0.8650067597544178
nothing 0.7013408842390929 0.6864027386221726 0.7903209735161861 1.0 0.7550600152044077 0.8653083173324528
do 0.7003102486496466 0.6840382185959497 0.7902042288931357 1.0 0.7553950141129191 0.864798457775165
once 0.6978949286372444 0.6835106633541291 0.7902946081782681 1.0 0.7578697093621022 0.8668561070670452
or 0.6993748879514015 0.6841102135615074 0.7900338163841403 1.0 0.7548124568547874 0.8660950013419765
twice 0.6935856887463148 0.6824404851348743 0.7872438648293925 1.0 0.7544473771756208 0.8680510003588975
she 0.7007173155395051 0.6860684189670035 0.7921438133617795 1.0 0.7571376557485426 0.865795637449541
peeped 0.6971582686496246 0.6838287994010707 0.7883443697245054 1.0 0.7532864962817073 0.866732728680203
into 0.7006084233857859 0.6862036834123336 0.7907421247576797 1.0 0.7566502903185719 0.8649421079942595
book 0.6992565193768296 0.6838674077120467 0.79130013571474 1.0 0.7545842437558289 0.8663071649760593
reading 0.6967278152759044 0.6835941815140373 0.7863726735664045 1.0 0.7543230889338393 0.8636037360325797
but 0.7004395637828293 0.6852648093566733 0.792019109255428 1.0 0.756722441964477 0.8653471912529888
it 0.7007534677571075 0.6861429891230262 0.7911681581879404 1.0 0.7567249504316741 0.8656307402209102
had 0.7005388915145293 0.6848580130834901 0.7921005018160484 1.0 0.7568510061306184 0.8662800902942732
no 0.7010734372288182 0.6861479791324759 0.7924126326409447 1.0 0.7570645719815103 0.8660635612956614
pictures 0.6980947111306028 0.683134410999962 0.7881656854409774 1.0 0.7560356057719715 0.8650986515600622
conversations 0.6925393028327822 0.6808307225964244 0.7856540492501911 1.0 0.7535194136826215 0.8650111153113305
in 0.6998065874969261 0.6865176160797781 0.7922476278383463 1.0 0.7574970387110977 0.8664993589156315
what 0.6994589111768832 0.6848259516965535 0.7905561408739349 1.0 0.7565375729639301 0.8654274038837124
s 0.701271247068286 0.686574080649234 0.791222477730711 1.0 0.7567415532935433 0.8673300540722758
use 0.7011359250849284 0.6876558061393535 0.7935505412351266 1.0 0.7585548934673487 0.8683989136972107
a 0.700691104823026 0.6868226815728887 0.791468743283511 1.0 0.756359566400764 0.8659403983703331
thought 0.7007110086497981 0.6865734328276899 0.7919793854467291 1.0 0.756826447759272 0.8655412543787571
without 0.7004131503379037 0.6845325570304345 0.7898424872331813 1.0 0.7566164874743708 0.8675378230778775
conversation 0.6984478180082232 0.6812842023839478 0.7864784887026691 1.0 0.7559615239254569 0.8673016298015412
so 0.7000456800350972 0.6861893203321211 0.7905219990123065 1.0 0.7566110551229311 0.8660588712490178
considering 0.6950885741300723 0.6820788606365079 0.7865052721193607 1.0 0.7519945592009769 0.8646231538099644
own 0.6997201134138211 0.6839470064275711 0.7903433947655765 1.0 0.7566796967168156 0.8659467428984668
mind 0.6999497591172001 0.6855629228400155 0.7874330176162828 1.0 0.7530492441896475 0.8649302418169722
as 0.7013530410445509 0.6851825165533452 0.79090084877644 1.0 0.7551653989175373 0.8661285446949808
well 0.7003378800991027 0.687246714461827 0.790947757636528 1.0 0.7565226215952293 0.867536186547125
could 0.7009015437183402 0.6869714658723408 0.7919651211235901 1.0 0.7573093158366171 0.8669432745677816
for 0.7001993119766943 0.6856014980049139 0.7914543169072857 1.0 0.756622478916577 0.86550019088474
hot 0.6985581239095671 0.6865340604151198 0.7919425692795172 1.0 0.7567392043119142 0.8673494421904424
day 0.6968027098022144 0.684324836869825 0.7863637490184782 1.0 0.7510888514568511 0.8687450486540357
made 0.7009786989734086 0.687718750054755 0.789381755677441 1.0 0.753948262177084 0.8674435847821274
feel 0.6969781853758882 0.6850250705660191 0.7848141833440161 1.0 0.751234278250266 0.8670970083554553
sleepy 0.698889661811325 0.6847531002532998 0.7913288693759011 1.0 0.756404176066497 0.8670640616408105
stupid 0.6969781853758882 0.6850250705660191 0.7848141833440161 1.0 0.751234278250266 0.8670970083554553
whether 0.6992946597162165 0.6844999722132675 0.7899375736392104 1.0 0.7534519918077489 0.8651058697812352
pleasure 0.6969115010320117 0.6849176158198033 0.7860344923277748 1.0 0.7486456830603384 0.8656014533482447
making 0.6969115010320117 0.6849176158198033 0.7860344923277748 1.0 0.7486456830603384 0.8656014533482447
daisy 0.6946925746654131 0.6831613678309016 0.7820183166765332 1.0 0.7490247356385881 0.8667275481422154
chain 0.6946925746654131 0.6831613678309016 0.7820183166765332 1.0 0.7490247356385881 0.8667275481422154
would 0.7007344200306119 0.6850386681533729 0.7913865198016548 1.0 0.7545202486784006 0.8655144305392719
be 0.700333046578091 0.6865915477971806 0.7916162471260558 1.0 0.756954948060008 0.8667522767838063
worth 0.6946925746654131 0.6831613678309016 0.7820183166765332 1.0 0.7490247356385881 0.8667275481422154
trouble 0.6970155086713027 0.685156507628058 0.784495037960059 1.0 0.75440181337595 0.8634513444739894
getting 0.7005508921464325 0.6851569629051513 0.7895598084472402 1.0 0.7552546157830161 0.8660523959701774
up 0.7006694164292265 0.6871121988573794 0.7915572603984827 1.0 0.756003400324169 0.864606432031496
picking 0.6970155086713027 0.685156507628058 0.784495037960059 1.0 0.75440181337595 0.8634513444739894
daisies 0.6970155086713027 0.685156507628058 0.784495037960059 1.0 0.75440181337595 0.8634513444739894
when 0.6998585165133995 0.6864204923925756 0.7915659020912519 1.0 0.7572170045384526 0.8666927076049382
suddenly 0.6987890367549802 0.6839049195877189 0.7906354792036955 1.0 0.7552807764218401 0.8677268513685876
white 0.6992269873226593 0.686621822027473 0.7907430133555619 1.0 0.758643033841502 0.866490756702572
rabbit 0.697947699975786 0.6854988277240183 0.789869730005399 1.0 0.7565848850260245 0.8661391921035034
with 0.7001229206255611 0.6856965993738361 0.7905925920602606 1.0 0.7558390048961546 0.866452655153355
pink 0.6990300280239333 0.6859811290584222 0.7880095900500712 1.0 0.7559634123396862 0.8668181130806191
eyes 0.702148685390783 0.6870075736546734 0.7898984709185418 1.0 0.7574884011573063 0.8667917594707928
ran 0.7007174571368701 0.6853746710929206 0.788944687885829 1.0 0.7543568977757087 0.865604257376719
close 0.7023918842788031 0.6884849798509788 0.794769280148988 1.0 0.7582800086480408 0.867598051471912
there 0.7012228667758874 0.6866218160547128 0.7917648387919503 1.0 0.755245128278707 0.8657736979361017
remarkable 0.698534504165717 0.6859109313524431 0.7922729328906039 1.0 0.7560645944080411 0.8656508444465879
that 0.7014597188711265 0.6863740246182151 0.7923689088565672 1.0 0.7572175906132294 0.8662174060395059
nor 0.698534504165717 0.6859109313524431 0.7922729328906039 1.0 0.7560645944080411 0.8656508444465879
did 0.6998357828162358 0.6849908725608629 0.790100413454859 1.0 0.7557607950683002 0.8643473183555918
think 0.7015734416875594 0.685415860077161 0.7908690696824149 1.0 0.754804520200205 0.8653364618311769
much 0.700795275381727 0.6856611256325406 0.7903214307077508 1.0 0.7556185684619354 0.8654229979906461
out 0.6999428852048246 0.6853750665151238 0.7914022960057375 1.0 0.756458669895381 0.865763004137164
way 0.6998045796001542 0.6847868111137551 0.7909280367720408 1.0 0.7564078188138024 0.8650130552707578
hear 0.6991059243786412 0.6866163654977092 0.7905278132915906 1.0 0.7572707442591948 0.8658241532042321
say 0.700270910462926 0.6859104788910154 0.7907255328394395 1.0 0.7564821658594376 0.8646102828319167
itself 0.6939926826772082 0.6848664229024717 0.7886465382724654 1.0 0.7577385180925806 0.8652784245429942
oh 0.6990873722365455 0.6822547329116913 0.7905437332558435 1.0 0.7554076724499152 0.8661751166408233
dear 0.6974128749395951 0.6810671253662661 0.7887598284564832 1.0 0.7557413046407417 0.8658344414055247
i 0.701249633470489 0.6863441147248144 0.7920242550641491 1.0 0.7570258176090182 0.865885882949726
shall 0.7018624803302548 0.6859358487325263 0.7911708220890176 1.0 0.7566718181851302 0.8656216303164816
late 0.6992080975584457 0.6859633447646434 0.7903410973290133 1.0 0.7570458612560454 0.8666429695001361
over 0.7004403497737147 0.6861841440849854 0.7910917506359608 1.0 0.7553852567752105 0.863239528314637
afterwards 0.6966767537804335 0.6856687679826687 0.7880210073956241 1.0 0.7567345513348631 0.8633060389153642
occurred 0.6966767537804335 0.6856687679826687 0.7880210073956241 1.0 0.7567345513348631 0.8633060389153642
ought 0.6953001256244433 0.6829125845288434 0.7879000093389874 1.0 0.7566860081807675 0.8651659941282565
have 0.6999899753453794 0.6836082460060681 0.7900279269831755 1.0 0.7576982998730769 0.8653327672215477
wondered 0.6953001256244433 0.6829125845288434 0.7879000093389874 1.0 0.7566860081807675 0.8651659941282565
at 0.7005343555346975 0.68530945079066 0.791452706145594 1.0 0.7553002577829283 0.8645606575744654
this 0.7016473414147627 0.6865051409105727 0.7921540372664537 1.0 0.7572466917751708 0.8663688134890677
time 0.7003258628645432 0.6842995441493481 0.791259417699769 1.0 0.7552234553457351 0.8652562035278893
all 0.7019428797235349 0.6860743469161665 0.7916653777852931 1.0 0.7550923419242087 0.8652081425956287
seemed 0.6996917913768085 0.6844501393306895 0.7925868039670851 1.0 0.757653131513778 0.8668183401947501
quite 0.7007633293823072 0.6862961712876562 0.7921383251985851 1.0 0.7596127806075939 0.8667212223057623
natural 0.6986113400902847 0.6805774173461885 0.7897630665958323 1.0 0.7554352952423625 0.8675294601929906
actually 0.6956461488793794 0.6830713988019784 0.7876706225105925 1.0 0.7532169231034495 0.8666957364234201
took 0.6972736277023794 0.6836908821178558 0.7890744871915155 1.0 0.7555611898985665 0.8667782843108249
watch 0.6985385914344775 0.6838587358430138 0.783488077561359 1.0 0.7517148804844672 0.8655978396948787
its 0.699678439513211 0.6829318321353388 0.7851420465233623 1.0 0.7518017089867693 0.8641202233440077
waistcoat 0.6985385914344775 0.6838587358430138 0.783488077561359 1.0 0.7517148804844672 0.8655978396948787
pocket 0.6986575950888462 0.6852646665958472 0.7816490649826172 1.0 0.7511784277811113 0.8656110964306282
looked 0.7009594126962517 0.6861022679275184 0.7875330601255033 1.0 0.7550909102544859 0.8657027451103594
then 0.7000117502832233 0.684442019087382 0.7885686966488901 1.0 0.7541356941909786 0.8655406491283396
hurried 0.7010966397366263 0.6862083055811788 0.7840919541511185 1.0 0.7501914201950222 0.8644045409491748
started 0.7012519784769505 0.6837973089817786 0.7870698966298277 1.0 0.7510427652172602 0.8654560964888657
feet 0.6996176030991582 0.6842478770143123 0.7903640406763642 1.0 0.7532878882053685 0.8641550524659165
flashed 0.7040520945342079 0.6880331684192161 0.7873956212817073 1.0 0.754650553662419 0.8661136463066458
across 0.7022039502625159 0.686594259923287 0.7875432719652773 1.0 0.7550603962597805 0.8650904354754735
she'd 0.7040520945342079 0.6880331684192161 0.7873956212817073 1.0 0.754650553662419 0.8661136463066458
never 0.699879515943435 0.6839301892970092 0.7898036244929197 1.0 0.7543422598459455 0.8667113324399947
before 0.7001203283832307 0.6861565586010235 0.78905112386817 1.0 0.7562916758519767 0.8650543374822477
seen 0.7000799157750124 0.6869084976524316 0.791098764643815 1.0 0.7566904703523942 0.8664464245052498
either 0.6996869936293189 0.6853804544195655 0.789616691600183 1.0 0.7542038804400066 0.8643720445747806
take 0.6996615605755799 0.688974122379435 0.7841409968638692 1.0 0.7541505524443701 0.8671802257473871
burning 0.6996615605755799 0.688974122379435 0.7841409968638692 1.0 0.7541505524443701 0.8671802257473871
curiosity 0.7005573877400704 0.6833354725105854 0.7862685602652092 1.0 0.7530638271860577 0.8669360927036408
field 0.7003597513532993 0.6851584231656807 0.7876906074486352 1.0 0.7554693639375646 0.8640694089638263
after 0.6997558561578546 0.6857859179242168 0.7905393395460008 1.0 0.7569049887101676 0.8660301051392421
fortunately 0.6995767079032018 0.6851955288084972 0.7891582135667816 1.0 0.7554702672095361 0.8645831260568193
just 0.700449662558842 0.6850436211529813 0.7899255580234659 1.0 0.7559475594394659 0.8658655033064279
see 0.7006331432729055 0.6851217818859802 0.7911802066250803 1.0 0.7567842156166831 0.8645149857875211
pop 0.697542197799842 0.6835593066642408 0.788378638574298 1.0 0.7566448732943357 0.8646682857905224
down 0.700140179018952 0.6844682550206517 0.7901353996905809 1.0 0.7545465193287348 0.8654102889799494
large 0.7002672767593946 0.684140250921003 0.7911302876825625 1.0 0.7561799394039038 0.8647957029065697
hole 0.6988782945299019 0.6857784740283727 0.7891547206236316 1.0 0.755066531941013 0.8647611751226018
under 0.6996748966554053 0.6882543746764067 0.7921945882297715 1.0 0.7583243872432228 0.8658402347669409
hedge 0.6963546826889978 0.6840762047981082 0.789352894175016 1.0 0.7552074679692511 0.8629771006066034
another 0.6987367875151385 0.6862705670291321 0.7924565883422995 1.0 0.7582148582047779 0.86557442030719
moment 0.6983698444852601 0.6849475824229693 0.7906354863582208 1.0 0.7542648588493504 0.8651265184650845
went 0.6993623482275972 0.6851784500168571 0.7916643138901044 1.0 0.756981452894824 0.8659230036315213
how 0.7024229810501469 0.6860272422159123 0.7925072555942687 1.0 0.7563966235887073 0.8661488452803585
world 0.6977328573410149 0.682252523599551 0.7857055263295412 1.0 0.7534613946783105 0.8657902299545309
again 0.6996764856838776 0.683215444288344 0.7911435140487432 1.0 0.7542812498001922 0.8658673287595988
straight 0.695587087604397 0.6833676256187396 0.7892761102021577 1.0 0.7548738863035146 0.8675146585142867
like 0.7006589154782336 0.686456512271821 0.7920890055668794 1.0 0.7575110431523805 0.8660930544223563
tunnel 0.695587087604397 0.6833676256187396 0.7892761102021577 1.0 0.7548738863035146 0.8675146585142867
some 0.6974579981938062 0.6797726901495145 0.7873837817208856 1.0 0.7530781493743459 0.8679726935723647
dipped 0.6974579981938062 0.6797726901495145 0.7873837817208856 1.0 0.7530781493743459 0.8679726935723647
not 0.7012857406997447 0.6858949569535956 0.7924876167621655 1.0 0.7562674896242103 0.8657742158905898
about 0.700359399316243 0.6849657286893467 0.7897049527968222 1.0 0.7556288324489299 0.8649562221123049
stopping 0.7006687384030621 0.685566959496731 0.785683542061446 1.0 0.7533844495412495 0.8642252048273475
herself 0.7015645351642656 0.6884485695937617 0.793114520740264 1.0 0.758602936640792 0.8657278986513021
found 0.7009568531769794 0.6867617474625111 0.7923748710957067 1.0 0.756830484927946 0.8661413255185809
falling 0.7007199128453498 0.6869333471618619 0.789881736689743 1.0 0.7535100585521198 0.8650135696801131
deep 0.6992609914175705 0.6863033273284459 0.7900002328227723 1.0 0.7541541694193107 0.8655145819812634
fell 0.7001319748831901 0.6857654361485503 0.7915570329024438 1.0 0.7570664617381445 0.8669269738882752
slowly 0.6995452705121035 0.684029397221097 0.7930157274864857 1.0 0.7546521546936733 0.8681441214035153
plenty 0.7007775533015833 0.6814756340359415 0.7911071335890523 1.0 0.7566571459939071 0.8677251871177184
look 0.7009861075238253 0.6844435320082397 0.7910364598000496 1.0 0.755677498654541 0.8642026237110847
wonder 0.701452339643764 0.6849716029994561 0.7926491361083071 1.0 0.7569046703446751 0.8657058117863365
going 0.6984491090934364 0.6854015059112722 0.7917723188092628 1.0 0.7584208498175302 0.8657858593210344
happen 0.6965561348342656 0.6787870659620177 0.7900114062747237 1.0 0.7573389868259822 0.8656824423153325
next 0.6965561348342656 0.6787870659620177 0.7900114062747237 1.0 0.7573389868259822 0.8656824423153325
first 0.7021329116205393 0.6864593471045837 0.7921547118917083 1.0 0.7560520671236604 0.8644723527553945
tried 0.700501552577527 0.6873040890507296 0.7930637737677615 1.0 0.7570735984113873 0.8648199827527965
make 0.7018024092175592 0.6869566403663397 0.7924212469309968 1.0 0.7565137287390272 0.8675862164260545
coming 0.7005565220947949 0.6822700281781491 0.7902063914294021 1.0 0.7519811035492199 0.8658761008687167
too 0.7010304858254401 0.6852084234623941 0.792512756866074 1.0 0.7559838740828285 0.866279940528109
dark 0.6998171644977468 0.6850117246341692 0.7916899796935112 1.0 0.756052564784481 0.865106471416583
anything 0.7004392562393565 0.6836623399561783 0.7888109337728473 1.0 0.7526135580546075 0.8644482326408669
sides 0.700861750324003 0.6837505144013764 0.7895567675669233 1.0 0.7539494271291096 0.8667346638561574
noticed 0.6978042682090888 0.6823976886881072 0.7896300551787271 1.0 0.7554973230302094 0.8645243654664007
they 0.7014914053437444 0.6844015234073805 0.7918553436256831 1.0 0.7555809406196323 0.8648161897853007
were 0.7012723069408758 0.6856263794759295 0.7919094949727964 1.0 0.7547017989643503 0.8647551207083448
filled 0.7000690926520824 0.6825759867158648 0.7896334614828009 1.0 0.7553157648862351 0.8641982214968777
cupboards 0.6997631227921869 0.6824733690098509 0.78804609383735 1.0 0.7553517232174045 0.8636560042550647
shelves 0.7007303410128386 0.6834721507559093 0.7904078313643427 1.0 0.7572079871959431 0.8656425682984764
here 0.6991442445293798 0.6856852761130061 0.7910826202255323 1.0 0.7579715367645843 0.8654403851471123
saw 0.6996366549407768 0.6847665293443467 0.7911257347285334 1.0 0.7575827985745693 0.8641203712428565
maps 0.6982993286263294 0.6839145564919071 0.7911924573004918 1.0 0.7581587774744819 0.864211500659575
hung 0.699108768181439 0.6845237563375317 0.7916450005111685 1.0 0.7578222412480818 0.8643919340514912
upon 0.7009163442955875 0.6869493218036324 0.7936234383174271 1.0 0.7575839441337149 0.8657257717384984
pegs 0.699108768181439 0.6845237563375317 0.7916450005111685 1.0 0.7578222412480818 0.8643919340514912
jar 0.69955166992978 0.6827179626283354 0.79027357859743 1.0 0.7568784594802503 0.8663997944935357
from 0.701621192061318 0.6867551598525173 0.7927448237202301 1.0 0.7553178300351148 0.8670665137031364
one 0.7010843827165516 0.6862997770449466 0.791322733506077 1.0 0.7564034851142203 0.8651177155401427
passed 0.7029230340705566 0.6844041873144013 0.7906593852667823 1.0 0.7575396351950547 0.8648979569777057
labled 0.700767706133988 0.6833559321287417 0.7897280506664258 1.0 0.7566515968109099 0.8670655946118012
orange 0.700767706133988 0.6833559321287417 0.7897280506664258 1.0 0.7566515968109099 0.8670655946118012
marmalade 0.700767706133988 0.6833559321287417 0.7897280506664258 1.0 0.7566515968109099 0.8670655946118012
great 0.7045163129562774 0.6859556500152709 0.7933280400020588 1.0 0.7559858757728724 0.8641943382110482
disappointment 0.7061241362950283 0.6859797804078803 0.7932969982254946 1.0 0.75834982638687 0.8648968903132478
empty 0.7010742162179181 0.6809962824986202 0.7896655985042949 1.0 0.7539899823315664 0.8614657762072502
drop 0.7002012025868491 0.6811304374239705 0.7900701099164958 1.0 0.7558556027905107 0.8659401194486674
fear 0.7002012025868491 0.6811304374239705 0.7900701099164958 1.0 0.7558556027905107 0.8659401194486674
killing 0.7002012025868491 0.6811304374239705 0.7900701099164958 1.0 0.7558556027905107 0.8659401194486674
somebody 0.6998776008802156 0.682271789119792 0.7893305003230804 1.0 0.7537419353385395 0.86427427245128
managed 0.6998776008802156 0.682271789119792 0.7893305003230804 1.0 0.7537419353385395 0.86427427245128
put 0.6990418004114868 0.6834372215464791 0.7900674794169481 1.0 0.7565119641348961 0.8667684637555892
past 0.6994585048285208 0.6823712047095741 0.7864657398119189 1.0 0.7553875226704008 0.8631161827441416
such 0.701631594708843 0.687244129800197 0.7949602342747567 1.0 0.7579141254634768 0.8677463175047582
fall 0.7017267565485596 0.6864035530776086 0.7922896196422144 1.0 0.7546391869970112 0.8659132840598174
tumbling 0.7029428993155713 0.6894305632055499 0.7932561405762246 1.0 0.755355871843604 0.870152565833839
stairs 0.7029428993155713 0.6894305632055499 0.7932561405762246 1.0 0.755355871843604 0.870152565833839
brave 0.7048858682810125 0.6869041562845716 0.7926342115921929 1.0 0.7565305591293127 0.8670877904118521
ll 0.7024658831432162 0.6871072215618013 0.7924115679568368 1.0 0.7563228769812486 0.8650660955851709
me 0.7013182006991792 0.6869575837044448 0.7917602768946083 1.0 0.7563175558227379 0.8661651690738468
home 0.7035323043382604 0.6853964926937509 0.793423957601754 1.0 0.7521958126342108 0.8624110749898533
why 0.7030085070356279 0.6893543952549565 0.7943977205095485 1.0 0.7552783510689219 0.8664469033827727
n't 0.700797132599709 0.6866508685079786 0.7901126160365792 1.0 0.7561359051385044 0.8646712006769821
even 0.7029657382589443 0.687682923513188 0.7938675368061221 1.0 0.7570803130948219 0.8663402478343628
if 0.7009695187727901 0.687057347138533 0.7922829558475156 1.0 0.7574671455046795 0.8667922147188993
off 0.7014246955492602 0.6852141285931439 0.7922855078171354 1.0 0.757501352076541 0.8650692967962379
top 0.6998086981588022 0.6825544934934217 0.792441147867043 1.0 0.7534425086258482 0.8662219347506557
house 0.6998086981588022 0.6825544934934217 0.792441147867043 1.0 0.7534425086258482 0.8662219347506557
which 0.702172207644656 0.6871417471127558 0.793170224981647 1.0 0.7573994583239665 0.8662483337888498
likely 0.6974129847911342 0.6810145597512328 0.7888206424258872 1.0 0.7525207235797422 0.8665400592920002
true 0.6974129847911342 0.6810145597512328 0.7888206424258872 1.0 0.7525207235797422 0.8665400592920002
come 0.7020015233249315 0.6864380554758219 0.7926622735115664 1.0 0.7563874805840051 0.86753981084752
an 0.7027898835403462 0.6863592444740332 0.7906626537114113 1.0 0.7546200250801465 0.8656389693454828
end 0.7014087532236882 0.6837333627093481 0.7924029969241064 1.0 0.7565335553380625 0.8674091271972805
many 0.7036324514988317 0.685162650168727 0.7954754306324333 1.0 0.7587777326776652 0.8659410821076201
miles 0.7008735681364815 0.6838405789198783 0.7903978275886312 1.0 0.7555915971506938 0.8664729477657394
ve 0.7018506969852654 0.682361095265674 0.7928866591432129 1.0 0.7561974245371659 0.8676193209852768
fallen 0.7043338496527609 0.6834803139696681 0.7951090627377538 1.0 0.7572883448013472 0.8689621072253199
said 0.7028331199433349 0.688740871562877 0.7947385941547235 1.0 0.759621512771891 0.8662713055756164
aloud 0.7039594772432137 0.6811906271260266 0.7943836066923913 1.0 0.7549874229120497 0.8651581894329262
must 0.7019164178949963 0.6876170813161665 0.7908785455978937 1.0 0.7570610398831754 0.8670187433921274
somewhere 0.7032674101039375 0.6842721751204193 0.7915707733075491 1.0 0.7549775259481513 0.8646720905854993
near 0.7021811845878732 0.6841127960848582 0.7914585978803117 1.0 0.7545911514584404 0.8664861333515407
centre 0.7021811845878732 0.6841127960848582 0.7914585978803117 1.0 0.7545911514584404 0.8664861333515407
earth 0.7011021717183172 0.6847836448825126 0.7902422650470726 1.0 0.754102015675062 0.8647524124788374
let 0.7014290174693342 0.6847788560759667 0.7893835232641532 1.0 0.754488408247814 0.864188464409567
four 0.6974308824807469 0.6841990118885592 0.7857105495182283 1.0 0.7539034776231862 0.8639964459187025
thousand 0.6974308824807469 0.6841990118885592 0.7857105495182283 1.0 0.7539034776231862 0.8639964459187025
you 0.7007245339169544 0.6866210808293303 0.791134744570256 1.0 0.7566138296390403 0.8659110893220984
learnt 0.7012109531146575 0.6859640658335311 0.7884100669579595 1.0 0.7562758662391745 0.8647599003708398
several 0.7017190510659399 0.6857763397342178 0.7907024846147211 1.0 0.7574841451223764 0.8685237891650534
things 0.703243242669699 0.6876832058361969 0.7948723129150558 1.0 0.758951901314494 0.8660470685154852
sort 0.7015300392335742 0.6870626805757432 0.7932636504786587 1.0 0.7595326569241218 0.866458672145519
lessons 0.7019809061898475 0.6871744433670375 0.7919651845285901 1.0 0.7596352852131386 0.8688476351880731
schoolroom 0.7012568997408055 0.6864384089106714 0.7935770602322945 1.0 0.7618349491358908 0.8699446815287585
though 0.7040517843633903 0.6878472304170878 0.7963695895554823 1.0 0.7599751206308496 0.8675659214413718
good 0.7033345637663545 0.6867573016230475 0.7938503201347352 1.0 0.7579361527331524 0.8645680151886286
opportunity 0.7019782809064841 0.6857836438978548 0.7945375537029963 1.0 0.7577594416162404 0.8664400950560698
showing 0.7011892956447585 0.6813041604282927 0.7911162661607449 1.0 0.7562011057315262 0.8654420935381094
knowledge 0.7011892956447585 0.6813041604282927 0.7911162661607449 1.0 0.7562011057315262 0.8654420935381094
listen 0.7021304556269321 0.6850819202318827 0.7931507336670303 1.0 0.7569349812444671 0.8636384864530111
still 0.701395081452828 0.6847577838725996 0.7932537883392017 1.0 0.7568904882779276 0.8638571379540217
practice 0.7035664627871691 0.6856848016550041 0.7915640532986832 1.0 0.7560113409251086 0.8640307300242144
yes 0.6996504497183352 0.6858456673522851 0.7918539596646095 1.0 0.7575822047298486 0.8658851693948948
right 0.6998898328542297 0.686480895380962 0.7903818085737234 1.0 0.7554764217271387 0.8653576958799972
distance 0.6996504497183352 0.6858456673522851 0.7918539596646095 1.0 0.7575822047298486 0.8658851693948948
latitude 0.7009044116015524 0.6830026939153804 0.7906140649358027 1.0 0.7550804393211505 0.8639171939041698
longitude 0.6985474622906954 0.6816635980530702 0.7896554017241607 1.0 0.7539232247559214 0.8645564597531922
got 0.6996454424815305 0.6843690930410629 0.7900606718027707 1.0 0.7568668871542495 0.8667759558570669
idea 0.7013851540882707 0.6794057718891283 0.7909276595093063 1.0 0.7533276783489427 0.863257129479808
nice 0.7001486290933276 0.6837354908597328 0.789909890155736 1.0 0.7572047368428713 0.8665650903548267
grand 0.6992142802389472 0.6812390627217113 0.7905343507381307 1.0 0.7549179982602908 0.8619825928271211
words 0.7020057920474104 0.6858246461298179 0.7931083625190168 1.0 0.7566672100175039 0.8652899508350368
presently 0.7006277931845368 0.6860510500330632 0.793183201792839 1.0 0.756998227500353 0.8666873736914059
began 0.7010059328835422 0.6842179387035752 0.7934711690422017 1.0 0.7569728661645488 0.866395575367964
through 0.7007362783722806 0.6875177852332108 0.7915251418672263 1.0 0.7563487924863248 0.8657238186924643
funny 0.7049772074506099 0.6885303030796829 0.7955088015881921 1.0 0.7558664451118815 0.8661015708259092
seem 0.7049772074506099 0.6885303030796829 0.7955088015881921 1.0 0.7558664451118815 0.8661015708259092
among 0.7013648065215092 0.68404012832074 0.7926476812671189 1.0 0.7550344174871845 0.8666149792748349
people 0.700718585815209 0.6871512714562621 0.7929880899855285 1.0 0.7570480824431363 0.8678939657909209
walk 0.7016663495060437 0.6849901757752251 0.7922595205182761 1.0 0.755238908024505 0.8677606536889813
their 0.7006650028466402 0.6839142120922302 0.7947137485604743 1.0 0.7561634718582007 0.8677012802585247
heads 0.7036186353879148 0.6849744868413391 0.7904519700688886 1.0 0.7558411337956147 0.8680034560866934
downward 0.7036186353879148 0.6849744868413391 0.7904519700688886 1.0 0.7558411337956147 0.8680034560866934
antipathies 0.7036186353879148 0.6849744868413391 0.7904519700688886 1.0 0.7558411337956147 0.8680034560866934
rather 0.7010574147540917 0.6872756383419356 0.7951858885364443 1.0 0.7584155263045808 0.8659217302540156
glad 0.7000474990129962 0.6844049812895141 0.7922702106330347 1.0 0.7520646542798418 0.8647292654756802
listening 0.7018346464052737 0.6871273997548395 0.791976992487077 1.0 0.7534828531808552 0.8646821121190758
sound 0.701885864173028 0.6874220817746786 0.788969418056342 1.0 0.7552496410964546 0.8655965659983371
word 0.701885864173028 0.6874220817746786 0.788969418056342 1.0 0.7552496410964546 0.8655965659983371
ask 0.702719473432827 0.6827325058845479 0.7912170563588891 1.0 0.7567719119182981 0.8656290045161926
them 0.701567614929294 0.6839419230723932 0.793641107504133 1.0 0.7568593129254273 0.8656456553649167
name 0.6996196642654487 0.683406944305638 0.7911548085014235 1.0 0.7553683078477006 0.8642056811764222
country 0.6996196642654487 0.683406944305638 0.7911548085014235 1.0 0.7553683078477006 0.8642056811764222
is 0.6998341230701701 0.6845365694183763 0.7922907725210914 1.0 0.7567342161475978 0.8650028696469955
know 0.7026591317381252 0.6875815848444127 0.7930732996162765 1.0 0.7590293773368164 0.8657072187628901
please 0.7014832842255433 0.6823042295204986 0.7915924679454835 1.0 0.7542943748872734 0.86583042960587
ma'am 0.7014832842255433 0.6823042295204986 0.7915924679454835 1.0 0.7542943748872734 0.86583042960587
new 0.6983307889200207 0.6827703249761959 0.7881312970742133 1.0 0.7560744792186742 0.8664080715075269
zeland 0.6983307889200207 0.6827703249761959 0.7881312970742133 1.0 0.7560744792186742 0.8664080715075269
australia 0.6983307889200207 0.6827703249761959 0.7881312970742133 1.0 0.7560744792186742 0.8664080715075269
curtsey 0.7013219985445739 0.6840796712465491 0.7920361487144104 1.0 0.7520024341752805 0.8646326073947627
spoke 0.7016492711794838 0.6867080007828247 0.7899871588585972 1.0 0.7526504324313907 0.8668332934758932
fancy 0.6990819892320792 0.6876789721999487 0.7913901088931447 1.0 0.7569446091519968 0.8663680179592314
curtseying 0.7016492711794838 0.6867080007828247 0.7899871588585972 1.0 0.7526504324313907 0.8668332934758932
re 0.7024623009820077 0.6879664719439988 0.7909398653801631 1.0 0.753056543857578 0.8649186914501723
air 0.7020749944293044 0.6883627686033666 0.7919547193317523 1.0 0.7559236522665279 0.8669127108309203
manage 0.7019392494037906 0.6871159505181095 0.7892000102273731 1.0 0.7533784035070593 0.8659790501559674
ignorant 0.7040423220558523 0.6895429612576488 0.7899059952850682 1.0 0.7560656947540054 0.8646928673926182
little 0.7019087799194799 0.6882480195438995 0.7930827287598633 1.0 0.7583181497803149 0.8661512765279971
girl 0.7040423220558523 0.6895429612576488 0.7899059952850682 1.0 0.7560656947540054 0.8646928673926182
asking 0.7048646100401031 0.6847431990116442 0.7900141973885543 1.0 0.7558533144127779 0.8647620304798805
perhaps 0.7043526333375281 0.6844314070936881 0.7916828452282283 1.0 0.7553635439222272 0.862859721673776
written 0.7043526333375281 0.6844314070936881 0.7916828452282283 1.0 0.7553635439222272 0.862859721673776
else 0.70455137417182 0.6843535984516244 0.790548437276727 1.0 0.7522889309957446 0.8631645044628491
soon 0.7038152896557617 0.6888298102961579 0.7934680833501538 1.0 0.7592945047370916 0.8653238610577288
talking 0.7015897450855896 0.6821243402979194 0.7894146930670632 1.0 0.7523740692379185 0.8654714878281491
dinah 0.7001306281212024 0.6853512235091535 0.7904563829956096 1.0 0.7542129225681836 0.8661717931974785
miss 0.7033974676319822 0.6869240054018485 0.789445757951146 1.0 0.7526459128148367 0.8626293800223165
night 0.6992691602189636 0.6829537793942195 0.7852841362267309 1.0 0.7499774765846574 0.8624794659108255
should 0.6993730852599026 0.686079417334631 0.7891217921964393 1.0 0.7546818217668539 0.8643765474596923
cat 0.6998023329811335 0.685592614836087 0.7863228186227683 1.0 0.754621699478361 0.8658405945598879
hope 0.7007268642588093 0.6833561003416789 0.7896585643923989 1.0 0.7568422680806542 0.8645865267972902
remember 0.7005935582801818 0.6847806629480825 0.793235147187887 1.0 0.7574663293663546 0.8658202134720464
saucer 0.7007268642588093 0.6833561003416789 0.7896585643923989 1.0 0.7568422680806542 0.8645865267972902
milk 0.6992138062187728 0.6852525716627152 0.7910119068427965 1.0 0.7571622065318474 0.8667627322405768
tea 0.6992138062187728 0.6852525716627152 0.7910119068427965 1.0 0.7571622065318474 0.8667627322405768
my 0.7013422082598058 0.6858349460598483 0.7936077025612164 1.0 0.7573575091407532 0.8670345715248199
wish 0.6998725240049481 0.6842880156877801 0.7914568308332368 1.0 0.7558340268470568 0.8647957328048297
are 0.694470849341665 0.681024140923923 0.7892122589290917 1.0 0.7531367857243171 0.8662478791934749
mice 0.7016855337139215 0.6887612694275431 0.7929752178057292 1.0 0.7588067072632373 0.8689178207602328
m 0.7016855337139215 0.6887612694275431 0.7929752178057292 1.0 0.7588067072632373 0.8689178207602328
afraid 0.7016855337139215 0.6887612694275431 0.7929752178057292 1.0 0.7588067072632373 0.8689178207602328
might 0.7021069121952329 0.6877899590887705 0.7927563804260034 1.0 0.7580747354906838 0.8660481796934633
catch 0.700445361038803 0.6829056229552926 0.7817934135851462 1.0 0.7543298022140832 0.8671031535040776
bat 0.6992306513099565 0.6848825938932831 0.785902560572998 1.0 0.7541111721428171 0.8659172803495873
mouse 0.7006435707962445 0.6845080248666957 0.7882018740830854 1.0 0.7559324671011752 0.864834678397905
cats 0.7005633525595097 0.6827517876462194 0.7905643596514008 1.0 0.755647617908058 0.8634800644329604
eat 0.7005415477141324 0.6857689354031271 0.7914406639253337 1.0 0.7565687947756238 0.8654789689078528
bats 0.6997769091863761 0.6830637062685206 0.7899150298731303 1.0 0.7555328943739764 0.8638296315272684
saying 0.6982239254767932 0.6855118566866969 0.7940319659548045 1.0 0.7565718581142038 0.8686007841029235
dreamy 0.6989642006432212 0.6868700975841416 0.7934555109988588 1.0 0.7576591282085252 0.8678154270460807
sometimes 0.6998032421309529 0.6840432929088315 0.7914141628716429 1.0 0.7572023864577249 0.8651121390472784
couldn't 0.7009601808188369 0.6832679105725634 0.789893481978442 1.0 0.756684918890994 0.8629043979095152
answer 0.7009601808188369 0.6832679105725634 0.789893481978442 1.0 0.756684918890994 0.8629043979095152
question 0.7009601808188369 0.6832679105725634 0.789893481978442 1.0 0.756684918890994 0.8629043979095152
matter 0.7012227971736705 0.6856261341341349 0.7918732682897771 1.0 0.7591367066991646 0.8639831143445016
felt 0.7006583274305177 0.6860528152660011 0.7908198699495045 1.0 0.758747605191646 0.8664275648308858
dozing 0.6994710972389584 0.6868000868846581 0.7913684485538485 1.0 0.7577806227816575 0.8678327897978998
begun 0.7028542359836516 0.6854064640911245 0.7945989904746472 1.0 0.7590680118934209 0.8674937445931588
dream 0.701100476554906 0.6848480300538222 0.7935564497550068 1.0 0.7582295434842847 0.8685816264885224
walking 0.701100476554906 0.6848480300538222 0.7935564497550068 1.0 0.7582295434842847 0.8685816264885224
hand 0.699290316303429 0.6845009908179305 0.7940827940202334 1.0 0.7568559572621832 0.8689840155506967
earnestly 0.7009108083532011 0.6857130978178408 0.7927188512185026 1.0 0.75376691875673 0.8694120447401452
now 0.7011563856406617 0.6888668766259928 0.7956523736624473 1.0 0.7576288579529357 0.8662860825093274
tell 0.7010414692105235 0.6868522244753743 0.7913532364058279 1.0 0.7525574237058699 0.8683225131752095
truth 0.7010414692105235 0.6868522244753743 0.7913532364058279 1.0 0.7525574237058699 0.8683225131752095
ever 0.6997944339198638 0.6866809807564512 0.7921118667654646 1.0 0.7566691966143932 0.864549324828119
thump 0.7011048967766393 0.6854425132434581 0.7920932857308122 1.0 0.7579048163016505 0.8654673997783557
came 0.7022665319599962 0.6882977569371624 0.7943418104049956 1.0 0.7591519709678205 0.8663320699608513
heap 0.699710458913206 0.6858836106677976 0.7924578301879774 1.0 0.7548590495481923 0.8639106321774941
sticks 0.699710458913206 0.6858836106677976 0.7924578301879774 1.0 0.7548590495481923 0.8639106321774941
dry 0.699710458913206 0.6858836106677976 0.7924578301879774 1.0 0.7548590495481923 0.8639106321774941
leaves 0.699710458913206 0.6858836106677976 0.7924578301879774 1.0 0.7548590495481923 0.8639106321774941
bit 0.699439951049778 0.6859811976923268 0.793256520951088 1.0 0.7560761974429484 0.8618510657171614
hurt 0.699439951049778 0.6859811976923268 0.793256520951088 1.0 0.7560761974429484 0.8618510657171614
jumped 0.699439951049778 0.6859811976923268 0.793256520951088 1.0 0.7560761974429484 0.8618510657171614
overhead 0.6979811515167916 0.685008480857182 0.7911364930600719 1.0 0.7592406133686477 0.8659517663432913
long 0.7018133815027361 0.687609272215875 0.7926132322427286 1.0 0.7585117821933495 0.866419489625842
passage 0.7014374891057622 0.6874303379130016 0.7909812258326182 1.0 0.756408156334182 0.8644224749956656
sight 0.7006563668269041 0.684432175117454 0.7933573111392725 1.0 0.7568457932012023 0.8640767826838269
hurrying 0.7006563668269041 0.684432175117454 0.7933573111392725 1.0 0.7568457932012023 0.8640767826838269
lost 0.703525358012278 0.6854606247732715 0.7911067615533831 1.0 0.7549576987366194 0.8631441275721652
away 0.703525358012278 0.6854606247732715 0.7911067615533831 1.0 0.7549576987366194 0.8631441275721652
wind 0.7022980725561413 0.6831415110078528 0.7892555864112047 1.0 0.7545986307170219 0.8651883081344238
turned 0.7040947289662368 0.6889744332876749 0.7951852159082817 1.0 0.7588635357112834 0.868661343203544
corner 0.7040947289662368 0.6889744332876749 0.7951852159082817 1.0 0.7588635357112834 0.868661343203544
ears 0.7013658643146626 0.687303938997587 0.7935196453612812 1.0 0.7561827609133007 0.8659898683482423
whiskers 0.7022547407631151 0.6837384335119516 0.7941493719554134 1.0 0.7542218181344689 0.8670118748041367
it's 0.7027750105197457 0.6883280199636189 0.7948829988725831 1.0 0.7589632216568997 0.8689342771271208
behind 0.7017627432465305 0.6872696399493597 0.7957261874218738 1.0 0.7593864600177488 0.8674291055429252
longer 0.7018678222497917 0.6883375821608604 0.7975420417591551 1.0 0.7608471345152613 0.8679027772165349
low 0.7028959699414763 0.6884731413171731 0.7949206074895322 1.0 0.7579311302162899 0.8657869178211682
hall 0.7023795410944037 0.6855412278849827 0.7931524554259912 1.0 0.7552543259665161 0.8643579159275501
lit 0.701944140237023 0.6880023511611275 0.7887291737638421 1.0 0.7511849722782796 0.8638704615522428
row 0.701944140237023 0.6880023511611275 0.7887291737638421 1.0 0.7511849722782796 0.8638704615522428
lamps 0.701944140237023 0.6880023511611275 0.7887291737638421 1.0 0.7511849722782796 0.8638704615522428
hanging 0.701944140237023 0.6880023511611275 0.7887291737638421 1.0 0.7511849722782796 0.8638704615522428
roof 0.7031016169321863 0.6871657858217366 0.7910986042383517 1.0 0.7506178575984459 0.8624660939608902
doors 0.7002758521308314 0.6857492630286268 0.7898783010780581 1.0 0.7524581056466567 0.8636253246643126
around 0.7032439468403215 0.6816621002492388 0.79269559536505 1.0 0.7510842803154364 0.8633620186447246
locked 0.7014081916112197 0.68785258118271 0.7910018419531695 1.0 0.7525170373810683 0.8642236387122166
been 0.7021044460479238 0.6852670585914125 0.7892780448602089 1.0 0.7519145161568674 0.8654257284105172
side 0.7021044460479238 0.6852670585914125 0.7892780448602089 1.0 0.7519145161568674 0.8654257284105172
other 0.7042450334627595 0.6887700153576085 0.793951696421242 1.0 0.7560750194489783 0.8658531448041065
trying 0.7025345757850232 0.6872830477510259 0.793964773613396 1.0 0.7591030660607994 0.8653272614407407
every 0.7033299606177406 0.6893796502005457 0.7926090350880463 1.0 0.7552762070019533 0.8640999858350605
door 0.7011517021527418 0.6875675222740456 0.7918589000311148 1.0 0.7564788497743115 0.8645394627674005
walked 0.7043478230608629 0.6868165881064588 0.7919327736746231 1.0 0.7538512230574177 0.8629458114655931
sadly 0.7043478230608629 0.6868165881064588 0.7919327736746231 1.0 0.7538512230574177 0.8629458114655931
middle 0.7043478230608629 0.6868165881064588 0.7919327736746231 1.0 0.7538512230574177 0.8629458114655931
wondering 0.7017962650946463 0.6877574224977187 0.7949976183566253 1.0 0.7575734805318829 0.8634098153950125
three 0.7005954218396444 0.6871183423209685 0.795430492777258 1.0 0.7582365405008017 0.8705669166473565
legged 0.7005954218396444 0.6871183423209685 0.795430492777258 1.0 0.7582365405008017 0.8705669166473565
table 0.7006749219407697 0.6878894875764633 0.794454570551598 1.0 0.7590838802724139 0.8673925227741172
solid 0.7049890857681785 0.6904190774971276 0.7939606006991096 1.0 0.7566689441685349 0.8677910165533296
glass 0.7023722742077819 0.6906137311065591 0.7945058921907584 1.0 0.7607246657254758 0.8684163006094634
except 0.7060724129158067 0.6901639984808847 0.7911203697286945 1.0 0.7534745835540606 0.8644821760253368
tiny 0.7060724129158067 0.6901639984808847 0.7911203697286945 1.0 0.7534745835540606 0.8644821760253368
golden 0.7025573150969364 0.6883302205813313 0.791876033496098 1.0 0.7558762611753796 0.8644662015457867
key 0.7021416874383486 0.688556407062039 0.7934450391479001 1.0 0.7563805826321826 0.8656766018732623
belong 0.6974493775565194 0.6843323844346482 0.7886576914031596 1.0 0.7542988159266494 0.8647848465422179
alas 0.7002761923778877 0.6862311968231466 0.7935881905669124 1.0 0.7591258360869226 0.8646480750286493
locks 0.7016833026745486 0.6835750765636766 0.7938264220425294 1.0 0.7546091315802839 0.8652375283979682
small 0.7002299396097534 0.6872829069943317 0.793021185548802 1.0 0.7541287769714645 0.8635875298777302
any 0.7008386728259944 0.6861549837422198 0.7927332539291931 1.0 0.7543197952635498 0.864285324256374
rate 0.7023622500006328 0.6872748073119256 0.7951702351163052 1.0 0.7541817939709534 0.8641951777486321
open 0.70034462279716 0.6846822465132055 0.7915972613627394 1.0 0.7547724658421141 0.8637926294069893
however 0.6992721234373545 0.6860692752871537 0.789399275876933 1.0 0.7549168701885717 0.8657534730099434
second 0.696655037046545 0.6858214273475929 0.7878610346547965 1.0 0.7531456021856794 0.8641956192322592
round 0.7006924152563365 0.6883849621587349 0.792092636263559 1.0 0.7557200620922838 0.8644356651975493
curtain 0.7016531099564699 0.6878660192026885 0.7935747769850408 1.0 0.7575796935872402 0.8660294816250578
fifteen 0.6973209330047503 0.6838544091770075 0.7878603619486548 1.0 0.7542713746924766 0.8639558083794947
inches 0.6995609903861347 0.6866219771349524 0.7924423245190958 1.0 0.7577193323981063 0.8654375154040376
high 0.6995609903861347 0.6866219771349524 0.7924423245190958 1.0 0.7577193323981063 0.8654375154040376
lock 0.7029057469331016 0.6859314784601468 0.7933591347308316 1.0 0.7536178926446214 0.8634905876695288
delight 0.7029057469331016 0.6859314784601468 0.7933591347308316 1.0 0.7536178926446214 0.8634905876695288
fitted 0.7021363282224738 0.6871014885446096 0.7939644759993912 1.0 0.7550553658669783 0.8635477098243339
opened 0.6996743727704413 0.6883099475452705 0.7920118624673014 1.0 0.7556329990262023 0.8655407137322927
led 0.6998131759450527 0.6851257389190455 0.7914844933711435 1.0 0.7514573379691872 0.8611346149490604
larger 0.7005852270208607 0.6885156985290137 0.7913671901139039 1.0 0.7548549877895192 0.8663066805074395
than 0.7047001852575222 0.6898958908519919 0.7888342637366133 1.0 0.7551169171293931 0.863809309095848
rat 0.7047001852575222 0.6898958908519919 0.7888342637366133 1.0 0.7551169171293931 0.863809309095848
knelt 0.7047001852575222 0.6898958908519919 0.7888342637366133 1.0 0.7551169171293931 0.863809309095848
along 0.7050710261818882 0.6898997096298114 0.787971372234735 1.0 0.7564404860798584 0.8659761296625076
loveliest 0.7048938462864636 0.6914165715841945 0.7920344800872187 1.0 0.7620081115442392 0.8657146021823674
garden 0.7008811457977353 0.6876502794930963 0.7918915453034514 1.0 0.7593041912540706 0.8652484618035824
longed 0.7046962933828733 0.6871044306562557 0.7950048197043775 1.0 0.7573642333431273 0.8637444407966248
wander 0.7010632918046942 0.6830901699271057 0.7930358056283833 1.0 0.7548299461195392 0.8654694122603113
those 0.7011588511723962 0.6832732333067999 0.7922710360826661 1.0 0.7556058378374797 0.8659064660972147
beds 0.7012544035775341 0.6834562833482883 0.7915063222589255 1.0 0.756381673023069 0.8663434880898794
bright 0.7012544035775341 0.6834562833482883 0.7915063222589255 1.0 0.756381673023069 0.8663434880898794
flowers 0.7012544035775341 0.6834562833482883 0.7915063222589255 1.0 0.756381673023069 0.8663434880898794
cool 0.7012544035775341 0.6834562833482883 0.7915063222589255 1.0 0.756381673023069 0.8663434880898794
fountains 0.7004750967754702 0.6837728858746369 0.7943611102138968 1.0 0.7537159656319411 0.8680668446933754
head 0.7048170388600561 0.6880765391415204 0.7960630844354384 1.0 0.7586125975740006 0.8673003515472246
doorway 0.7048837546818505 0.6884791656117019 0.7978984284466121 1.0 0.7590004910629237 0.8689547306410517
go 0.7036754150984574 0.6874143302978842 0.7942621650685858 1.0 0.7569530898623206 0.8661603715861097
poor 0.7010308030644851 0.6890326270124614 0.7926572500294966 1.0 0.7579462559778496 0.8682959563150545
shoulders 0.7023846504434123 0.6877911059443063 0.7932170429547134 1.0 0.757273506486518 0.8677747575963733
shut 0.7008153118655877 0.685335491266955 0.7923461464610907 1.0 0.7559218980739942 0.8648923962344344
telescope 0.701043643950771 0.6889725130652153 0.792383784077893 1.0 0.7594745548445325 0.8658860946512829
only 0.7035670256465808 0.6894525612091789 0.7953210565233435 1.0 0.7614609117109186 0.8668168432907761
begin 0.7053254939645123 0.6895097657000879 0.793611161404984 1.0 0.761746941019372 0.8667115753954528
happened 0.70121918748266 0.6867474798455447 0.7941649549611891 1.0 0.7603555683646913 0.8636662307305459
lately 0.7045961969560544 0.6859611412507721 0.7956345174779452 1.0 0.7599008394873134 0.8664131814479261
few 0.7007494963034291 0.6862353868142392 0.7940084973612231 1.0 0.7569465594517772 0.8644380886380727
indeed 0.7017107977836682 0.689265997923869 0.7965097819096623 1.0 0.7596453948288268 0.8649591776282428
really 0.7032121115626525 0.689252050756546 0.7975234744583025 1.0 0.7583282248535375 0.8674701942999186
impossible 0.7032121115626525 0.689252050756546 0.7975234744583025 1.0 0.7583282248535375 0.8674701942999186
waiting 0.7042689557308655 0.690935771241489 0.7961957238027378 1.0 0.7608611425569947 0.8665106415733679
back 0.7020085203231436 0.6868443122764247 0.7941548534364617 1.0 0.7589545916947499 0.8651595309604868
half 0.7010791631623213 0.6870736963835155 0.796425100457901 1.0 0.7595397626390056 0.8676227689001028
hoping 0.7010791631623213 0.6870736963835155 0.796425100457901 1.0 0.7595397626390056 0.8676227689001028
find 0.7017850440505267 0.6883426840187998 0.7951289211420285 1.0 0.7568938815109365 0.8645492741354996
rules 0.702569841375175 0.6853796301583395 0.7983232846164613 1.0 0.7555912278590434 0.8664692418298662
shutting 0.7017304925095186 0.6904776677410353 0.7922409551129956 1.0 0.7575461979960039 0.8662798827198259
telescopes 0.7018115731563396 0.6898041249842738 0.7941874133598303 1.0 0.7555412199227803 0.8650044792365712
bottle 0.7026941619449651 0.6885050127844127 0.7935401218524418 1.0 0.7570422447823417 0.8674526000354638
certainly 0.7077854345855918 0.6917783751382942 0.797482512780766 1.0 0.7598974816752507 0.8655379321407602
neck 0.7047391488256362 0.6909544371589114 0.7963340432837268 1.0 0.75830048750341 0.8646762673941825
paper 0.7047391488256362 0.6909544371589114 0.7963340432837268 1.0 0.75830048750341 0.8646762673941825
label 0.7065199502953874 0.6880479789038538 0.7973937479256905 1.0 0.7579275616863489 0.8642737151395613
drink 0.7033733594220021 0.687728768915153 0.7949669750169845 1.0 0.7588161605650479 0.8671653328179043
beautifully 0.7021455830360606 0.6891158544354327 0.7931828181293874 1.0 0.758560643058312 0.8671741324424074
printed 0.7016988586315348 0.6880368116784066 0.7952361480986067 1.0 0.7615415386569795 0.866543946282169
letters 0.7015837818581184 0.6852878138288861 0.7911935379896872 1.0 0.7572843205991102 0.8644817055104119
wise 0.7033324968497765 0.6890929385317521 0.7938715996185448 1.0 0.7620121876276152 0.8633671160744542
hurry 0.7008939715599509 0.6875733351971088 0.7910985500409157 1.0 0.7607956574031199 0.8661576229873408
marked 0.7016405988568961 0.6876952469138364 0.7919781851453099 1.0 0.7576431015490647 0.8692400643816712
poison 0.7015112476624509 0.6869780243578789 0.7919577666708524 1.0 0.756532145498859 0.868365267833706
read 0.7014117773922265 0.6864334934271835 0.7962816222544918 1.0 0.7568600280029397 0.8663517674628599
histories 0.70145465485291 0.6843646686528035 0.7894275312342495 1.0 0.7553121299820713 0.8681968004821
children 0.7049894529620122 0.6899526484469054 0.791420939097897 1.0 0.7587352118161454 0.8671845939599495
who 0.7049894529620122 0.6899526484469054 0.791420939097897 1.0 0.7587352118161454 0.8671845939599495
d 0.703771939354787 0.6876459472413526 0.7917508330392826 1.0 0.7593592967324442 0.8677613504894974
gotten 0.7049894529620122 0.6899526484469054 0.791420939097897 1.0 0.7587352118161454 0.8671845939599495
burnt 0.7049894529620122 0.6899526484469054 0.791420939097897 1.0 0.7587352118161454 0.8671845939599495
eaten 0.7011738891487133 0.6868119908381951 0.7899043485814617 1.0 0.7556925945977407 0.8672103380631108
wild 0.7011738891487133 0.6868119908381951 0.7899043485814617 1.0 0.7556925945977407 0.8672103380631108
beasts 0.7011738891487133 0.6868119908381951 0.7899043485814617 1.0 0.7556925945977407 0.8672103380631108
unpleasant 0.70516588343843 0.6881565317061785 0.7953028343800798 1.0 0.7568788750397241 0.8676173719940838
because 0.70516588343843 0.6881565317061785 0.7953028343800798 1.0 0.7568788750397241 0.8676173719940838
simple 0.7026683716272791 0.6845188248343415 0.7977162259397228 1.0 0.7573583968540988 0.866840621097468
friends 0.6996644414259037 0.6828390921612769 0.7971660520396477 1.0 0.7570873106649886 0.8676419533876818
taught 0.6996644414259037 0.6828390921612769 0.7971660520396477 1.0 0.7570873106649886 0.8676419533876818
red 0.702977212797237 0.6847829206823326 0.7995635661447272 1.0 0.7572678692273587 0.867800912421534
poker 0.6970700199541982 0.6860477232407654 0.7903698330211361 1.0 0.756097156624548 0.8669814498867562
will 0.6970700199541982 0.6860477232407654 0.7903698330211361 1.0 0.756097156624548 0.8669814498867562
burn 0.6970700199541982 0.6860477232407654 0.7903698330211361 1.0 0.756097156624548 0.8669814498867562
hold 0.6970700199541982 0.6860477232407654 0.7903698330211361 1.0 0.756097156624548 0.8669814498867562
cut 0.701884786368302 0.6864833241276711 0.7880807887364731 1.0 0.7559054810085046 0.8675527262578575
your 0.7012383757221631 0.6881684581939376 0.7890960299215406 1.0 0.7589610860343549 0.8691678198523248
finger 0.7012383757221631 0.6881684581939376 0.7890960299215406 1.0 0.7589610860343549 0.8691678198523248
deeply 0.7012383757221631 0.6881684581939376 0.7890960299215406 1.0 0.7589610860343549 0.8691678198523248
knife 0.7012383757221631 0.6881684581939376 0.7890960299215406 1.0 0.7589610860343549 0.8691678198523248
usually 0.7011630114597062 0.6876687404367888 0.7947937587521944 1.0 0.7599007286042048 0.8692775563123166
bleeds 0.7011630114597062 0.6876687404367888 0.7947937587521944 1.0 0.7599007286042048 0.8692775563123166
forgotten 0.7024101999936118 0.6860256718373233 0.793958147604179 1.0 0.759553820835944 0.8700023517845119
almost 0.7023107914343608 0.6854321402225143 0.7933519473746701 1.0 0.7543368940172838 0.8704416194721195
certain 0.7023107914343608 0.6854321402225143 0.7933519473746701 1.0 0.7543368940172838 0.8704416194721195
disagree 0.7023107914343608 0.6854321402225143 0.7933519473746701 1.0 0.7543368940172838 0.8704416194721195
sooner 0.6991658190485118 0.6892629492077245 0.7880271578150707 1.0 0.7570079210490005 0.8683965330839275
later 0.6991658190485118 0.6892629492077245 0.7880271578150707 1.0 0.7570079210490005 0.8683965330839275
ventured 0.7029518366903136 0.6906781378818886 0.7898570363012222 1.0 0.7616109966379817 0.8676570525641396
taste 0.7029518366903136 0.6906781378818886 0.7898570363012222 1.0 0.7616109966379817 0.8676570525641396
finding 0.7012171608173818 0.6886669833269629 0.7911642524686356 1.0 0.761031581330504 0.8660307635223972
fact 0.7022067716095343 0.6902612180965672 0.7966055179764802 1.0 0.7624692962546639 0.8670803039525632
mixed 0.7022067716095343 0.6902612180965672 0.7966055179764802 1.0 0.7624692962546639 0.8670803039525632
flavor 0.7022067716095343 0.6902612180965672 0.7966055179764802 1.0 0.7624692962546639 0.8670803039525632
cherry 0.7020340830611336 0.688254756232718 0.7956748269416553 1.0 0.7604271048557666 0.8663940719054533
tart 0.7020340830611336 0.688254756232718 0.7956748269416553 1.0 0.7604271048557666 0.8663940719054533
custard 0.6971406986367108 0.6862084314598965 0.7942931765308354 1.0 0.760392113223199 0.867865104362709
pine 0.6971406986367108 0.6862084314598965 0.7942931765308354 1.0 0.760392113223199 0.867865104362709
apple 0.6971406986367108 0.6862084314598965 0.7942931765308354 1.0 0.760392113223199 0.867865104362709
roast 0.6971406986367108 0.6862084314598965 0.7942931765308354 1.0 0.760392113223199 0.867865104362709
turkey 0.7018038490738585 0.6892322169317495 0.7991007260187183 1.0 0.7630381649654457 0.8663202767974095
toffee 0.7018038490738585 0.6892322169317495 0.7991007260187183 1.0 0.7630381649654457 0.8663202767974095
buttered 0.7018038490738585 0.6892322169317495 0.7991007260187183 1.0 0.7630381649654457 0.8663202767974095
toast 0.6961648084207391 0.6860185995216336 0.7945961572466939 1.0 0.7609244851045613 0.867079091010619
finished 0.7051590380049467 0.6880061438761518 0.7954953238611755 1.0 0.7608100766264198 0.8625587263475996
curious 0.6994489741717795 0.6888728700726785 0.7906834252928431 1.0 0.7593489535803372 0.8657870259873364
feeling 0.7001521205748334 0.6892678467110643 0.790030494216614 1.0 0.7597579740623905 0.8670039724266853
ten 0.7018056758000155 0.6893952629796585 0.7970337535754622 1.0 0.7611744136981764 0.8669222836842059
face 0.7018056758000155 0.6893952629796585 0.7970337535754622 1.0 0.7611744136981764 0.8669222836842059
brightened 0.6999934745567007 0.6882016421567239 0.7975816251461725 1.0 0.7565150884664922 0.8620827988204663
size 0.6972268076256957 0.6878796212636384 0.7895976091356401 1.0 0.7553641033869779 0.8646280127533505
lovely 0.7008324570243147 0.6869650531763899 0.7913509249993494 1.0 0.7555442514859247 0.8639866081856471
waited 0.6998452660756075 0.6858078586428319 0.7922427146329569 1.0 0.7562037652914273 0.8647082218258159
minutes 0.6985856509071106 0.6838943811059555 0.7916190240160884 1.0 0.7548872100766622 0.8640791573370923
shrink 0.6982858910545398 0.6853881179693159 0.7889957399245094 1.0 0.7541431689822184 0.8649582022863166
further 0.6982858910545398 0.6853881179693159 0.7889957399245094 1.0 0.7541431689822184 0.8649582022863166
nervous 0.7031140811130965 0.6874861601833778 0.7908268763061873 1.0 0.7581830902265139 0.8635711668428061
altogether 0.6983870701461852 0.6867364345414794 0.7958919079170836 1.0 0.7613369283939655 0.8700553133986846
candle 0.7007970178309147 0.6855221707015846 0.794388580809012 1.0 0.7593580688958752 0.8658575121948472
flame 0.6964979076086782 0.6886562974206452 0.7928022394955075 1.0 0.7612668859329212 0.8658996977914211
blown 0.6975284957714138 0.6879666994415927 0.7933612243211927 1.0 0.7591952813942972 0.8655821294700726
thing 0.6994551504083911 0.6896752730082388 0.7923545221038144 1.0 0.7586656619276879 0.8675856626485577
while 0.6998815098891642 0.6877656983285718 0.7934922711932525 1.0 0.7601767186997901 0.8668060426734298
more 0.6994838304212937 0.6866573886956661 0.7924704547122894 1.0 0.7604526154383268 0.8644057358887833
decided 0.6969084837293176 0.6845595555965411 0.7922876259147315 1.0 0.7603454127832197 0.8660401472424473
possibly 0.7005864458775237 0.6865122932734667 0.789542357967413 1.0 0.7589538297055365 0.8677982335849446
reach 0.7011460468908177 0.6904887713115788 0.792808333203997 1.0 0.7590656039807091 0.8693511229859769
plainly 0.6995230812169095 0.6895582976447395 0.7917192505581983 1.0 0.7626778323426404 0.867596814256271
best 0.6997423116151908 0.690251144705825 0.7958252437673721 1.0 0.760658327393604 0.8651537268164403
climb 0.6997423116151908 0.690251144705825 0.7958252437673721 1.0 0.760658327393604 0.8651537268164403
legs 0.6994254085582258 0.6863564389428869 0.7949709995316114 1.0 0.7582368787153573 0.8662734689407198
slippery 0.7031305434355021 0.6895145060283919 0.797904552867991 1.0 0.7632818740705744 0.8677617390553684
sat 0.7005260866093033 0.6928541991038165 0.7923502052174967 1.0 0.7591242071539618 0.8691203773600303
cried 0.7076552406203312 0.6908690996406419 0.795388490251504 1.0 0.7625667220784322 0.8674036197677383
crying 0.7056646564321408 0.6921969193282775 0.7974466597140636 1.0 0.7615283966117641 0.8653758906382014
sharply 0.702335318552701 0.6929736137890337 0.7954687184333787 1.0 0.7616592507538881 0.8660117474510169
advise 0.7014805496261753 0.6874262678550332 0.7910042763770305 1.0 0.7592689010016271 0.8633037779518082
leave 0.7014805496261753 0.6874262678550332 0.7910042763770305 1.0 0.7592689010016271 0.8633037779518082
minute 0.7002879733486405 0.6827737381968161 0.7921276325577176 1.0 0.7570156327891372 0.8627106693846852
generally 0.7044651204865883 0.6888126943884849 0.7954546340957396 1.0 0.7600460597637135 0.8632255421309981
gave 0.7044651204865883 0.6888126943884849 0.7954546340957396 1.0 0.7600460597637135 0.8632255421309981
advice 0.7044651204865883 0.6888126943884849 0.7954546340957396 1.0 0.7600460597637135 0.8632255421309981
seldom 0.7060371948146114 0.6886357301454922 0.7976566555501251 1.0 0.7590744096599041 0.8637819059409424
followed 0.7060371948146114 0.6886357301454922 0.7976566555501251 1.0 0.7590744096599041 0.8637819059409424
scolded 0.7006571561340673 0.6849459844681302 0.7936761269139415 1.0 0.7589245181527301 0.8666042063868268
severely 0.703327050016041 0.6857158508892754 0.7928476248448718 1.0 0.7561344223898615 0.8642794140401109
bring 0.703327050016041 0.6857158508892754 0.7928476248448718 1.0 0.7561344223898615 0.8642794140401109
tears 0.7053020596672992 0.6880454446373895 0.7918083788184453 1.0 0.7590303661581989 0.8667651124924475
remembered 0.7036101315978043 0.6848077232848088 0.79322418244376 1.0 0.7619284108318443 0.8681546125160174
box 0.7031105398682914 0.6883371409154032 0.7955332226753271 1.0 0.762374651466725 0.8690083174655673
cheated 0.7004792605331872 0.6908603282482411 0.7928915288433723 1.0 0.7581386899808288 0.8649704749442821
game 0.699444305608932 0.6870349321462849 0.7923323425423462 1.0 0.7590287319688792 0.8641886515690562
croquet 0.699444305608932 0.6870349321462849 0.7923323425423462 1.0 0.7590287319688792 0.8641886515690562
playing 0.699444305608932 0.6870349321462849 0.7923323425423462 1.0 0.7590287319688792 0.8641886515690562
against 0.699444305608932 0.6870349321462849 0.7923323425423462 1.0 0.7590287319688792 0.8641886515690562
child 0.7008274337861148 0.6916611944852161 0.79280267675009 1.0 0.7617779489133941 0.8698788004586586
fond 0.7008274337861148 0.6916611944852161 0.79280267675009 1.0 0.7617779489133941 0.8698788004586586
pretending 0.7008274337861148 0.6916611944852161 0.79280267675009 1.0 0.7617779489133941 0.8698788004586586
two 0.6996908886685914 0.686908200241409 0.7927528364553157 1.0 0.7587185128800498 0.8694137790337191
pretend 0.699981504814188 0.688332360547328 0.7945671200290513 1.0 0.7570645287917703 0.8706436118833775
hardly 0.7024774486444572 0.6933671638507479 0.7953849821097819 1.0 0.7584036208891982 0.8705386780494485
enough 0.7024774486444572 0.6933671638507479 0.7953849821097819 1.0 0.7584036208891982 0.8705386780494485
respectable 0.7030533954340639 0.6916624336460078 0.794645167263279 1.0 0.761064904791357 0.8693033310440407
person 0.7030533954340639 0.6916624336460078 0.794645167263279 1.0 0.761064904791357 0.8693033310440407
eye 0.7017255117048905 0.6941564556506469 0.7943661827100383 1.0 0.7648135317363031 0.8702721278804336
lying 0.70261114551004 0.6918651641962341 0.7978413506856618 1.0 0.7628207158075003 0.8698616851460775
cake 0.7003008903044364 0.6882265524520548 0.7914131022178813 1.0 0.7571703629016926 0.8696474477732795
currants 0.7020284521497041 0.689845804016902 0.7920394089522209 1.0 0.7609742494683794 0.8718630994693672
makes 0.6991980015322633 0.687778750745615 0.7928255073857396 1.0 0.7587216667050348 0.868141243063943
grow 0.6994757749270737 0.6894155079513185 0.7918588136384702 1.0 0.7581273354222602 0.8686852688445325
can 0.7008969913528578 0.6916686791040669 0.7927469099538914 1.0 0.7580725207625819 0.8678021423507093
smaller 0.6972539055833338 0.6843634064482723 0.7876417536570088 1.0 0.7570822088333009 0.8664669573708393
creep 0.700089306247179 0.6888600488920892 0.7894162313067433 1.0 0.7569739218631962 0.8647084830654291
