word v0 v1 v2 v3 v4 v5
alice 0.618397181344676 0.48661445275706 0.8650752057085098 1.0 0.6470197584108262 0.5807495667941966
was 0.6208428238637279 0.48757044552514767 0.8645634610274872 1.0 0.648010135916912 0.5815166977646073
beginning 0.619612995483911 0.492050937413451 0.8689958908677786 1.0 0.6437348451021065 0.5807665481593688
to 0.6202163060778038 0.48774318733519484 0.865587636231704 1.0 0.6477423313871257 0.5808324338417641
get 0.6207528897188731 0.4903074370539351 0.8697048333486681 1.0 0.647518965533812 0.58294947266102
very 0.6169588822170026 0.486082385489619 0.8644055626905093 1.0 0.6467447110524697 0.581080160001733
tired 0.6177735522790548 0.4920748698266425 0.8677638012007327 1.0 0.6445860739430072 0.5786452913217441
of 0.6201443767919171 0.4877163210641369 0.8643688604287448 1.0 0.6477919466151106 0.5814695363634215
sitting 0.6177351987235712 0.4921846341482041 0.8694784794974614 1.0 0.6435961192355569 0.5788417387241199
by 0.6197295447750678 0.48910743392752865 0.8672247859487104 1.0 0.6456576609404292 0.5809344385291603
her 0.618802183755023 0.4879169384854257 0.8650008453362944 1.0 0.6460588585444862 0.5803637329850374
sister 0.6219309523151698 0.4941281759955721 0.8705074527221265 1.0 0.6462776190512856 0.5811814010546907
on 0.6201333202494108 0.4869474820546926 0.8627976139762465 1.0 0.647060527459193 0.5814539612705248
the 0.6194560849210441 0.48654631803812004 0.863906119424088 1.0 0.6475153681495727 0.5812753560629685
bank 0.6206736678169416 0.49243821218550365 0.8703518294065324 1.0 0.6463966403370278 0.5806119732848318
and 0.6201630122879337 0.4879271389939189 0.8649536042365049 1.0 0.6469848817700061 0.581136526797942
having 0.6175566874628357 0.4885994549064744 0.8661721994963855 1.0 0.6470734173374268 0.5802902405813505
nothing 0.6199234351836655 0.4892564413282291 0.8671489663334278 1.0 0.6469124857236592 0.5821818800630606
do 0.626348353006806 0.49221591776735446 0.8690507165549857 1.0 0.6501915808080047 0.5816095499061931
once 0.6157362331723204 0.4867974601599656 0.8616477996744064 1.0 0.6490381284192006 0.5791087023546652
or 0.622695690596445 0.49034604262772175 0.8663785148485589 1.0 0.6485723059542733 0.5813709701010367
twice 0.6210987909817696 0.4942109841699201 0.8715449437661064 1.0 0.6462246130367617 0.5821993793809925
she 0.6204296303219693 0.48793670604552175 0.8649553071399306 1.0 0.6474277203012834 0.5813595914601045
peeped 0.6261336656359461 0.4960749417035907 0.8715381327617463 1.0 0.6489635668194738 0.5835249443129263
into 0.6196373495868167 0.48689990353991586 0.8663644245493478 1.0 0.6465585376277739 0.5811755561694117
book 0.6259646821768056 0.49598498955583986 0.8675089605582036 1.0 0.6487971531886859 0.5825070046750861
reading 0.63052163196536 0.4987877390532938 0.8741813872946613 1.0 0.6444861359285556 0.5823832594292163
but 0.6217415571348385 0.4884552130960571 0.8646591117167668 1.0 0.6469939259478374 0.5815182739282205
it 0.6196681129506825 0.4869106411342829 0.8648800936817956 1.0 0.6464933990169045 0.580205138793845
had 0.620271998302759 0.4877748785224175 0.8662261743713593 1.0 0.6463884734769058 0.5808778800366978
no 0.6222649827528248 0.48900545206914375 0.8679272104524886 1.0 0.6488902026867764 0.5815829860974014
pictures 0.6240578182414241 0.49357706042067645 0.8658776594323166 1.0 0.6459561742404804 0.5811574432507658
conversations 0.6274763653182903 0.4988892328648381 0.871280939105231 1.0 0.6463261530945537 0.5833093445448759
in 0.6204977110865754 0.4866311923032988 0.8650146505174019 1.0 0.6468834495925587 0.5810009310604765
what 0.6186051979001554 0.48687564007008255 0.8635043356352283 1.0 0.6484055034184214 0.5804617865309544
s 0.6203970651327392 0.4888848491269948 0.8658018756069137 1.0 0.649415120788786 0.581335943745846
use 0.6207159447885545 0.4903282523834068 0.8682928786005892 1.0 0.6507981421998335 0.5829726631350481
a 0.6201227767524174 0.4871203580322857 0.8657284731159389 1.0 0.6472576391032675 0.5808791366849387
thought 0.621934533351087 0.48905637455204565 0.8663323417780155 1.0 0.6466721630257413 0.5800832064553649
without 0.6189759142274612 0.48794816201601554 0.8613140262330238 1.0 0.6456664857173172 0.5811516229418946
conversation 0.6223335477999845 0.4932628173009626 0.8622060427626543 1.0 0.6455751989936072 0.5823694290686856
so 0.6173220136551377 0.48781255429525916 0.8659060395974539 1.0 0.6472554336460594 0.5812610975422903
considering 0.619305863207915 0.4870596777414512 0.8662638068042214 1.0 0.6456043296881858 0.5777616994508271
own 0.6155243044027288 0.4874778249085466 0.8603157180277746 1.0 0.6477391322537827 0.5770379071721686
mind 0.6188023055559887 0.48794442502792595 0.867082505002391 1.0 0.6465944896703572 0.578921911812956
as 0.6220182065561279 0.48859575021416307 0.863957918211058 1.0 0.6465875362725558 0.5802998973172268
well 0.619791320968773 0.48874261191947044 0.8639869596547552 1.0 0.6482829079776572 0.5801599231349396
could 0.617251801268663 0.4849798368742951 0.8652835830770839 1.0 0.6473597882004607 0.5810716223955786
for 0.6183768371019414 0.4864864429336761 0.8651668717716168 1.0 0.647064162002484 0.5805093847815076
hot 0.6160458618293048 0.48744486535272913 0.8647972258261335 1.0 0.6456942360281736 0.5792942141985591
day 0.6187857201056908 0.4935533928598268 0.8666659773102283 1.0 0.6438087937697548 0.5794700837952304
made 0.6165079933416349 0.48944103597222266 0.8628399723048703 1.0 0.646651620674807 0.5822048461027869
feel 0.6167686401844344 0.49033478279637877 0.8656575422174573 1.0 0.6449977088447578 0.5824867357837045
sleepy 0.6201694258818347 0.4898947650284355 0.8655046727850636 1.0 0.6479755548440038 0.5823587074680345
stupid 0.6167686401844344 0.49033478279637877 0.8656575422174573 1.0 0.6449977088447578 0.5824867357837045
whether 0.6170356811941375 0.4860135401521494 0.8635810096054414 1.0 0.6445709634947012 0.5810004354740779
pleasure 0.6156156759845702 0.4846684331062789 0.8642119255060625 1.0 0.6453572923103202 0.5832797115046237
making 0.6156156759845702 0.4846684331062789 0.8642119255060625 1.0 0.6453572923103202 0.5832797115046237
daisy 0.6176664862091737 0.48738366869138083 0.8671496880730825 1.0 0.6441900529184511 0.5818779672738918
chain 0.6176664862091737 0.48738366869138083 0.8671496880730825 1.0 0.6441900529184511 0.5818779672738918
would 0.6208264715876125 0.48549357889521605 0.8648605210457933 1.0 0.6466552945327488 0.5808699806547967
be 0.6184179637599178 0.4855423158235104 0.8659189961284588 1.0 0.6475761800282144 0.5816537988444708
worth 0.6176664862091737 0.48738366869138083 0.8671496880730825 1.0 0.6441900529184511 0.5818779672738918
trouble 0.6287900866676523 0.4950474131958501 0.8674211633513725 1.0 0.6481208674810809 0.5828556481928929
getting 0.621258836213162 0.48661264894212086 0.8655924897155594 1.0 0.6464677759871235 0.5803787868427783
up 0.6248024930127661 0.4897832571389895 0.8665376469980838 1.0 0.6482599691333613 0.5819340053452629
picking 0.6287900866676523 0.4950474131958501 0.8674211633513725 1.0 0.6481208674810809 0.5828556481928929
daisies 0.6287900866676523 0.4950474131958501 0.8674211633513725 1.0 0.6481208674810809 0.5828556481928929
when 0.6182759726074704 0.48821395080654123 0.8656621190795959 1.0 0.6473127417660102 0.5817005228573883
suddenly 0.6220603936903871 0.49111819589444566 0.8685711674367536 1.0 0.646771347412702 0.5834015930423357
white 0.6214821046732824 0.48944650513633353 0.8596506492552658 1.0 0.6478234776779059 0.5831588038701457
rabbit 0.6198574312951765 0.4877842969885486 0.8628807311718134 1.0 0.6475589341352419 0.5815843432976542
with 0.6197047870035844 0.48792096720410527 0.8629723856782299 1.0 0.647437532079964 0.5802404948983061
pink 0.6141725907604055 0.48750227472524493 0.8611637290646058 1.0 0.6460757820754367 0.5785935113518975
eyes 0.6132597617136084 0.48413298142041183 0.8594292950976126 1.0 0.6435778750608152 0.5768314843926547
ran 0.6201224691172096 0.48754305235948275 0.8626112815000718 1.0 0.646289480716858 0.5802671022505197
close 0.61609458017561 0.483150896786087 0.8654860261897575 1.0 0.6455067121190166 0.580040709157911
there 0.6206452453899599 0.48855896100325563 0.8668151900899457 1.0 0.6487435776513177 0.581812474813809
remarkable 0.6219801326030544 0.4886297419315042 0.8673425303229261 1.0 0.6479057530658621 0.5811126701090341
that 0.6202566223383237 0.48783080918589156 0.8657658418364428 1.0 0.6479344151565432 0.5814890357762966
nor 0.6219801326030544 0.4886297419315042 0.8673425303229261 1.0 0.6479057530658621 0.5811126701090341
did 0.624234006232872 0.48947623460064926 0.8659318788692874 1.0 0.6458827148573788 0.58297309122688
think 0.6200827717512425 0.4861526397387009 0.865579301071494 1.0 0.6465718777305058 0.5800754581880437
much 0.6195290207264949 0.48663943711873103 0.86647423609944 1.0 0.6488561931929159 0.5827703687889786
out 0.6200267050764426 0.4881824303531736 0.8661992535139172 1.0 0.647730802116749 0.5812022576446979
way 0.6225932789186785 0.4890197340371912 0.8678452770734773 1.0 0.6482865109875047 0.5837010031328669
hear 0.6205843604154113 0.48725948706463384 0.8619270270173873 1.0 0.6467290467245232 0.5802229404495166
say 0.6203017756879851 0.4869342183478143 0.8647791444029815 1.0 0.6458669442267797 0.5795344688896381
itself 0.6181367483704054 0.48937723601291044 0.8609175162688827 1.0 0.6470827417239332 0.5807369799324889
oh 0.620135927064323 0.4876764415504965 0.8638546480462018 1.0 0.6442221572829986 0.5793994896219199
dear 0.6190390903154264 0.4881258306477407 0.8676212702588901 1.0 0.6446155725928147 0.5801831377724119
i 0.6189242614421276 0.4855525733376859 0.8647508657648668 1.0 0.6481975931272681 0.58052366935079
shall 0.6256809310658973 0.48944244405285237 0.8655635672057418 1.0 0.6475722884848042 0.5809302376646039
late 0.6204620780616894 0.48664332822310147 0.8675189110897954 1.0 0.648022164858467 0.5800362628000318
over 0.6228461744824292 0.49200744641527355 0.8698240213233414 1.0 0.6452085159059968 0.5805937975898314
afterwards 0.6251200639281534 0.4945418330989376 0.8725586244550159 1.0 0.6460471129605477 0.5794457138511377
occurred 0.6251200639281534 0.4945418330989376 0.8725586244550159 1.0 0.6460471129605477 0.5794457138511377
ought 0.6235660174798464 0.49247253363834564 0.8712870407462993 1.0 0.645084689422131 0.5795099977199906
have 0.6234691431866322 0.48842244973998383 0.8652419182002548 1.0 0.6445372641283538 0.5788430672011794
wondered 0.6235660174798464 0.49247253363834564 0.8712870407462993 1.0 0.645084689422131 0.5795099977199906
at 0.620488100066233 0.4892581717118075 0.8645622721517147 1.0 0.6479931909737553 0.5800249030772406
this 0.6195098561104379 0.48634599712215476 0.8640332240445265 1.0 0.6464825051327188 0.5799452022075366
time 0.6205485243696305 0.4869214931602572 0.8634364406532756 1.0 0.6464331017695724 0.5798205686638183
all 0.6198102154756384 0.4879640357895465 0.8635069208953667 1.0 0.6471841045811699 0.5825025042227048
seemed 0.6234991109107327 0.4934578823615313 0.868629216357111 1.0 0.6474752693614232 0.5821516272059785
quite 0.6184753591121678 0.48923746969615545 0.8647334218809887 1.0 0.6481851441007451 0.5818737173552601
natural 0.6192974940798077 0.4927564330399745 0.8614317887816774 1.0 0.6459106068638886 0.58004741808928
actually 0.6215388015049182 0.4922392910566158 0.864159829563483 1.0 0.6461240990888899 0.5776130955079098
took 0.622726471970851 0.4919264809054709 0.8646040352638213 1.0 0.646989301246581 0.5784984281114026
watch 0.6259402870230371 0.49087637377945714 0.8664632430897006 1.0 0.6458707638440242 0.5788331549706612
its 0.6214891840975476 0.4885135836371389 0.8619351005609324 1.0 0.6489450781792943 0.5782533479925591
waistcoat 0.6259402870230371 0.49087637377945714 0.8664632430897006 1.0 0.6458707638440242 0.5788331549706612
pocket 0.6229376069394781 0.48962050070201263 0.8685606654968918 1.0 0.6455155779552223 0.5795487973523379
looked 0.624704463820494 0.4915790522341923 0.8668317028070719 1.0 0.6475731564667393 0.582324699427382
then 0.6161219764840318 0.4848245690199524 0.8637956744687988 1.0 0.6467849874134306 0.5799155413925022
hurried 0.6172323453645326 0.48303509233427155 0.8622444227375098 1.0 0.6485668134784824 0.5811782680299956
started 0.6182072280455526 0.4890259273516357 0.868470441819877 1.0 0.6465887812793462 0.581322382368538
feet 0.6230605913338345 0.49385193359928853 0.8728811221747339 1.0 0.6474546761528174 0.583920651938464
flashed 0.6174830076766988 0.48655269393952294 0.8665823223078342 1.0 0.6492378641465526 0.5806115249811984
across 0.6185056631296387 0.48839780830743584 0.8653821864577742 1.0 0.6489124199220339 0.5816002803987174
she'd 0.6174830076766988 0.48655269393952294 0.8665823223078342 1.0 0.6492378641465526 0.5806115249811984
never 0.6226378580815954 0.4905426531508243 0.867634068358386 1.0 0.6490267052933613 0.5781007996016811
before 0.6205541620708015 0.48854812182996604 0.8645595051301528 1.0 0.6453725828157392 0.5801258578834518
seen 0.6194359586190019 0.4881848063652304 0.8668111259450559 1.0 0.648042830933615 0.5829195930337019
either 0.6207807792681853 0.4895514832137499 0.8670811575238732 1.0 0.6456731465215566 0.5812051469954905
take 0.6224108422899375 0.4938700333184993 0.8685341904776833 1.0 0.64474959331531 0.5787501939433343
burning 0.6224108422899375 0.4938700333184993 0.8685341904776833 1.0 0.64474959331531 0.5787501939433343
curiosity 0.6208398169946959 0.4879053511282281 0.8618705076813291 1.0 0.6481628790351744 0.5800270681626066
field 0.6195267207757985 0.49024003985079745 0.864183925711585 1.0 0.6485874841747225 0.5825874909751998
after 0.61941097935397 0.48804539629534144 0.8670765462315868 1.0 0.6476944854071207 0.5814977143497071
fortunately 0.6269323955122325 0.4932090735133829 0.8694990330749285 1.0 0.6481444615064368 0.5841539864010037
just 0.6236840596979307 0.48989997623367054 0.8673299168572175 1.0 0.6481616376916572 0.5840021635764003
see 0.6214316593954144 0.48643799904932317 0.8675412543009788 1.0 0.647111556340458 0.5815529121887114
pop 0.6165684076597994 0.4832671464935576 0.8613556294266479 1.0 0.6485113770402259 0.583096769142496
down 0.621411190653885 0.4878529281729748 0.8665005443708743 1.0 0.6482878668478098 0.58180793913203
large 0.6141755990780671 0.4796381974946635 0.8604995286580217 1.0 0.6470788707684888 0.5807388122622846
hole 0.6200546829419054 0.485402260284638 0.8639770967995687 1.0 0.6459442656861953 0.5803018135435335
under 0.6144333031133208 0.481944763382914 0.8591354270937746 1.0 0.6507317993426057 0.5816182405280202
hedge 0.6196720899688224 0.4835810218200729 0.8591077099530814 1.0 0.6494743277096473 0.582202243446593
another 0.6218901696259505 0.4913224122826395 0.8649900298767875 1.0 0.646586768829646 0.5855774663769078
moment 0.6220028978798743 0.48869082837599176 0.869264315589515 1.0 0.6466033802783205 0.5832852775618064
went 0.623959199498022 0.488836843282312 0.8656792498586702 1.0 0.6477695938343013 0.5826176040945158
how 0.6196494138221227 0.48560233164118244 0.8655616904841078 1.0 0.6458429854690658 0.579050813065255
world 0.61798016598459 0.4829295409295208 0.8695502008183097 1.0 0.645719047561278 0.5780892093840932
again 0.623196745483733 0.4900214211256802 0.8659411751531149 1.0 0.6483475108344833 0.5812223974272946
straight 0.622028712010809 0.48841767982615397 0.8690924445835593 1.0 0.6454327429647031 0.5807361298011922
like 0.6187578521131402 0.4853316031092339 0.865562848826645 1.0 0.647239139767937 0.5800306239843593
tunnel 0.622028712010809 0.48841767982615397 0.8690924445835593 1.0 0.6454327429647031 0.5807361298011922
some 0.6229454561699584 0.4909382201391556 0.8677980415162987 1.0 0.6458219853424398 0.5808599626553778
dipped 0.6229454561699584 0.4909382201391556 0.8677980415162987 1.0 0.6458219853424398 0.5808599626553778
not 0.6188590327567288 0.48490331879673937 0.8643485754863148 1.0 0.6484306488570785 0.5820190877049363
about 0.621060170580491 0.487593987974325 0.8680075814467778 1.0 0.6476708514280024 0.5807764959595667
stopping 0.6218787367426714 0.48605497546085197 0.86480693210212 1.0 0.6464109926087219 0.5799732209067856
herself 0.6183772793026308 0.48597180819354213 0.8631591248610551 1.0 0.6487492598468351 0.5807995697355391
found 0.6171261039863543 0.48385684827970166 0.8642167221618593 1.0 0.648168322398818 0.5812369910172689
falling 0.6204920524111617 0.48642605033963066 0.8643325037756868 1.0 0.6472806544953824 0.5783904414637626
deep 0.6207883315457334 0.48662861025258447 0.8666319067303703 1.0 0.6491056426175905 0.5802415697470074
fell 0.6157409541826406 0.4835496410253794 0.8605781049440421 1.0 0.6453698781150665 0.5787725934551814
slowly 0.6152800200929553 0.4899713815769178 0.8645840886730153 1.0 0.6443923893346348 0.5808323417333049
plenty 0.6249913422941301 0.49029101264735875 0.8664475087131495 1.0 0.646440218612049 0.5804384182641485
look 0.6231731704832167 0.48996164031351486 0.8683598365778129 1.0 0.6474613784092655 0.581310751552247
wonder 0.6200488658325771 0.4855370457265077 0.8652184104055051 1.0 0.6462653120314094 0.5799489135697479
going 0.6188517229010558 0.4854766919520649 0.8630403227743878 1.0 0.6490501605937176 0.5812554343093599
happen 0.6270724224364552 0.4948657946535068 0.8704908583725663 1.0 0.6456644855249913 0.5799440005772456
next 0.6270724224364552 0.4948657946535068 0.8704908583725663 1.0 0.6456644855249913 0.5799440005772456
first 0.6224158749485185 0.4890739565556416 0.868167381652029 1.0 0.6467452956256995 0.5807455238821594
tried 0.6193933185803979 0.4869746229879465 0.8671493569321295 1.0 0.6468011769894377 0.5804252342713606
make 0.6194900009459458 0.48667646543225956 0.8596792717000311 1.0 0.646642524742091 0.5770003478291624
coming 0.626196878178152 0.4899875171829751 0.8637527207090002 1.0 0.6479503479017896 0.5787521949846582
too 0.6199673991814599 0.4868886000604271 0.867635494723705 1.0 0.647841781535457 0.5819281089067554
dark 0.6301057447416049 0.49507727675041885 0.8727626290658447 1.0 0.6462224536643812 0.5842449017874742
anything 0.62076660070431 0.48865493860235226 0.8681092143079254 1.0 0.648318970332594 0.5804316798626958
sides 0.6269062974208716 0.4958974157455453 0.8662063512504098 1.0 0.6493336461151014 0.5808435116410559
noticed 0.6220888771846697 0.4885470761537619 0.8640335311889616 1.0 0.6475938310244379 0.5799156581561578
they 0.6214707670467918 0.4878423903516119 0.8640944231728995 1.0 0.647258574641014 0.5802094151024613
were 0.6209969956981504 0.48812185196980257 0.8683658502439409 1.0 0.6471140608350612 0.5811596598893065
filled 0.6281594785275466 0.4940783753674668 0.8673238458593439 1.0 0.6508509779164815 0.5809912470115249
cupboards 0.623403085857235 0.48713908259551564 0.8628391854566677 1.0 0.6474782466546602 0.5794842873879487
shelves 0.6271940446458858 0.49325108797885736 0.8670113928538131 1.0 0.6473864278162125 0.5800900365025868
here 0.6213273182546004 0.48805115376474606 0.8648694048980154 1.0 0.6484792200032875 0.5791267738487873
saw 0.6238398302536228 0.49102362949309225 0.8678835856082467 1.0 0.6479337575667564 0.5807422371616098
maps 0.6201280222170532 0.48604184506196685 0.8643542764719269 1.0 0.6504062944066961 0.5810263910620809
hung 0.6192903910840453 0.4886497890967914 0.861221043504081 1.0 0.6478195358945329 0.5787023964907454
upon 0.620590782714604 0.4880621677287134 0.8663273619432773 1.0 0.6472440201762316 0.5829473049686237
pegs 0.6192903910840453 0.4886497890967914 0.861221043504081 1.0 0.6478195358945329 0.5787023964907454
jar 0.6227453064972094 0.48741448224008965 0.8655564478189371 1.0 0.6458205546214427 0.5781492909822493
from 0.6230873103051285 0.49012429682256853 0.8706536603761115 1.0 0.6469854445954024 0.5825164820815472
one 0.6205024726454432 0.4843563336597564 0.8620941811284222 1.0 0.6468546097779124 0.5799174395561636
passed 0.6276161800318591 0.4912495384071518 0.8689858130776195 1.0 0.6469549220442622 0.5798805453916158
labled 0.6249378091368208 0.49250535178048893 0.863997111017296 1.0 0.6464510105725316 0.5780595047610169
orange 0.6249378091368208 0.49250535178048893 0.863997111017296 1.0 0.6464510105725316 0.5780595047610169
marmalade 0.6249378091368208 0.49250535178048893 0.863997111017296 1.0 0.6464510105725316 0.5780595047610169
great 0.6160786228129719 0.48496475140757517 0.8602886660167147 1.0 0.6444737304167001 0.5765822438318154
disappointment 0.6171439865997635 0.48466187898660057 0.8594324008438032 1.0 0.6453332515242554 0.5777411989063771
empty 0.629358043232666 0.4880191597275316 0.8611800318798559 1.0 0.6448648469311292 0.5771717938832899
drop 0.6215727628803857 0.4832185983202587 0.8660627796298276 1.0 0.6437845156356828 0.5769122450078064
fear 0.6215727628803857 0.4832185983202587 0.8660627796298276 1.0 0.6437845156356828 0.5769122450078064
killing 0.6215727628803857 0.4832185983202587 0.8660627796298276 1.0 0.6437845156356828 0.5769122450078064
somebody 0.6169923676012194 0.4861538887140236 0.8651521500783371 1.0 0.6448355328577263 0.5779228543822884
managed 0.6169923676012194 0.4861538887140236 0.8651521500783371 1.0 0.6448355328577263 0.5779228543822884
put 0.6202668854663025 0.4884163323341066 0.8680569323027436 1.0 0.6477919251891942 0.5839780494558895
past 0.6186317142366801 0.4801779364299615 0.8583404018497722 1.0 0.64409489390356 0.5779725820095986
such 0.6207711761296675 0.4880913684307246 0.8671472207956027 1.0 0.64887943334013 0.5824178595678965
fall 0.6244166781842665 0.49014972832528947 0.8660156108449201 1.0 0.646896229628297 0.5817645038611557
tumbling 0.6299712787287977 0.49325862424872363 0.871628039713312 1.0 0.6441489484374735 0.5832353936584169
stairs 0.6299712787287977 0.49325862424872363 0.871628039713312 1.0 0.6441489484374735 0.5832353936584169
brave 0.6273115479626675 0.48962945482998377 0.8701303897527 1.0 0.6469347945675675 0.5820840692086281
ll 0.6195147729687701 0.48879087017477724 0.8666937626653671 1.0 0.6510681121415207 0.581003935141509
me 0.6174062282571889 0.48464604511497905 0.8621752028019319 1.0 0.6458861384499893 0.5798399935726634
home 0.6191452707712461 0.4886409774856224 0.8673561890286899 1.0 0.6458657419735397 0.5799434051681445
why 0.6162146841028959 0.4853410651458031 0.8648933477717968 1.0 0.647246972870582 0.5792043137327769
n't 0.6226604007119879 0.48820026825056767 0.866026617718446 1.0 0.6469742675266278 0.5833443296955093
even 0.6206914880666384 0.48572150637523626 0.8674229529383506 1.0 0.6470150954701368 0.5808341038060055
if 0.6172441807443807 0.48508771379474996 0.8634080937862695 1.0 0.6460892259838077 0.5795316994505049
off 0.6184506333912417 0.4900611583422845 0.8676164295720242 1.0 0.6471849281930561 0.5819359093179629
top 0.61611260888957 0.485302635109079 0.8629197585048216 1.0 0.6467522954174815 0.5787064320676616
house 0.61611260888957 0.485302635109079 0.8629197585048216 1.0 0.6467522954174815 0.5787064320676616
which 0.6199935006947105 0.4863392870559909 0.8655093935460172 1.0 0.6477945537905674 0.5821514224832032
likely 0.620456543794579 0.48368360871367194 0.866023481067016 1.0 0.6487983172683317 0.5823246332769302
true 0.620456543794579 0.48368360871367194 0.866023481067016 1.0 0.6487983172683317 0.5823246332769302
come 0.6205337321130389 0.48696784108972896 0.8664824649200988 1.0 0.6528450920053553 0.5822492618777473
an 0.6215039338500858 0.4868754104946727 0.8657311913819582 1.0 0.6487862842298896 0.578959936687202
end 0.6123325430320582 0.47929404206364407 0.8612289072856015 1.0 0.6464666233881732 0.5771283618786541
many 0.6233234888204653 0.485482346495332 0.8662583752301283 1.0 0.6461723866934921 0.5796085912886564
miles 0.6170674808143761 0.4824411473123901 0.8639914494293018 1.0 0.6439701887409467 0.577768652347861
ve 0.6214824952892132 0.48388604053557915 0.8661426726282856 1.0 0.6479653537393276 0.5777570130918437
fallen 0.6212593377178602 0.481536113105677 0.8634820343233303 1.0 0.6449020086498904 0.5765440635646314
said 0.614854712903381 0.48579096953894496 0.8633946785798651 1.0 0.6436228434199135 0.5768904907703437
aloud 0.6184116899417437 0.48780041127201373 0.8632019086136652 1.0 0.6438406095682436 0.5769915880089509
must 0.6200756444008446 0.48714777635410444 0.8653829776918951 1.0 0.6479084809107827 0.5789845048100412
somewhere 0.6240069184681231 0.4877278062038837 0.8676274671965755 1.0 0.6467328040510332 0.5812149809056726
near 0.6168953694703315 0.4855968599008429 0.8636989379867486 1.0 0.643419820321973 0.5795534054075191
centre 0.6168953694703315 0.4855968599008429 0.8636989379867486 1.0 0.643419820321973 0.5795534054075191
earth 0.6238626853474414 0.48688696434201867 0.8630257401261416 1.0 0.6470056218169596 0.5803783906003935
let 0.6233012643822252 0.48551957671093704 0.8671148756309708 1.0 0.6450051989223526 0.5801406552439491
four 0.6128770867422458 0.48334586568952115 0.8645006867647995 1.0 0.6430386940089854 0.5789928137866205
thousand 0.6128770867422458 0.48334586568952115 0.8645006867647995 1.0 0.6430386940089854 0.5789928137866205
you 0.6193303172332548 0.487348618743785 0.8654134893451535 1.0 0.6474664739323543 0.580794028088266
learnt 0.6236656318659619 0.48588869767674686 0.8691477395974226 1.0 0.6449994626963486 0.579899273931069
several 0.6155548867920181 0.4859763159099888 0.8633925445065138 1.0 0.6468785351271998 0.5805478083598035
things 0.6181945674038357 0.4844851389848128 0.8618978845348297 1.0 0.6494379724408585 0.5821764251301395
sort 0.6192283930587161 0.48534383701689204 0.8635397037342126 1.0 0.6497567816149126 0.581279818191326
lessons 0.6138157645055581 0.48154824009209873 0.8613964953363688 1.0 0.6482784476324633 0.5803688970476822
schoolroom 0.6222672405988391 0.4844602586925793 0.8607846921798519 1.0 0.646062447083851 0.5801640133336184
though 0.6153117368614656 0.4845946191283899 0.8600948509421072 1.0 0.6475647539504011 0.5811531053673339
good 0.6189709787746628 0.487149606017532 0.8656287237612096 1.0 0.6463245225408055 0.578982659220093
opportunity 0.6199382483862704 0.4874922135443057 0.8644193709415369 1.0 0.6486011210445446 0.5810173914742534
showing 0.6209986750154974 0.4925789320161869 0.8650532691092943 1.0 0.6464402228319731 0.5809014638228625
knowledge 0.6209986750154974 0.4925789320161869 0.8650532691092943 1.0 0.6464402228319731 0.5809014638228625
listen 0.6294794009089356 0.4903843302593482 0.8684425030969931 1.0 0.6465530512193615 0.5789360307446951
still 0.6265525559757538 0.4892018334761576 0.8661673791701237 1.0 0.6458591415537619 0.5807746949701464
practice 0.6201348433992887 0.4887677667686539 0.8676459561879566 1.0 0.645633794342957 0.5771843515361801
yes 0.6233280786806776 0.48532142537403244 0.8588914354753588 1.0 0.6555622829260421 0.5825924524152658
right 0.6207798761265039 0.4864171513450112 0.8621568282359422 1.0 0.6488777478648123 0.5804190870110116
distance 0.6233280786806776 0.48532142537403244 0.8588914354753588 1.0 0.6555622829260421 0.5825924524152658
latitude 0.619116656398178 0.4859448442294164 0.8615749746358098 1.0 0.6495827957444108 0.5804639560131154
longitude 0.6219710810592791 0.4874753626772075 0.8658205866065138 1.0 0.6453442893138941 0.577837500498146
got 0.6159192325522846 0.48462651399738144 0.8638644901534008 1.0 0.6490139838331975 0.5800493011630083
idea 0.6212251893776041 0.48853767910062834 0.8597551753060308 1.0 0.6560262254217636 0.5824129083475009
nice 0.6206185338946455 0.4908729680024175 0.8676214154991373 1.0 0.645652476455955 0.5794825788762382
grand 0.6245259583706609 0.49183039780800747 0.8678858988447752 1.0 0.6456964965622071 0.5779492253737342
words 0.6148797275813465 0.48324154545628395 0.8613675784281158 1.0 0.6466502833176621 0.578051959285879
presently 0.6303542791136144 0.493607888982734 0.8673565121864498 1.0 0.6442493308429971 0.5788139352640872
began 0.6251504627913279 0.490410992778145 0.8648556002081389 1.0 0.6494247517915319 0.5803689919373158
through 0.621341286976651 0.4879679245556223 0.8627409964572519 1.0 0.646965149249134 0.5803247405331258
funny 0.6188128750801889 0.48262367138307627 0.8643737916416324 1.0 0.6479320203273083 0.5804771276981252
seem 0.6188128750801889 0.48262367138307627 0.8643737916416324 1.0 0.6479320203273083 0.5804771276981252
among 0.6221250105195085 0.488328475490978 0.8673365841522945 1.0 0.6492196893874999 0.5836197505382612
people 0.6174360357729725 0.4858040364747726 0.8647614296319595 1.0 0.6483869262699518 0.5812980625763162
walk 0.6141619045239599 0.479270074816366 0.8587266454376553 1.0 0.6503497222209603 0.5811298770322387
their 0.6135924570507175 0.48064235285201523 0.855668507748008 1.0 0.6489518527994262 0.5816058404669957
heads 0.6221349451220743 0.48195494131689387 0.8621148214622416 1.0 0.6451127746846862 0.5785415693212588
downward 0.6221349451220743 0.48195494131689387 0.8621148214622416 1.0 0.6451127746846862 0.5785415693212588
antipathies 0.6221349451220743 0.48195494131689387 0.8621148214622416 1.0 0.6451127746846862 0.5785415693212588
rather 0.6220692629797975 0.48987245819481534 0.8667007782191969 1.0 0.6521961103752865 0.584281991153992
glad 0.6192953788237646 0.4859189530589549 0.8650288475628665 1.0 0.6462558941835725 0.5812286369569144
listening 0.6258728671857147 0.48713459045214186 0.8651029045417828 1.0 0.6453062812950405 0.5827189719501407
sound 0.615173321667062 0.48452242521861527 0.8613455527339429 1.0 0.645232345378985 0.5803848737660003
word 0.615173321667062 0.48452242521861527 0.8613455527339429 1.0 0.645232345378985 0.5803848737660003
ask 0.6273925689778139 0.4943880472437305 0.8638092364337973 1.0 0.6514030083418351 0.5777584180054269
them 0.6189503346182187 0.4827128947180141 0.8587085592453871 1.0 0.6482051660575121 0.5807825824473202
name 0.6181703256472163 0.48548595143417095 0.8599114620789209 1.0 0.6489808388428558 0.582154113237934
country 0.6181703256472163 0.48548595143417095 0.8599114620789209 1.0 0.6489808388428558 0.582154113237934
is 0.6163407682641044 0.48493537302631956 0.8637917502808958 1.0 0.6484866695880158 0.5828517850822729
know 0.615637754641696 0.4844964775202616 0.8621563039139009 1.0 0.6484955609959434 0.5807204988615755
please 0.6204162872613531 0.48792200449146345 0.8632658306058011 1.0 0.646781396603503 0.5792860204773134
ma'am 0.6204162872613531 0.48792200449146345 0.8632658306058011 1.0 0.646781396603503 0.5792860204773134
new 0.6244954845977534 0.4917328693799232 0.8706403563686992 1.0 0.6495558681001492 0.5801694413953439
zeland 0.6244954845977534 0.4917328693799232 0.8706403563686992 1.0 0.6495558681001492 0.5801694413953439
australia 0.6244954845977534 0.4917328693799232 0.8706403563686992 1.0 0.6495558681001492 0.5801694413953439
curtsey 0.6202804892281858 0.49116472728473565 0.8717346298534685 1.0 0.6429768106527506 0.5774341192191746
spoke 0.6207855034205176 0.48726541074831997 0.8685034675565132 1.0 0.646194302178692 0.5765428033679815
fancy 0.6159909535786183 0.4824667340510593 0.8630021979696791 1.0 0.6500601219450022 0.5819074295959867
curtseying 0.6207855034205176 0.48726541074831997 0.8685034675565132 1.0 0.646194302178692 0.5765428033679815
re 0.6231282773476736 0.4878453332942665 0.861723986163302 1.0 0.6460854329055914 0.5766244432622187
air 0.6229756329336434 0.4883726087624534 0.8615410316573542 1.0 0.6463898336135723 0.5786762036412673
manage 0.620868442784958 0.4836526267503391 0.8670677681652129 1.0 0.6451921352403688 0.5769109812446255
ignorant 0.6196812789806638 0.4847672172146202 0.8643742870544288 1.0 0.6495801652467952 0.5782602317901815
little 0.6188116395849513 0.4865032869509694 0.8663338906742376 1.0 0.6478149469231808 0.5804745523017407
girl 0.6196812789806638 0.4847672172146202 0.8643742870544288 1.0 0.6495801652467952 0.5782602317901815
asking 0.6245953308801626 0.4881775016939306 0.8651404900583305 1.0 0.6431358967057218 0.5773710824024197
perhaps 0.6311002191204935 0.48985328446554227 0.8715459157393015 1.0 0.6500372866122772 0.5828722927752349
written 0.6311002191204935 0.48985328446554227 0.8715459157393015 1.0 0.6500372866122772 0.5828722927752349
else 0.6237079619520053 0.48901074772154407 0.8689409980821848 1.0 0.6540171263852577 0.5836556808475806
soon 0.6169486444573872 0.48377577987755566 0.8658748384952898 1.0 0.6490941409689421 0.5786311171430789
talking 0.6214992388592377 0.48815248202673817 0.8618475208092125 1.0 0.6531011998169337 0.5800742259003618
dinah 0.621677574829406 0.488219074103974 0.8681482669907665 1.0 0.6490596180428528 0.5828399623670089
miss 0.6190488054901073 0.48607937887535435 0.869025178431715 1.0 0.6521519989114283 0.5797212624329432
night 0.615903332395994 0.4853134244804204 0.8626152689240597 1.0 0.6519319790311705 0.5765356470719942
should 0.6112399855569501 0.48131512685199535 0.861694205090119 1.0 0.6500392721035879 0.5783755907133489
cat 0.6208779068322561 0.48778401273324135 0.8623726619387694 1.0 0.6483187083306035 0.5775345046891133
hope 0.615446531231504 0.4842801102390745 0.8594553270929073 1.0 0.6500397464503554 0.5801687009075501
remember 0.6165855053588943 0.4850760879716559 0.8623798139485903 1.0 0.6477082177559195 0.5808401930430105
saucer 0.615446531231504 0.4842801102390745 0.8594553270929073 1.0 0.6500397464503554 0.5801687009075501
milk 0.6217143436913241 0.4845196292365154 0.8631210494012734 1.0 0.6496637964786512 0.5783316370342648
tea 0.6217143436913241 0.4845196292365154 0.8631210494012734 1.0 0.6496637964786512 0.5783316370342648
my 0.6171841141194685 0.48265516373219897 0.863221115795181 1.0 0.6463766359119169 0.5786568419463007
wish 0.6196062697620855 0.4851180363378496 0.866144494598701 1.0 0.6471003918850159 0.577952314830839
are 0.6239865743177131 0.48828325347490437 0.8635101603201307 1.0 0.6505226253630916 0.5790829427242283
mice 0.6228226736175342 0.4889009719883698 0.8613576997202724 1.0 0.6466948622935393 0.580732196756989
m 0.6228226736175342 0.4889009719883698 0.8613576997202724 1.0 0.6466948622935393 0.580732196756989
afraid 0.6228226736175342 0.4889009719883698 0.8613576997202724 1.0 0.6466948622935393 0.580732196756989
might 0.6189722939738708 0.4858571882270543 0.8640120219671705 1.0 0.6464231156219915 0.5811111363990807
catch 0.6200533555180818 0.4907341281945893 0.8652726261607377 1.0 0.6502390627641174 0.5840839515036877
bat 0.6204548227345026 0.49011465024734463 0.8670996427171717 1.0 0.6486263965057832 0.5853525856346307
mouse 0.6270791209245122 0.49529248349288 0.868328866449439 1.0 0.6493932656079747 0.5836189771112013
cats 0.6283726805057482 0.4914568374474826 0.8699066633595992 1.0 0.6498678326500131 0.5837099603872418
eat 0.6239217539171031 0.489573964307615 0.8676149778395035 1.0 0.650742574396126 0.5835902977259727
bats 0.6295407511609532 0.4909582476800043 0.8694594394697075 1.0 0.6515540604146043 0.5841460756523275
saying 0.6309077139878287 0.4923567003932653 0.868071724272713 1.0 0.6485024671547619 0.5862667934709788
dreamy 0.6312936346980295 0.490490101420636 0.8651994179155198 1.0 0.6495028502915889 0.5822981267429964
sometimes 0.61922905218837 0.4845573913613246 0.8589119678003341 1.0 0.64609657713751 0.5805207980621394
couldn't 0.6268022156461899 0.4944016263604502 0.8653976471189921 1.0 0.6475733730357734 0.5878827054295833
answer 0.6268022156461899 0.4944016263604502 0.8653976471189921 1.0 0.6475733730357734 0.5878827054295833
question 0.6268022156461899 0.4944016263604502 0.8653976471189921 1.0 0.6475733730357734 0.5878827054295833
matter 0.6282044794749746 0.49230608527277003 0.8653008940491453 1.0 0.6473468310325702 0.5876036120170294
felt 0.6177735115592248 0.48285733137725145 0.8672389303816344 1.0 0.6483715288587587 0.582398656585211
dozing 0.6252881957947047 0.4960414905308294 0.8697826535165045 1.0 0.6510729191423741 0.589407844223547
begun 0.6197710014441937 0.49047292458267466 0.8627657893500867 1.0 0.6458295740350838 0.5851292746301715
dream 0.6276711015834127 0.49464300621568896 0.8667771425978856 1.0 0.648639694206252 0.5901233496665305
walking 0.6276711015834127 0.49464300621568896 0.8667771425978856 1.0 0.648639694206252 0.5901233496665305
hand 0.6290934864686711 0.4944336704977211 0.8688564137982063 1.0 0.648072018572371 0.5901794684738028
earnestly 0.6215743734698204 0.4869751453608221 0.8699484350333634 1.0 0.6477153264616186 0.5904898258123844
now 0.6194874229993507 0.4870208121384409 0.8646887169982893 1.0 0.6506647726382142 0.5824255827738609
tell 0.6198862870274713 0.4878191762573908 0.8685274956670633 1.0 0.6497719335760607 0.5885904452652571
truth 0.6198862870274713 0.4878191762573908 0.8685274956670633 1.0 0.6497719335760607 0.5885904452652571
ever 0.6212363720395223 0.49096913727674857 0.8699325146339643 1.0 0.6455644360494485 0.5822998528552124
thump 0.6208570922851326 0.48844309430025024 0.867834842208426 1.0 0.6470035158265626 0.587881254938749
came 0.6198062824181578 0.48666555058053884 0.8667484562133184 1.0 0.6452333282316578 0.5832712087019747
heap 0.6240995817307832 0.4937618547961147 0.8712392181462488 1.0 0.6483008708125885 0.5891205851931237
sticks 0.6240995817307832 0.4937618547961147 0.8712392181462488 1.0 0.6483008708125885 0.5891205851931237
dry 0.6240995817307832 0.4937618547961147 0.8712392181462488 1.0 0.6483008708125885 0.5891205851931237
leaves 0.6240995817307832 0.4937618547961147 0.8712392181462488 1.0 0.6483008708125885 0.5891205851931237
bit 0.6352852201099051 0.49742184823325547 0.8678672642765382 1.0 0.6418940982982365 0.5834016474137337
hurt 0.6352852201099051 0.49742184823325547 0.8678672642765382 1.0 0.6418940982982365 0.5834016474137337
jumped 0.6352852201099051 0.49742184823325547 0.8678672642765382 1.0 0.6418940982982365 0.5834016474137337
overhead 0.6368019885509046 0.49965806514358874 0.8711299931468276 1.0 0.6465023940868204 0.5879273337540232
long 0.6225560673057646 0.48837807320682397 0.8620718051342673 1.0 0.6492460906777233 0.5832599693877678
passage 0.62202302332538 0.4855362544919176 0.8630205504297427 1.0 0.6473153332899795 0.5822617335288012
sight 0.6236247845372512 0.48801896236853703 0.8638915350430143 1.0 0.6451650122280806 0.5826139412326471
hurrying 0.6236247845372512 0.48801896236853703 0.8638915350430143 1.0 0.6451650122280806 0.5826139412326471
lost 0.6246470383124386 0.48521026147082746 0.8650022676150386 1.0 0.650492437105019 0.5849497022473319
away 0.6246470383124386 0.48521026147082746 0.8650022676150386 1.0 0.650492437105019 0.5849497022473319
wind 0.6188357247565386 0.48046159595594834 0.8627132837673788 1.0 0.6452727037292719 0.578454334811808
turned 0.6179156352390877 0.4821118976758111 0.8652869072497824 1.0 0.6464871468562424 0.5796378449974401
corner 0.6179156352390877 0.4821118976758111 0.8652869072497824 1.0 0.6464871468562424 0.5796378449974401
ears 0.6176648393458279 0.4855549336523513 0.8579387814104468 1.0 0.6450879797799378 0.5769960055170479
whiskers 0.6203909922864405 0.48650332517859135 0.8600510675869494 1.0 0.6439517121519863 0.5775469701828785
it's 0.6173395432574861 0.4828217745073611 0.8662374247144174 1.0 0.6504734349825657 0.5799921252762106
behind 0.6147245464316188 0.4805952122122067 0.8679296308096498 1.0 0.6469972517429862 0.5797466288898127
longer 0.6130066992944069 0.4777241888330462 0.861693885407865 1.0 0.6532456737152827 0.5868537549334826
low 0.6185931840376238 0.48067751527575253 0.8636840779558651 1.0 0.64703693119853 0.5807057818628957
hall 0.6208554199643509 0.48835631805851515 0.8666884328754608 1.0 0.6478090318321068 0.5833421365060779
lit 0.6241441273901742 0.4898511417659468 0.8678079362412561 1.0 0.6518054345253618 0.5872776356738685
row 0.6241441273901742 0.4898511417659468 0.8678079362412561 1.0 0.6518054345253618 0.5872776356738685
lamps 0.6241441273901742 0.4898511417659468 0.8678079362412561 1.0 0.6518054345253618 0.5872776356738685
hanging 0.6241441273901742 0.4898511417659468 0.8678079362412561 1.0 0.6518054345253618 0.5872776356738685
roof 0.6275369822127719 0.4928795988057882 0.8785175784032009 1.0 0.6449975961668314 0.5858262831792236
doors 0.6200948417119115 0.4861365984527618 0.867857216851733 1.0 0.6469546786551563 0.5835675546700491
around 0.6246098566201046 0.49359286941969593 0.8699489467408088 1.0 0.6484774315573143 0.5857516555862118
locked 0.6160960348808514 0.4850062309609132 0.864376291377399 1.0 0.645519178493893 0.5815108842907055
been 0.6208383264101129 0.48015443769509036 0.8616914740895849 1.0 0.6511884277643727 0.5842931919871708
side 0.6208383264101129 0.48015443769509036 0.8616914740895849 1.0 0.6511884277643727 0.5842931919871708
other 0.6159471388463805 0.484827969287328 0.8625311527540614 1.0 0.6492426040655335 0.5816181183868782
trying 0.6157293093646619 0.48740471510550176 0.8622901306112637 1.0 0.6475400193061187 0.5783730126112575
every 0.6184728015973796 0.4846143062542681 0.8678327502554768 1.0 0.6455054226212191 0.5798486789544149
door 0.6173081558144191 0.48570435546083146 0.8668762679381348 1.0 0.6471294244239395 0.5807837133565716
walked 0.6225392610555547 0.48638668723559036 0.8659786508403574 1.0 0.6525969403811188 0.5852882598391308
sadly 0.6225392610555547 0.48638668723559036 0.8659786508403574 1.0 0.6525969403811188 0.5852882598391308
middle 0.6225392610555547 0.48638668723559036 0.8659786508403574 1.0 0.6525969403811188 0.5852882598391308
wondering 0.6195068753222417 0.48966488918983736 0.8671249039247835 1.0 0.6411747092259967 0.5783478885295407
three 0.6245635243142247 0.4894961645092954 0.8689628290868282 1.0 0.6500587341802045 0.5871642256727748
legged 0.6245635243142247 0.4894961645092954 0.8689628290868282 1.0 0.6500587341802045 0.5871642256727748
table 0.6197545951848128 0.4875006711963068 0.8612450752816504 1.0 0.6486732527340517 0.5840592512565568
solid 0.6162483713826056 0.48855080343047613 0.8600334812975325 1.0 0.6482990291941936 0.5819240648341403
glass 0.6129857084980704 0.48448159189514944 0.8565159488778342 1.0 0.6482613114018299 0.5811273803766528
except 0.6161632112056065 0.4835811379176221 0.8650667114539888 1.0 0.6470508598059411 0.5820680678403101
tiny 0.6161632112056065 0.4835811379176221 0.8650667114539888 1.0 0.6470508598059411 0.5820680678403101
golden 0.6174996897665938 0.4882441736807227 0.8648850932083858 1.0 0.6476788595159315 0.5804550839978418
key 0.6192297459532939 0.48823824884365646 0.8643048503745057 1.0 0.6480909387783195 0.5817497400460665
belong 0.6126377390868059 0.4793800415686464 0.8571754230719946 1.0 0.6489156957791341 0.5813042850780251
alas 0.6153145999773689 0.4828122277589496 0.8608062739379829 1.0 0.6474145297708711 0.5794416549361459
locks 0.6175450219805387 0.48418315040491366 0.8686035546960448 1.0 0.6464506441665757 0.5818925709377125
small 0.6154928320433474 0.48117574667189994 0.8630483410848149 1.0 0.6459978628120742 0.5799947333066956
any 0.6201327901790521 0.48597397902345496 0.864269449915625 1.0 0.6503898216801097 0.5805481230276477
rate 0.6224057310574276 0.490807455609561 0.8678815115480837 1.0 0.6491935730013983 0.5818018696758472
open 0.6204595319218216 0.4817583849230338 0.8643221111090451 1.0 0.6530730016747852 0.5820924179353024
however 0.6174763618375783 0.48467276739588017 0.8569590710814448 1.0 0.6467256078049455 0.57866371839882
second 0.6133045980513556 0.4809894229485653 0.8538342130301315 1.0 0.6448031190100385 0.5794145564193964
round 0.6156034800990449 0.4813311184019459 0.8604544093131633 1.0 0.6464598482246402 0.5781532682005214
curtain 0.6184753356606258 0.47682399557413047 0.8619019651724056 1.0 0.6468992217240216 0.5792767406697195
fifteen 0.617743888610661 0.4875100469681761 0.8720125847332358 1.0 0.646603108221322 0.5789129272587878
inches 0.6167583071046788 0.4856622343807005 0.8669187425227944 1.0 0.6427367102324633 0.5771255724934208
high 0.6167583071046788 0.4856622343807005 0.8669187425227944 1.0 0.6427367102324633 0.5771255724934208
lock 0.615008387854053 0.48526900865475975 0.8611488462983388 1.0 0.643610279313294 0.5754179896568659
delight 0.615008387854053 0.48526900865475975 0.8611488462983388 1.0 0.643610279313294 0.5754179896568659
fitted 0.6186164094172988 0.47966936781118835 0.8684799919641973 1.0 0.6425702925848318 0.5743692708165385
opened 0.6133915146563337 0.4784592483580079 0.8556818092443058 1.0 0.6487520336467445 0.5793388671853851
led 0.6176344903281773 0.4804369234110119 0.8671161923270707 1.0 0.6461440014587135 0.5781945350699996
larger 0.6183218312340156 0.4812937516702206 0.8591032166360382 1.0 0.6530771561738336 0.5829507242651036
than 0.6184525705736104 0.48419720443687664 0.8637205073889818 1.0 0.6429134196927598 0.5779559993997464
rat 0.6184525705736104 0.48419720443687664 0.8637205073889818 1.0 0.6429134196927598 0.5779559993997464
knelt 0.6184525705736104 0.48419720443687664 0.8637205073889818 1.0 0.6429134196927598 0.5779559993997464
along 0.6195827259240477 0.48472376736752626 0.8638541330116947 1.0 0.6462143941628326 0.5808152060193634
loveliest 0.6217317605772876 0.4875210705878882 0.8690270302785427 1.0 0.6442736009878718 0.5811076330800853
garden 0.6224601023352918 0.4890944944466781 0.8660167556828255 1.0 0.6474253123215346 0.582596087255574
longed 0.6274224307079164 0.4958689776891067 0.8741148056235831 1.0 0.6466739244530622 0.5841678257705136
wander 0.6300782706348953 0.49737567602238586 0.8759358772187616 1.0 0.6480910537686266 0.5861065454721572
those 0.624480885045769 0.4936503935598554 0.8702699488501493 1.0 0.6471977433542397 0.584734407779641
beds 0.618883482949741 0.4899251001113262 0.8646040037724999 1.0 0.6463044303054466 0.5833622660406389
bright 0.618883482949741 0.4899251001113262 0.8646040037724999 1.0 0.6463044303054466 0.5833622660406389
flowers 0.618883482949741 0.4899251001113262 0.8646040037724999 1.0 0.6463044303054466 0.5833622660406389
cool 0.618883482949741 0.4899251001113262 0.8646040037724999 1.0 0.6463044303054466 0.5833622660406389
fountains 0.629087295508204 0.49001884146159913 0.8635989645251433 1.0 0.6471771366659784 0.5808545314719925
head 0.6187045248175684 0.48467865639560115 0.8654050313047137 1.0 0.6463450782099056 0.5802133349623299
doorway 0.6187985036120153 0.4860456063149747 0.8666878051144452 1.0 0.6453094313979638 0.5806236741845398
go 0.6218966916124348 0.48644249329074213 0.8632820044369046 1.0 0.6466482646710052 0.5812288864050293
poor 0.6185358812371191 0.4865769015791264 0.8653505866352725 1.0 0.6487488565152185 0.5816617429169003
shoulders 0.6156046363990437 0.48261190981909724 0.8604183848582367 1.0 0.6457581433985456 0.5799288680742524
shut 0.6211365155632214 0.48501968930594624 0.8623599446965496 1.0 0.6466487112972812 0.5776921646600913
telescope 0.6183645341898779 0.4856890847578872 0.8628967053785009 1.0 0.6478588876753447 0.5789790033167488
only 0.613263676776245 0.4823703409802198 0.8611090208633332 1.0 0.6430281020512172 0.5775727149696325
begin 0.6107551897993967 0.4809322997710854 0.860414784599257 1.0 0.6472095102940233 0.5798186083992384
happened 0.6210980849265343 0.48968565658236884 0.8681202078169651 1.0 0.646944307085318 0.5831739976885241
lately 0.611886889694111 0.4863112824487431 0.8587625543635198 1.0 0.6430251410443343 0.5801453067081083
few 0.6198627037081006 0.4825937541973432 0.861213506782623 1.0 0.6479916648122123 0.5805625939726188
indeed 0.6203202611904334 0.4845342123369874 0.8591605885251731 1.0 0.6501521820495418 0.5822393471008892
really 0.6198451074423487 0.4887638850593159 0.8640363239766479 1.0 0.6451096245422224 0.5798233355147693
impossible 0.6198451074423487 0.4887638850593159 0.8640363239766479 1.0 0.6451096245422224 0.5798233355147693
waiting 0.6202287499507335 0.49602959452842055 0.8716599186839492 1.0 0.6437558499608562 0.5835604793444812
back 0.622827207802206 0.49160452751559175 0.864398937515559 1.0 0.647653846060887 0.583350221071319
half 0.6289824752428351 0.49736148799221147 0.8695110085423846 1.0 0.649479290609426 0.5861581867705745
hoping 0.6289824752428351 0.49736148799221147 0.8695110085423846 1.0 0.649479290609426 0.5861581867705745
find 0.6243915176061638 0.4963475548577521 0.8648067522118449 1.0 0.6447033801600619 0.5847859768732605
rules 0.6196443745821875 0.4879232268346903 0.8592910202501738 1.0 0.6500792277921522 0.5822587646038339
shutting 0.6233610263566568 0.49140898175574654 0.8672829804385803 1.0 0.6511907413613118 0.5806166334632245
telescopes 0.6234554714504436 0.4941187683588446 0.8674935808831443 1.0 0.6499668997646489 0.5828234912554887
bottle 0.6186945887348394 0.4850597703809478 0.8652468957260306 1.0 0.6488752898733415 0.5789542226109763
certainly 0.6237553885476672 0.49087721327934203 0.8728365011539226 1.0 0.6470231716181327 0.5780675341623253
neck 0.6179118182034986 0.4816742193609314 0.8671018366374342 1.0 0.648123392110535 0.5768867918890228
paper 0.6179118182034986 0.4816742193609314 0.8671018366374342 1.0 0.648123392110535 0.5768867918890228
label 0.6111820775463793 0.47754033638773785 0.8582820791639129 1.0 0.6456222138839508 0.57552799369572
drink 0.6126588876142298 0.4795121646891451 0.8623946427920067 1.0 0.6447704354909074 0.5776431173345269
beautifully 0.6160807553793846 0.4804306736770747 0.8595048309027689 1.0 0.6487336511523433 0.5817504351752351
printed 0.6160309022733403 0.4778741486732083 0.8526799127636226 1.0 0.6467430997528044 0.5803947017665817
letters 0.6084090042577995 0.4714568712089087 0.851547690576521 1.0 0.6462682017291839 0.5772197034226365
wise 0.6174696790685293 0.48486847862948657 0.8618790863973337 1.0 0.6533559623568279 0.5870204921544818
hurry 0.6217216819200816 0.49090766208922015 0.870874538600554 1.0 0.6437826193551984 0.5806072013866017
marked 0.6171552575592895 0.4851675477223174 0.864377326511462 1.0 0.6466442626322979 0.5795314530580137
poison 0.6175035148945374 0.4848311722464762 0.8640842116297783 1.0 0.6463804530570336 0.5798146955794415
read 0.6184641857186284 0.4847191124791767 0.8629411094556586 1.0 0.6507320986067985 0.5829078013619375
histories 0.6172934143698235 0.49040287750715245 0.8653879111095236 1.0 0.6454791013347269 0.5807266584915771
children 0.621955944910318 0.48911345890664454 0.8710101458419692 1.0 0.6483500970751678 0.5828244013972552
who 0.621955944910318 0.48911345890664454 0.8710101458419692 1.0 0.6483500970751678 0.5828244013972552
d 0.6201489980407124 0.4883341288098959 0.8679423964544764 1.0 0.6485125296123546 0.5818325384655175
gotten 0.621955944910318 0.48911345890664454 0.8710101458419692 1.0 0.6483500970751678 0.5828244013972552
burnt 0.621955944910318 0.48911345890664454 0.8710101458419692 1.0 0.6483500970751678 0.5828244013972552
eaten 0.6156249001880825 0.48785516336535095 0.8675680754087673 1.0 0.6454862474184816 0.5788962098767417
wild 0.6156249001880825 0.48785516336535095 0.8675680754087673 1.0 0.6454862474184816 0.5788962098767417
beasts 0.6156249001880825 0.48785516336535095 0.8675680754087673 1.0 0.6454862474184816 0.5788962098767417
unpleasant 0.6134272875069747 0.48504114069345694 0.8572417539379891 1.0 0.652971186460128 0.5833834864361658
because 0.6134272875069747 0.48504114069345694 0.8572417539379891 1.0 0.652971186460128 0.5833834864361658
simple 0.6172521281474197 0.4822038560910712 0.8553974624563728 1.0 0.6445033090234311 0.5785674436575933
friends 0.6130249696850075 0.4820099073395922 0.8526208965406137 1.0 0.6475587950146302 0.5820801655776621
taught 0.6130249696850075 0.4820099073395922 0.8526208965406137 1.0 0.6475587950146302 0.5820801655776621
red 0.6186575291273544 0.4849066290064146 0.8603916751751031 1.0 0.6513983974596818 0.5818368695555209
poker 0.6159159860610368 0.4862793401128859 0.8637490049800357 1.0 0.6500660951787546 0.5817959729206352
will 0.6159159860610368 0.4862793401128859 0.8637490049800357 1.0 0.6500660951787546 0.5817959729206352
burn 0.6159159860610368 0.4862793401128859 0.8637490049800357 1.0 0.6500660951787546 0.5817959729206352
hold 0.6159159860610368 0.4862793401128859 0.8637490049800357 1.0 0.6500660951787546 0.5817959729206352
cut 0.6201415198234768 0.48918766805974473 0.8626238524941495 1.0 0.6509800901754305 0.5799103454875197
your 0.6169108857133073 0.48707574360046035 0.8638128777536451 1.0 0.6449889651320325 0.5802941343011301
finger 0.6169108857133073 0.48707574360046035 0.8638128777536451 1.0 0.6449889651320325 0.5802941343011301
deeply 0.6169108857133073 0.48707574360046035 0.8638128777536451 1.0 0.6449889651320325 0.5802941343011301
knife 0.6169108857133073 0.48707574360046035 0.8638128777536451 1.0 0.6449889651320325 0.5802941343011301
usually 0.6214947240464066 0.4881701727684296 0.8649599522329088 1.0 0.6503451427488357 0.5804974470530908
bleeds 0.6214947240464066 0.4881701727684296 0.8649599522329088 1.0 0.6503451427488357 0.5804974470530908
forgotten 0.6169376357449399 0.48496702371722905 0.8679601442431046 1.0 0.647656530506948 0.5793476411766472
almost 0.6196822238846909 0.49026444575358186 0.8693535805700455 1.0 0.6461736269515603 0.5767445558117207
certain 0.6196822238846909 0.49026444575358186 0.8693535805700455 1.0 0.6461736269515603 0.5767445558117207
disagree 0.6196822238846909 0.49026444575358186 0.8693535805700455 1.0 0.6461736269515603 0.5767445558117207
sooner 0.6144328875032079 0.4869889248379799 0.8544380258907512 1.0 0.647690559694021 0.5809740662390563
later 0.6144328875032079 0.4869889248379799 0.8544380258907512 1.0 0.647690559694021 0.5809740662390563
ventured 0.6150320516672286 0.48509897912191746 0.8687022175522645 1.0 0.6518180599937917 0.5822192551261013
taste 0.6150320516672286 0.48509897912191746 0.8687022175522645 1.0 0.6518180599937917 0.5822192551261013
finding 0.6159258727869217 0.48753300568892344 0.8679586236444483 1.0 0.6491304179263205 0.5829547084946723
fact 0.6161454350857049 0.48395813024881784 0.8572844718439127 1.0 0.6517428479128006 0.5805110164792667
mixed 0.6161454350857049 0.48395813024881784 0.8572844718439127 1.0 0.6517428479128006 0.5805110164792667
flavor 0.6161454350857049 0.48395813024881784 0.8572844718439127 1.0 0.6517428479128006 0.5805110164792667
cherry 0.6141773795782646 0.4835301699883161 0.8552415125234182 1.0 0.6477604468768419 0.5800245349601526
tart 0.6141773795782646 0.4835301699883161 0.8552415125234182 1.0 0.6477604468768419 0.5800245349601526
custard 0.6162633984472793 0.4820038546616745 0.8552166502456864 1.0 0.6519876480116898 0.5811416131109891
pine 0.6162633984472793 0.4820038546616745 0.8552166502456864 1.0 0.6519876480116898 0.5811416131109891
apple 0.6162633984472793 0.4820038546616745 0.8552166502456864 1.0 0.6519876480116898 0.5811416131109891
roast 0.6162633984472793 0.4820038546616745 0.8552166502456864 1.0 0.6519876480116898 0.5811416131109891
turkey 0.6134184260427282 0.48246771625363494 0.8639700114975492 1.0 0.6431965325566524 0.5766018104175054
toffee 0.6134184260427282 0.48246771625363494 0.8639700114975492 1.0 0.6431965325566524 0.5766018104175054
buttered 0.6134184260427282 0.48246771625363494 0.8639700114975492 1.0 0.6431965325566524 0.5766018104175054
toast 0.622830680275017 0.4858667455565328 0.8684592395283708 1.0 0.6526689454377432 0.5768708336099936
finished 0.6141625412833532 0.48356595154943843 0.8722762585666315 1.0 0.6470071897197909 0.5746226248430769
curious 0.6148813168991768 0.4869339027228991 0.8669942865842897 1.0 0.6451757349833271 0.5765890392072054
feeling 0.6143609482302625 0.48809297168510474 0.8676539732629267 1.0 0.6448644497289673 0.5733210211988734
ten 0.6157683328315823 0.48380618603563563 0.8618021969008016 1.0 0.6388530795887369 0.5753302514328388
face 0.6157683328315823 0.48380618603563563 0.8618021969008016 1.0 0.6388530795887369 0.5753302514328388
brightened 0.6209103675246777 0.4866365142958334 0.8650377210245243 1.0 0.6486125964786165 0.577711909428114
size 0.6202145872157622 0.4875630172345335 0.8694148738207352 1.0 0.6457711400013711 0.5781024569792769
lovely 0.6258053754189528 0.49041778718346263 0.8711835419645367 1.0 0.6458212836647192 0.5785221509697155
waited 0.6236522950324516 0.49158652760719257 0.8645546251753116 1.0 0.6458011063541522 0.5775958135039214
minutes 0.6196166791017417 0.48327649038159187 0.8625329252564568 1.0 0.6469101423541528 0.578839122188236
shrink 0.6152810152721914 0.48057507326522725 0.8570265685390721 1.0 0.6500834461582629 0.5765055796952829
further 0.6152810152721914 0.48057507326522725 0.8570265685390721 1.0 0.6500834461582629 0.5765055796952829
nervous 0.6120135681860905 0.4750554392646831 0.8635180884523352 1.0 0.6459915411365481 0.5747676562920156
altogether 0.6132149533894958 0.4755954822290476 0.8615916895744594 1.0 0.6472481784871601 0.5777900452609603
candle 0.6123195754167534 0.4784600666483356 0.8650215321507381 1.0 0.6476691594446962 0.5816340344343532
flame 0.6111848410050392 0.47765648466962635 0.8574876612970437 1.0 0.6539352646797147 0.5872849933751035
blown 0.6144051331945851 0.4848576331716517 0.8668976583089664 1.0 0.652873288160309 0.587615818116194
thing 0.6207983149075773 0.49025308609915963 0.8722588039337841 1.0 0.6508196437507349 0.5836119712301377
while 0.6200329221599952 0.4930563058329606 0.8723635916667927 1.0 0.6506433749457937 0.5826118442572343
more 0.6168169004438128 0.4899594251827426 0.8672173536937142 1.0 0.6464511755575971 0.5836878633478219
decided 0.6198272508355874 0.48933858874821456 0.8578142671765804 1.0 0.6521893960919611 0.5881783474833278
possibly 0.6154081614715441 0.48380498003664346 0.8636580717342575 1.0 0.6470083318164472 0.5836226758326288
reach 0.61817317517717 0.4839723059208398 0.8607262561899588 1.0 0.6506758635615554 0.5830412112937057
plainly 0.617033208505336 0.489740575137677 0.8603241535071834 1.0 0.6473169064674208 0.5850626789896763
best 0.6160494310738633 0.48289192612035803 0.8613435228707744 1.0 0.6465123587633453 0.5790096104796405
climb 0.6160494310738633 0.48289192612035803 0.8613435228707744 1.0 0.6465123587633453 0.5790096104796405
legs 0.6135697293008296 0.4844449979809143 0.858186110107472 1.0 0.6474062046148505 0.5840104284003883
slippery 0.61856392824209 0.48721604672777424 0.8653509870441373 1.0 0.6498074558996164 0.5853459539401588
sat 0.6245490699781202 0.49177832694269036 0.8722682354673251 1.0 0.65306234949093 0.58345003354713
cried 0.6195035520981012 0.4902658047730598 0.8765051982352646 1.0 0.647650522094217 0.578654395551808
crying 0.6167721257040658 0.48899595791786477 0.8705844968236388 1.0 0.6460333982071005 0.581304027093737
sharply 0.6233392809006072 0.49422391937652504 0.8697070529537438 1.0 0.6593473494458063 0.5893622030016884
advise 0.6156885860467309 0.4927297055148186 0.8680693700157073 1.0 0.6446848618965658 0.5859510729526998
leave 0.6156885860467309 0.4927297055148186 0.8680693700157073 1.0 0.6446848618965658 0.5859510729526998
minute 0.6205995034655336 0.4928494046135743 0.8700436238732178 1.0 0.6539467337886747 0.5879316752459077
generally 0.6168550442777796 0.485200854520899 0.8648209397584894 1.0 0.6447555603071589 0.5787548506524568
gave 0.6168550442777796 0.485200854520899 0.8648209397584894 1.0 0.6447555603071589 0.5787548506524568
advice 0.6168550442777796 0.485200854520899 0.8648209397584894 1.0 0.6447555603071589 0.5787548506524568
seldom 0.604981004353441 0.48329342228738476 0.8528954683326339 1.0 0.6512808946618565 0.5826553783999439
followed 0.604981004353441 0.48329342228738476 0.8528954683326339 1.0 0.6512808946618565 0.5826553783999439
scolded 0.6087267359536525 0.4783846420895979 0.8478574087287336 1.0 0.6395864224715379 0.5754674817439409
severely 0.6135703459828058 0.48160213388848244 0.8504404140221536 1.0 0.6511002220250373 0.579145229578315
bring 0.6135703459828058 0.48160213388848244 0.8504404140221536 1.0 0.6511002220250373 0.579145229578315
tears 0.6123491479785139 0.4807718649312857 0.8576990703655006 1.0 0.6410860301261209 0.5750737336327254
remembered 0.610932288854235 0.4856263367668035 0.8530484071516805 1.0 0.6515142616506882 0.5768341680107983
box 0.6083081480612241 0.4804008324300314 0.8511211388108595 1.0 0.6503442448919421 0.5766152698993618
cheated 0.6149266476905746 0.4846023540210412 0.8558171673601702 1.0 0.6462292651754271 0.576442607786553
game 0.6174993884981089 0.4879930154466085 0.8594846983139514 1.0 0.654661736948146 0.5834905517655792
croquet 0.6174993884981089 0.4879930154466085 0.8594846983139514 1.0 0.654661736948146 0.5834905517655792
playing 0.6174993884981089 0.4879930154466085 0.8594846983139514 1.0 0.654661736948146 0.5834905517655792
against 0.6174993884981089 0.4879930154466085 0.8594846983139514 1.0 0.654661736948146 0.5834905517655792
child 0.6272530905920772 0.49141558171978506 0.8660707350193004 1.0 0.6537114010894332 0.5836011570872618
fond 0.6272530905920772 0.49141558171978506 0.8660707350193004 1.0 0.6537114010894332 0.5836011570872618
pretending 0.6272530905920772 0.49141558171978506 0.8660707350193004 1.0 0.6537114010894332 0.5836011570872618
two 0.616066424953597 0.4849163124175773 0.8664106436903845 1.0 0.6466185007532402 0.5806207182785046
pretend 0.617535534823876 0.48506796002762675 0.8668912559911025 1.0 0.6482753018718105 0.5808516766557682
hardly 0.6133010914761649 0.4820602885129219 0.8624447881695884 1.0 0.6486201942125397 0.5784695081800788
enough 0.6133010914761649 0.4820602885129219 0.8624447881695884 1.0 0.6486201942125397 0.5784695081800788
respectable 0.6128632379196755 0.4834049644698821 0.8556544803780114 1.0 0.6453503236387258 0.575269426633532
person 0.6128632379196755 0.4834049644698821 0.8556544803780114 1.0 0.6453503236387258 0.575269426633532
eye 0.6129557396857263 0.4787572671019113 0.8564844118446614 1.0 0.6462431170570889 0.5775786503409637
lying 0.6056688466471405 0.47514513844361295 0.849182735935985 1.0 0.6491674685184773 0.5763951071334793
cake 0.6088800691503823 0.4802999505663305 0.857898177991858 1.0 0.6486322878481143 0.5806701866163589
currants 0.6161153651818645 0.48617196100490057 0.8652525641599554 1.0 0.6474319949745724 0.5786856941631273
makes 0.6113606577257354 0.4841714467415477 0.8565261261763664 1.0 0.639689376435564 0.5775007407565032
grow 0.6161589984370038 0.4842470748139102 0.8585650357374521 1.0 0.6495042444903433 0.5812518886379118
can 0.6194586926842073 0.48562831931821715 0.86345632268372 1.0 0.6539523423073923 0.5843610082928709
smaller 0.6113902644809742 0.4843544479019339 0.859332155730474 1.0 0.6446763059049309 0.5800457518395424
creep 0.6179730441487132 0.4871253355692844 0.8691472944893819 1.0 0.6535617920396892 0.5862723303567501
