word v0 v1 v2 v3 v4 v5
alice 0.38549918558947766 0.4386931008293987 0.7727548015083768 1.0 0.40876068066104526 0.5164655134285548
was 0.3850989268575033 0.43898914666625166 0.7731751814190603 1.0 0.4091759950855404 0.5171722195632674
beginning 0.38188442974802544 0.4410013675663226 0.7755497509580701 1.0 0.4063921954383658 0.5157786839673966
to 0.3848555101985089 0.4379970141886822 0.7718914696872308 1.0 0.4084697405544606 0.5161039862450468
get 0.3852161984882886 0.43987483360751856 0.7769360980089409 1.0 0.40931647640188346 0.5174078092249393
very 0.38518729643926786 0.4388945492479559 0.7726184225373022 1.0 0.4082194568559201 0.5161665693972692
tired 0.38368951368852 0.4404346048987625 0.7734266947160336 1.0 0.4053809839023744 0.5148310235040148
of 0.3849600145614642 0.4389092645761098 0.7719331975670841 1.0 0.40798219912345973 0.5161963965296897
sitting 0.37857619718435276 0.4409274438971366 0.7730896289143719 1.0 0.4039063927169189 0.5135565238018256
by 0.3835039690530221 0.43923854355254105 0.7747530625971563 1.0 0.4068164314389349 0.515635524525084
her 0.38440684392744073 0.4388458605451083 0.7729183745663739 1.0 0.4080551244015842 0.5165118145396451
sister 0.3782963481574839 0.43795147327360534 0.770251365933519 1.0 0.40618000299618223 0.5144472834161535
on 0.38553913830833536 0.439146272332694 0.7727730659947334 1.0 0.40814653263333744 0.5163973954750621
the 0.38499188497430953 0.4383273150707507 0.7724370322729709 1.0 0.4088171382110146 0.5167356246168611
bank 0.37892669391803124 0.44034758651632144 0.7735540397928444 1.0 0.4034754994028408 0.5125030971867984
and 0.3850476518958611 0.4387465023361009 0.7728220999061629 1.0 0.409226089809045 0.5168303773760289
having 0.38330990830990364 0.43865229062699335 0.7717978056677028 1.0 0.40605833116580425 0.5136394663636913
nothing 0.3839872874953901 0.44051384114485165 0.7742620699547461 1.0 0.40763681680090763 0.516091336776924
do 0.38456210619462816 0.4393855533727214 0.771238744962229 1.0 0.4082302040686836 0.5157382514859599
once 0.3848542467164096 0.43938625912540447 0.7722034132964182 1.0 0.40745019749638955 0.5146868657400051
or 0.3840408632118554 0.438051472286777 0.7719335663759838 1.0 0.4079977440112434 0.516315875869331
twice 0.38226956112608795 0.4385851894241679 0.7699538024826892 1.0 0.405687487867014 0.5121800193415994
she 0.3850483723155995 0.4384258059486737 0.7722017257749662 1.0 0.40901809819876506 0.5161582211442031
peeped 0.37801489838272406 0.4349584799762691 0.7673968679722151 1.0 0.40846661841932613 0.5153431382119438
into 0.3861557262066388 0.44042820586708836 0.7762347551323668 1.0 0.41033708824691234 0.5174545158953272
book 0.3832218851461464 0.43941785113645176 0.7744253094296424 1.0 0.4078988704727293 0.5168810332713524
reading 0.37897269173457954 0.4380144878416269 0.7742616794383522 1.0 0.4067050806996344 0.5162668150741683
but 0.38465300072403036 0.4386987249881828 0.7704648124073185 1.0 0.408143781699882 0.5168678519044552
it 0.3846887697637034 0.43804001495057765 0.7716694431630118 1.0 0.40816465884474323 0.5159337761497079
had 0.3851124102178294 0.43798779087888007 0.7717518129892088 1.0 0.40923247841210536 0.5177257301602861
no 0.3857640557241679 0.43973522646634056 0.7740772057500003 1.0 0.4081906209266966 0.5169837152393882
pictures 0.380632563204982 0.43803339650257106 0.7735285593924552 1.0 0.4058639991572496 0.515147534284702
conversations 0.3863731129268362 0.4422972028958821 0.7824327518492379 1.0 0.4074629826680335 0.519979426021143
in 0.3849306451298643 0.43907765362796386 0.7726998183869053 1.0 0.4085327584261908 0.5166140406152845
what 0.3843452394664996 0.4387859267322236 0.773312368892331 1.0 0.4084631948270193 0.5161961881093693
s 0.38587939811563005 0.43812548967778137 0.7703856927042517 1.0 0.40835922170972483 0.5159624398927464
use 0.3876087200870894 0.44062789025967747 0.7740606292060171 1.0 0.4067502557965767 0.5156095575128451
a 0.3856002620100909 0.43924472846942464 0.7731415322655941 1.0 0.4089494453709695 0.5167473057095204
thought 0.38702328556685744 0.43927736081712104 0.7730231394655774 1.0 0.40831042447532295 0.5165572011784964
without 0.3836935739194287 0.43782880711820643 0.7704474302440215 1.0 0.4066067880804846 0.5144976882161691
conversation 0.3799170259669867 0.44126133615674906 0.775821093961794 1.0 0.40671534700249135 0.5124144076183794
so 0.38443087226134426 0.43932231585224296 0.7732630581064096 1.0 0.40872717882702087 0.5159906688516422
considering 0.3809475769428848 0.4366970150845131 0.7691379248747476 1.0 0.4075866784851067 0.5158126745380827
own 0.38501670824922307 0.4381515887935457 0.7751884469036979 1.0 0.4085514393018352 0.516412153279569
mind 0.38198112161253966 0.43738291905050564 0.7706217488646031 1.0 0.4066418143100419 0.5159113166018304
as 0.3850862073989309 0.4401439993835871 0.774336226985035 1.0 0.40821875686247067 0.5166829157241817
well 0.3839308083500132 0.43752918054872164 0.7698663648518648 1.0 0.40781501507939505 0.5142077994783398
could 0.38471124489290653 0.4373515121789743 0.76976931847474 1.0 0.40748058376179797 0.5141599350010754
for 0.384907483393871 0.43852345982454577 0.7723270172215807 1.0 0.4086399073180393 0.5160172655190132
hot 0.3853297701199627 0.4408252640897379 0.7733666011827514 1.0 0.4074777509929548 0.5157211516463678
day 0.38175870996416567 0.43994719853329256 0.7742142281730048 1.0 0.40557817717158806 0.5129663323981222
made 0.3854621444122277 0.43894711627709343 0.7724658447932575 1.0 0.4067754035928678 0.5153626935240954
feel 0.3836201367580086 0.43843122892329406 0.773495472582761 1.0 0.40516758252160573 0.5140995493016229
sleepy 0.38473736777375034 0.43832528917748126 0.7758763345595704 1.0 0.4096494906728889 0.5181963646259501
stupid 0.3836201367580086 0.43843122892329406 0.773495472582761 1.0 0.40516758252160573 0.5140995493016229
whether 0.3849886419675767 0.4360075049908786 0.7684117568346628 1.0 0.4087244209551457 0.5170757069270194
pleasure 0.38408190801720793 0.43749749170079527 0.7716047523001034 1.0 0.40775670059128605 0.5166451457837394
making 0.38408190801720793 0.43749749170079527 0.7716047523001034 1.0 0.40775670059128605 0.5166451457837394
daisy 0.38425506628781836 0.44097529040896877 0.7739209696450904 1.0 0.4099245612931931 0.5144480255231452
chain 0.38425506628781836 0.44097529040896877 0.7739209696450904 1.0 0.4099245612931931 0.5144480255231452
would 0.385755391479147 0.438771439539004 0.7725608554998667 1.0 0.4092233435681346 0.5169038735209336
be 0.38602013390428097 0.43863785562442187 0.771421698858873 1.0 0.4079964996433365 0.5158575235375928
worth 0.38425506628781836 0.44097529040896877 0.7739209696450904 1.0 0.4099245612931931 0.5144480255231452
trouble 0.3822377600606953 0.44400753329302045 0.7712761019030882 1.0 0.4052933138312971 0.515281225508433
getting 0.3861202958619356 0.4399305516026053 0.7726566413131079 1.0 0.4070641618746402 0.5160741864247328
up 0.3862792879199573 0.43926704927327 0.7721141518139382 1.0 0.40948206247576496 0.5167483946502109
picking 0.3822377600606953 0.44400753329302045 0.7712761019030882 1.0 0.4052933138312971 0.515281225508433
daisies 0.3822377600606953 0.44400753329302045 0.7712761019030882 1.0 0.4052933138312971 0.515281225508433
when 0.3842724010094008 0.4380608838875217 0.7709840183989846 1.0 0.40871272426579364 0.5163293135652515
suddenly 0.3833746205723079 0.4399199021433641 0.7740468477108055 1.0 0.40900406218281177 0.516981154661713
white 0.38212191411698987 0.4381709016046749 0.7747486857772838 1.0 0.4088768339082975 0.5161500145011056
rabbit 0.38259310215859943 0.4385013489943197 0.7717529765815143 1.0 0.4072049164429929 0.5160873950888404
with 0.38448230158754926 0.4384191282333373 0.7726594456126901 1.0 0.4087228890816459 0.5157818510774943
pink 0.3775612802119945 0.4358549152172576 0.7736344076011497 1.0 0.4059276739000617 0.5166507132757115
eyes 0.3820762637382132 0.437491486529373 0.7754014377884463 1.0 0.4086122991276973 0.517118358732842
ran 0.38130826096696396 0.43966708395377335 0.774403188119732 1.0 0.4047340942523267 0.5141362898991784
close 0.3819997594072555 0.4368649108437629 0.7770834549062502 1.0 0.4086747056818726 0.5177341707058066
there 0.3865486918617934 0.4408906732793591 0.7751658822524898 1.0 0.4088008982757182 0.5168167135974837
remarkable 0.38114330059210333 0.439673569343342 0.7734335091754866 1.0 0.4076263925785556 0.516764658399339
that 0.3865853709923858 0.43910895664671695 0.7734466322905087 1.0 0.40898618456915836 0.5167912952270346
nor 0.38114330059210333 0.439673569343342 0.7734335091754866 1.0 0.4076263925785556 0.516764658399339
did 0.38526252005187145 0.4393556305138051 0.7744673936441521 1.0 0.4087799615094968 0.5161430681781674
think 0.383909161741268 0.437550545294863 0.7717581213071282 1.0 0.4083010383578879 0.515756810266116
much 0.38530294255919934 0.4392074342970484 0.7732946453371446 1.0 0.4084851984669992 0.5155764679096001
out 0.38463027972741315 0.43992105396292913 0.7752812431556723 1.0 0.40801633028460077 0.5152368472598154
way 0.38459303569249514 0.4386518101030441 0.773537036170191 1.0 0.4100028135951766 0.5168607092732057
hear 0.3836443665291106 0.4367685587717167 0.7717261010629237 1.0 0.40722122699136015 0.5168481890783447
say 0.3831547225125229 0.43590221644681576 0.7699973395013664 1.0 0.40762713020945834 0.5153844740541009
itself 0.3807532118534407 0.4336444419627255 0.7655220779484478 1.0 0.40565165491386196 0.5143646024523386
oh 0.3836236420552808 0.43533973477172005 0.7668273526218553 1.0 0.4069928943548851 0.5160062563486071
dear 0.3823664736886184 0.4351665425008078 0.7678610063567376 1.0 0.40634933701816617 0.5155909187362792
i 0.3853035699447458 0.437904945025467 0.7718665076547555 1.0 0.40835997429496673 0.5160454419049215
shall 0.3845696667812146 0.4402424614095968 0.7714754998932689 1.0 0.408097737522307 0.5173002919101702
late 0.38418249598787435 0.4371344340674037 0.7678111069008559 1.0 0.4068873205688302 0.5164832465896932
over 0.38262030756762294 0.4375468996562287 0.7703528658615021 1.0 0.4081757969305243 0.5165798718839837
afterwards 0.383147418485674 0.4384287493316308 0.770223612247175 1.0 0.4068951433578293 0.5151958163257807
occurred 0.383147418485674 0.4384287493316308 0.770223612247175 1.0 0.4068951433578293 0.5151958163257807
ought 0.3854119353592001 0.4381751973806388 0.7689707653020535 1.0 0.40760550529833933 0.51661315625542
have 0.3858490237368643 0.4392161163968446 0.7684322054362008 1.0 0.407753703994545 0.5159546415077527
wondered 0.3854119353592001 0.4381751973806388 0.7689707653020535 1.0 0.40760550529833933 0.51661315625542
at 0.38456258879450556 0.4384133027911408 0.7711132504326911 1.0 0.407466223814873 0.516943489229737
this 0.38552048381958065 0.43881707263225644 0.7734616460900027 1.0 0.40931492665591185 0.5175775925176793
time 0.38509747386821014 0.4390147029132697 0.7716074870587701 1.0 0.40735616120256224 0.5173665493313145
all 0.3852470309397003 0.43910849497701526 0.7715375848781049 1.0 0.4091810824682646 0.5169115145197294
seemed 0.38598526176694536 0.4401104721153339 0.7734036506038743 1.0 0.40656367205743205 0.5169955731143195
quite 0.3863973085190943 0.4376121313645672 0.7716131826877957 1.0 0.4066202967232166 0.5163488103812135
natural 0.3855166654354198 0.43862572298723074 0.7755800977924763 1.0 0.40707555726880934 0.517701426894764
actually 0.38221702001026414 0.442324289196893 0.772854901876401 1.0 0.4052391556489075 0.5158684625907142
took 0.3834262529824444 0.44047809110658 0.771510303035424 1.0 0.4062534621815675 0.51571257165274
watch 0.3838282351597669 0.4436703824009771 0.7745257603929439 1.0 0.4064375160079402 0.5161699771972817
its 0.38127609913827804 0.4409017961192809 0.7673109733111033 1.0 0.40499391225992576 0.5118698383986773
waistcoat 0.3838282351597669 0.4436703824009771 0.7745257603929439 1.0 0.4064375160079402 0.5161699771972817
pocket 0.3835955243948041 0.44122356205110397 0.7736678814857452 1.0 0.40697481947243486 0.5177293700177927
looked 0.3852243925949026 0.4394358012417151 0.773925459339232 1.0 0.410001732363312 0.5172235893132896
then 0.38334281500403145 0.43824805302541453 0.7715134270214626 1.0 0.408578707995627 0.5162154134739868
hurried 0.38146221182207085 0.43748383194941687 0.768425221742583 1.0 0.40798692400842757 0.5168653257798702
started 0.3801630485100614 0.4356031732638098 0.7701884645138943 1.0 0.40610391023034625 0.5156755160678442
feet 0.38365551086932337 0.43759646941681685 0.7702666154907328 1.0 0.4081790657054491 0.5177655891907528
flashed 0.38373597216996574 0.43763959870445174 0.7699434764841514 1.0 0.4052098486703609 0.5155460139676095
across 0.3827333301547588 0.4384069162225553 0.770730529786133 1.0 0.4073188151385503 0.5164005055044908
she'd 0.38373597216996574 0.43763959870445174 0.7699434764841514 1.0 0.4052098486703609 0.5155460139676095
never 0.38457776786013126 0.43803482575289576 0.7719501654222984 1.0 0.4098278381818021 0.5175513156069447
before 0.3844071303653754 0.4389212697894076 0.7745012403246159 1.0 0.41110799291360334 0.5176633748374927
seen 0.3837425446110001 0.43971106681375544 0.773154161205788 1.0 0.40936834383717285 0.5178633666691872
either 0.38356078834093155 0.43834189939378765 0.7733930892233032 1.0 0.4093040551284815 0.5171256734577269
take 0.38192849296998255 0.4435297887199531 0.7773926507327797 1.0 0.4041582488090623 0.5124058039162216
burning 0.38192849296998255 0.4435297887199531 0.7773926507327797 1.0 0.4041582488090623 0.5124058039162216
curiosity 0.3821469778281198 0.439244957531998 0.7690945559700096 1.0 0.406054337145958 0.5124929921384258
field 0.38172734740551895 0.43917679038970014 0.7715202054954264 1.0 0.40943480853753617 0.5172578441482307
after 0.38462754631856005 0.44010560686304745 0.7723645454538364 1.0 0.40850747263370313 0.5163008354018981
fortunately 0.38222989086381864 0.43907971209556396 0.7701923062451075 1.0 0.40699160890983277 0.514843955512489
just 0.3842055740795337 0.43996284187216245 0.7705485884659233 1.0 0.4092656963100513 0.5168574174935834
see 0.38559016152230213 0.4377287405021198 0.7710355353476603 1.0 0.40864723265700276 0.5169254315452462
pop 0.3820133370914301 0.43799466322840486 0.7670987792061301 1.0 0.4033310422585145 0.5148187742395707
down 0.3847966783963016 0.43931818346105517 0.7734632102903908 1.0 0.40930302878994423 0.5172748775650418
large 0.3831288708825916 0.43487165226853874 0.7663795350391548 1.0 0.40536158473456835 0.5137505052783814
hole 0.38432626395041164 0.44048093992260634 0.7705881840314024 1.0 0.40756623791767793 0.5162948077304611
under 0.3850411398372326 0.4400803253826336 0.7758324870455122 1.0 0.4078526896184808 0.5169063124368182
hedge 0.38056673025614446 0.43997157737991144 0.7660017696684076 1.0 0.40581258014611477 0.5146072980556631
another 0.384826770259811 0.4404917736695769 0.772712139347806 1.0 0.4084141170120889 0.5172404217893207
moment 0.38323431911033723 0.43818809967596006 0.7700279660777312 1.0 0.4088205766013803 0.5178994191665071
went 0.3839668495300009 0.4377110025180856 0.7696784209046802 1.0 0.40843608706395085 0.5168223314852528
how 0.38491146906634927 0.4393156581219868 0.7743985242071693 1.0 0.4094546448472921 0.5163604038310835
world 0.3818554792856285 0.44178184735766807 0.7722540786147041 1.0 0.408276061496244 0.5143036340269239
again 0.38690319184604743 0.44207658559339336 0.7798846307748485 1.0 0.41009938901524673 0.5181019758946128
straight 0.38451276772027887 0.4396239600621081 0.7728442739193373 1.0 0.4072745783529863 0.5161920628306982
like 0.3853990228043981 0.43810095407383387 0.7714339512441096 1.0 0.4088379582148476 0.5153790894330986
tunnel 0.38451276772027887 0.4396239600621081 0.7728442739193373 1.0 0.4072745783529863 0.5161920628306982
some 0.38132234474885446 0.4394512317217324 0.7726913352644327 1.0 0.4099274356410658 0.515651524594683
dipped 0.38132234474885446 0.4394512317217324 0.7726913352644327 1.0 0.4099274356410658 0.515651524594683
not 0.3852720879788768 0.43745735635806454 0.7723861317108452 1.0 0.40948565338492754 0.516929749950966
about 0.3848393361294593 0.4381335425171511 0.7730627371983667 1.0 0.40966306013924403 0.5174050886798018
stopping 0.3814197624032722 0.44057924425598577 0.7822898513947331 1.0 0.4166455837396768 0.5206448241196182
herself 0.3861338201924923 0.43946682319108354 0.7743433492712878 1.0 0.4097993373899387 0.5166146874824559
found 0.3862986065855067 0.43780916471942366 0.7722141123442583 1.0 0.4089985799701529 0.515559146380694
falling 0.38381439568499376 0.4389083535011917 0.7720837875705179 1.0 0.4083772626057976 0.513969116316891
deep 0.38396410904046585 0.43911327628750424 0.7710965543505359 1.0 0.4090739741462626 0.5161028993932202
fell 0.384733663985818 0.43913857028534997 0.769446179648612 1.0 0.4076978085401902 0.5158318997705965
slowly 0.3807437138878109 0.43560861276754514 0.7623264277459433 1.0 0.4059171494642124 0.5151434713714426
plenty 0.3811400474997479 0.43425223151530623 0.7640375611262492 1.0 0.4062537931967009 0.5173381554532335
look 0.3832933932754377 0.4375971340808422 0.7685845375515008 1.0 0.408407793087896 0.5161749189862685
wonder 0.3847050158044107 0.4376192766928885 0.7711811698236527 1.0 0.408336937362709 0.5157118889930854
going 0.3862607879367416 0.4380241030591114 0.7715547053433458 1.0 0.4079097510713122 0.5162267413929181
happen 0.3818939832140683 0.44130438560762775 0.7734851195754765 1.0 0.4056487302709153 0.5160109281459807
next 0.3818939832140683 0.44130438560762775 0.7734851195754765 1.0 0.4056487302709153 0.5160109281459807
first 0.3867500198768219 0.43744803690701467 0.7715336749094432 1.0 0.40784735527719573 0.5160682845320137
tried 0.3842092556720709 0.4378301934984551 0.7709420290364594 1.0 0.4092316224760942 0.5153399438914961
make 0.3869491717884936 0.4395319094367535 0.772938159375048 1.0 0.4094068232888568 0.5160816878822041
coming 0.38215147700359525 0.439302163588226 0.7746397526411684 1.0 0.4113214380103351 0.516601731707757
too 0.385324888934343 0.4364205667616529 0.7707103733860434 1.0 0.40838445315423966 0.5158636652402573
dark 0.38588152287375854 0.44083192388725584 0.7745496172722629 1.0 0.4084972673236403 0.5170171239224195
anything 0.3816591606253852 0.4386468320284566 0.7723734856004129 1.0 0.4069981827010043 0.5148854986913364
sides 0.3840529478329207 0.438460230242589 0.7799145687560033 1.0 0.4121152981657029 0.5185820316032929
noticed 0.3880711973598573 0.4377795100224583 0.7704739933542973 1.0 0.40925599352579684 0.5153274940672543
they 0.38722954908750323 0.4396895206703198 0.7757943702986146 1.0 0.40903827002468823 0.5171959610858546
were 0.3869483776031 0.43790530467041 0.7722964310986692 1.0 0.4102607560122908 0.5164938102452908
filled 0.3912713489272186 0.4400373342119686 0.7772657227012005 1.0 0.4091391426862706 0.5149325942826277
cupboards 0.3886124933517595 0.4405001370159829 0.7761197819839324 1.0 0.409606911419181 0.5162032161139929
shelves 0.3827393323544461 0.437708722663463 0.7738159914569848 1.0 0.40777982546886477 0.5180035846181228
here 0.3858529623192755 0.43937417331841755 0.7745650141874508 1.0 0.4082219239432459 0.5170945634685076
saw 0.38601410276197534 0.4414534053144703 0.7796221254735818 1.0 0.4082818119684622 0.5177797035962224
maps 0.38478315560381804 0.4410954239491233 0.7759255939457143 1.0 0.40553129545524197 0.5155066900048653
hung 0.38300968142895575 0.43482158064781523 0.7705004369317385 1.0 0.40417027996984833 0.5167630140062749
upon 0.38543772866968296 0.43700602620314827 0.7720821725098785 1.0 0.4093354839516227 0.5168897824897549
pegs 0.38300968142895575 0.43482158064781523 0.7705004369317385 1.0 0.40417027996984833 0.5167630140062749
jar 0.383160338918589 0.4374626111109841 0.7709427006507524 1.0 0.4077324944469959 0.5143546363003334
from 0.38583259863165714 0.43946308350653424 0.7709627511450277 1.0 0.4100606808611922 0.5164494672335681
one 0.38591529052574686 0.43997233391217705 0.7730106554849288 1.0 0.40858329786184716 0.5162762957779595
passed 0.38200458505477214 0.4370140137284163 0.7720851634359158 1.0 0.40559521010004873 0.516154020616029
labled 0.38736243201294446 0.4411804127374945 0.7766436931460744 1.0 0.4080533329415084 0.519368914712231
orange 0.38736243201294446 0.4411804127374945 0.7766436931460744 1.0 0.4080533329415084 0.519368914712231
marmalade 0.38736243201294446 0.4411804127374945 0.7766436931460744 1.0 0.4080533329415084 0.519368914712231
great 0.3859105336753519 0.4385876427637416 0.7756522071596447 1.0 0.41056706695190226 0.5186345919394381
disappointment 0.3852926592108974 0.44091232951350334 0.7810961286801966 1.0 0.411278202334709 0.5196297483215637
empty 0.3842077940498643 0.4406305860822506 0.7761509284329702 1.0 0.4082143777690144 0.5142779126325238
drop 0.38167620418498194 0.43629955793136316 0.7717278002659715 1.0 0.40819340896559114 0.5131507015009739
fear 0.38167620418498194 0.43629955793136316 0.7717278002659715 1.0 0.40819340896559114 0.5131507015009739
killing 0.38167620418498194 0.43629955793136316 0.7717278002659715 1.0 0.40819340896559114 0.5131507015009739
somebody 0.38485183509825377 0.439272283734637 0.7749542238528948 1.0 0.4112936023243409 0.5175012185017576
managed 0.38485183509825377 0.439272283734637 0.7749542238528948 1.0 0.4112936023243409 0.5175012185017576
put 0.38352235043651606 0.43902306146710424 0.7729967362990914 1.0 0.4099956740435633 0.5160334164211059
past 0.38594902372848444 0.44096374294532925 0.7749718526572368 1.0 0.4100754918950534 0.5174760429202877
such 0.3877890272953319 0.4413313918088294 0.7731390887407779 1.0 0.4095171167439695 0.5177788095470575
fall 0.3849480079048693 0.44039783778983355 0.7730000237759491 1.0 0.40992986429281575 0.5190069102212499
tumbling 0.38249940891801404 0.440572717077011 0.7713271764560468 1.0 0.4044079335251819 0.5142767483061296
stairs 0.38249940891801404 0.440572717077011 0.7713271764560468 1.0 0.4044079335251819 0.5142767483061296
brave 0.38091570879412073 0.43893184110098266 0.7696949020562383 1.0 0.4057998770707411 0.511940073796545
ll 0.384957909579514 0.43984322300242734 0.7731672109147211 1.0 0.4084170237851434 0.5157096914184344
me 0.3849758497903258 0.43722683861653694 0.7696606320384187 1.0 0.4087266630803347 0.5155446441977819
home 0.3810159156500878 0.437330702291661 0.7692854362047994 1.0 0.40780021299527175 0.5131400884985058
why 0.38444088851360764 0.43706877809129463 0.7675837166053573 1.0 0.408584527893121 0.5138727340648145
n't 0.3843729284271769 0.43951794476624995 0.7732333333686009 1.0 0.40718734340085816 0.5150799744862137
even 0.38560660128268626 0.4384635303248262 0.7723980661783597 1.0 0.4084631239224207 0.5160302326984391
if 0.38637315082563983 0.43896097041318793 0.7734529024315097 1.0 0.4093132350209372 0.5158906677615069
off 0.3870971645126643 0.4410338513535499 0.7732733143275106 1.0 0.4086872467355101 0.5174983793771175
top 0.38256056701855784 0.4362174532199392 0.7645493732555839 1.0 0.40689903933791427 0.5141945552926862
house 0.38256056701855784 0.4362174532199392 0.7645493732555839 1.0 0.40689903933791427 0.5141945552926862
which 0.3854707285648616 0.43828629245683504 0.7734332288016867 1.0 0.4091860538675771 0.5158836959412706
likely 0.3843253936928034 0.4379812681931227 0.7723052420573422 1.0 0.41007241460512106 0.5171914518620369
true 0.3843253936928034 0.4379812681931227 0.7723052420573422 1.0 0.41007241460512106 0.5171914518620369
come 0.38634889124536104 0.43854924660141925 0.7738683702135378 1.0 0.4092244195819772 0.516622723579797
an 0.38396662419306504 0.4386248559668853 0.7739909366396052 1.0 0.40989928753121446 0.5189000299890807
end 0.38528841795606483 0.4372736175092408 0.7747296638233913 1.0 0.40882957701278877 0.5163806333589627
many 0.386738631365428 0.4384228878339788 0.7777364174775285 1.0 0.40844181239501487 0.5178489569643853
miles 0.38483794047150743 0.43813653422682985 0.7767784887758433 1.0 0.40819854744934525 0.5167810516363603
ve 0.3858195555276226 0.4370353056651151 0.7762210337083328 1.0 0.40789336118802005 0.5165608333493145
fallen 0.38511518111066406 0.43731771430156896 0.7782060680049387 1.0 0.40726070224602196 0.5163866154294355
said 0.38639430987270895 0.43754808918564175 0.7712917554853499 1.0 0.4085602606743063 0.5156296256945055
aloud 0.38592005379303074 0.4402763774571638 0.7769344066114459 1.0 0.4069443335256706 0.5163768722156343
must 0.3884042024847327 0.43793163085024844 0.7727482600001342 1.0 0.4064861509203083 0.5148736530602088
somewhere 0.3868053132149974 0.43975449734424443 0.7768454267141828 1.0 0.40772663183199215 0.5179146994274536
near 0.3884466198671963 0.44017706409965984 0.7752142908159837 1.0 0.40524092263468364 0.5165758084229464
centre 0.3884466198671963 0.44017706409965984 0.7752142908159837 1.0 0.40524092263468364 0.5165758084229464
earth 0.38587383191958724 0.4395083114505843 0.7752797269489905 1.0 0.41082410616743115 0.5171412906890603
let 0.38676299634468364 0.43815364336179946 0.7729717332708975 1.0 0.41038084115884105 0.5171457410994776
four 0.38455992125667016 0.4389576536464309 0.7753469004719125 1.0 0.40913902640603783 0.5171765955396141
thousand 0.38455992125667016 0.4389576536464309 0.7753469004719125 1.0 0.40913902640603783 0.5171765955396141
you 0.38574230110988145 0.4385263915487051 0.771157795811417 1.0 0.409103758733122 0.5165220446632043
learnt 0.38575931626054233 0.43923274041574806 0.7744386991931723 1.0 0.4096001720138523 0.5179028109473351
several 0.38658039212840883 0.43767779856207867 0.774268502221514 1.0 0.409557728806455 0.5163597337364552
things 0.38733943403557647 0.43874695726056495 0.7767543040617925 1.0 0.4109218182651717 0.518458058784368
sort 0.3880380634573932 0.4412668655602799 0.7758114338549154 1.0 0.41045847171190253 0.5186597847932926
lessons 0.38806151088921603 0.4379334236275694 0.7732518859468119 1.0 0.41046568500177344 0.5174476887540618
schoolroom 0.38363616541596024 0.43885525264637026 0.7822767053363157 1.0 0.4142298054768226 0.5213937259624509
though 0.38615368502888503 0.43818619153539135 0.7757246581550905 1.0 0.41030210481526236 0.5172378660851353
good 0.38646311316955656 0.4404192438159579 0.7817576262338098 1.0 0.4102785955306495 0.5198837578058567
opportunity 0.38943502872394836 0.4458276346900177 0.7909845823617199 1.0 0.41161453948489074 0.5230090474907034
showing 0.3889900235225571 0.44591589630236306 0.7848806971380851 1.0 0.40957099315055484 0.5211177839155217
knowledge 0.3889900235225571 0.44591589630236306 0.7848806971380851 1.0 0.40957099315055484 0.5211177839155217
listen 0.38313188071068194 0.4366833901731185 0.7741706923382317 1.0 0.40690659119335904 0.5131006268166235
still 0.3850542519045819 0.43878831053025463 0.7737602327301702 1.0 0.4094022434938736 0.5166259747489484
practice 0.3809806409879834 0.4323992778187268 0.7702554555485657 1.0 0.4079145820422412 0.5143637818479372
yes 0.3861731486760857 0.4379557714273862 0.7719560754153266 1.0 0.40984690649895217 0.518127684079139
right 0.386497107518752 0.43947487846088024 0.7756579696134546 1.0 0.4088389958591128 0.5173180666324753
distance 0.3861731486760857 0.4379557714273862 0.7719560754153266 1.0 0.40984690649895217 0.518127684079139
latitude 0.3850890358708313 0.4353499740710719 0.7710264675004042 1.0 0.40808779271757756 0.5165894178865569
longitude 0.38683353414732713 0.4364617741612409 0.7726748605632795 1.0 0.40917769653050373 0.5181239131386851
got 0.3852429570331873 0.4381323078857477 0.7713744769728339 1.0 0.4080881102565714 0.5153126707041918
idea 0.3841533042522083 0.4327657020397513 0.7700044060276428 1.0 0.40778731820380865 0.5175143906367549
nice 0.3858284952394228 0.4379401354897132 0.7749586931140942 1.0 0.4091375135626354 0.5177157543409182
grand 0.38688807941954123 0.4402815247770308 0.7806622327711757 1.0 0.4107705139850575 0.5188984345391047
words 0.38761923071254534 0.4392483269514854 0.7768551771869023 1.0 0.40953293575371624 0.5165847144708033
presently 0.38987653709078696 0.44268180539652485 0.7807490882010905 1.0 0.4110782308807533 0.5184641041344954
began 0.3880855503099959 0.4414693580661164 0.7802745093667615 1.0 0.4118298097664023 0.5196861192085956
through 0.3857128556095439 0.43972264049205045 0.7737585425173598 1.0 0.40835649319109363 0.5170058701484065
funny 0.38589398212206355 0.4397354180481589 0.7755676379177635 1.0 0.4077121473159624 0.5141636377442628
seem 0.38589398212206355 0.4397354180481589 0.7755676379177635 1.0 0.4077121473159624 0.5141636377442628
among 0.38728048869952314 0.4399456354503044 0.7769358524736892 1.0 0.4106469210275521 0.5174199825494717
people 0.38596361021774217 0.4395969585668691 0.7719887683612143 1.0 0.40875303712809513 0.5163675673251387
walk 0.38495453458965523 0.4394890517784589 0.7760087432366565 1.0 0.4103480270636308 0.51525472046036
their 0.38546122106281133 0.43935747604991965 0.778038919532202 1.0 0.4109105466109967 0.5175474815538395
heads 0.38765288868820036 0.438467657338367 0.775627483911327 1.0 0.4070864676667085 0.5171757434611252
downward 0.38765288868820036 0.438467657338367 0.775627483911327 1.0 0.4070864676667085 0.5171757434611252
antipathies 0.38765288868820036 0.438467657338367 0.775627483911327 1.0 0.4070864676667085 0.5171757434611252
rather 0.38799213157536444 0.44099650670901885 0.780261832732659 1.0 0.409910519145312 0.5197997055416486
glad 0.3918017688594469 0.4448901725331645 0.7883190292430003 1.0 0.4086212706005312 0.5198505233230143
listening 0.387660729123866 0.4470926191259335 0.7832520232106892 1.0 0.40733133330293847 0.5177619936433886
sound 0.3858397594348785 0.4426521623915955 0.7747476700559851 1.0 0.4066325200205867 0.5155666770669715
word 0.3858397594348785 0.4426521623915955 0.7747476700559851 1.0 0.4066325200205867 0.5155666770669715
ask 0.38721169652136656 0.4413481883300966 0.7730707149607369 1.0 0.41000209101021423 0.5174727248549459
them 0.38585848712094095 0.4379598906076318 0.7716173125617645 1.0 0.41024282716653404 0.5177372398267717
name 0.3833461502584565 0.43714610136332804 0.7701029735434155 1.0 0.40999155554608013 0.5166443202835717
country 0.3833461502584565 0.43714610136332804 0.7701029735434155 1.0 0.40999155554608013 0.5166443202835717
is 0.38368279753442536 0.43721249850902477 0.773512122661006 1.0 0.4100793308515625 0.5153972220055415
know 0.38404077153256705 0.4372665386250159 0.76899360165029 1.0 0.40915879443398234 0.5148123288922124
please 0.3839749718792225 0.43408446166270087 0.77181378860811 1.0 0.41150533457702176 0.5166760192974801
ma'am 0.3839749718792225 0.43408446166270087 0.77181378860811 1.0 0.41150533457702176 0.5166760192974801
new 0.3848686564572565 0.4370061928151835 0.7685396223130486 1.0 0.4102370060366858 0.5165104006965153
zeland 0.3848686564572565 0.4370061928151835 0.7685396223130486 1.0 0.4102370060366858 0.5165104006965153
australia 0.3848686564572565 0.4370061928151835 0.7685396223130486 1.0 0.4102370060366858 0.5165104006965153
curtsey 0.38015302487392927 0.43471140353327403 0.770588691487017 1.0 0.410385629171982 0.5147825993387997
spoke 0.381876523494415 0.4356558339840557 0.767555491290338 1.0 0.4086226152300752 0.5146061205361312
fancy 0.38412604158438163 0.4366929998300761 0.7725592041246759 1.0 0.4090836238879571 0.5154165159160513
curtseying 0.381876523494415 0.4356558339840557 0.767555491290338 1.0 0.4086226152300752 0.5146061205361312
re 0.3818837407788824 0.43643460173444293 0.7682782685381089 1.0 0.4054736492125938 0.5120654161205731
air 0.38222144411458364 0.4354960528974644 0.7679147129701326 1.0 0.406793425225495 0.514456821798939
manage 0.38338425110064794 0.4397969758527554 0.7654275607684988 1.0 0.4063104202453595 0.5146262857575021
ignorant 0.38260187101977094 0.4404091385339519 0.7734110111623758 1.0 0.40906221230666423 0.5172975993424185
little 0.385914798560309 0.4370740063742544 0.7710917288484754 1.0 0.4082415777672822 0.5157849729868808
girl 0.38260187101977094 0.4404091385339519 0.7734110111623758 1.0 0.40906221230666423 0.5172975993424185
asking 0.3852954147757975 0.4397428657861928 0.7739262929465942 1.0 0.4108033357089353 0.5197962138697986
perhaps 0.38516571237118685 0.4393323697620421 0.7784748673744482 1.0 0.41020975763417833 0.5192521989238575
written 0.38516571237118685 0.4393323697620421 0.7784748673744482 1.0 0.41020975763417833 0.5192521989238575
else 0.38597298506427946 0.44197181043900957 0.7799585178484054 1.0 0.4116586339266003 0.5182286742106652
soon 0.38861064178251703 0.442705765368752 0.7769270369856658 1.0 0.4093167434055095 0.5167280770361359
talking 0.3885270332053909 0.443503283181376 0.7818065032410928 1.0 0.4102716174747494 0.5182916162909407
dinah 0.38365050482609203 0.43791061229956807 0.7713482502308997 1.0 0.40950791140104065 0.5168171984258795
miss 0.3847494298849687 0.4433338058500544 0.7772549113205823 1.0 0.40616547327382596 0.5136281945485549
night 0.38686778118426585 0.4366593147147732 0.7700715399684629 1.0 0.40927310516155 0.5164794703693651
should 0.3866167303296114 0.4371572963937644 0.7698831654155527 1.0 0.408835220797685 0.5164862929713722
cat 0.38392630390190446 0.4384114891713376 0.7719310129662065 1.0 0.4111636335172268 0.5193179572883675
hope 0.3854558439305247 0.44060534336330903 0.7730170593950982 1.0 0.4070907149241872 0.5181587693947718
remember 0.38679950138825525 0.43973808162739747 0.7756529837639276 1.0 0.40870805376402985 0.518522141096047
saucer 0.3854558439305247 0.44060534336330903 0.7730170593950982 1.0 0.4070907149241872 0.5181587693947718
milk 0.3862393227066245 0.43660036719945294 0.7716000876314542 1.0 0.4080756146059715 0.5191877450335387
tea 0.3862393227066245 0.43660036719945294 0.7716000876314542 1.0 0.4080756146059715 0.5191877450335387
my 0.38638586332346314 0.437842456950865 0.7717576339234978 1.0 0.4089440480500424 0.5165779352829254
wish 0.3863378042109315 0.4387146219480904 0.7717406520511184 1.0 0.40951618590143374 0.5165408791513277
are 0.38154251928914246 0.43768492716081514 0.7690360894820648 1.0 0.4083078877336033 0.5132575918272894
mice 0.3825618024271645 0.43455012531944615 0.7675482991786055 1.0 0.4081235771347227 0.5168670283777235
m 0.3825618024271645 0.43455012531944615 0.7675482991786055 1.0 0.4081235771347227 0.5168670283777235
afraid 0.3825618024271645 0.43455012531944615 0.7675482991786055 1.0 0.4081235771347227 0.5168670283777235
might 0.38595751929753164 0.43617489595698666 0.7710459590165171 1.0 0.4079595837802163 0.5166261879138682
catch 0.3827067920630285 0.43578234155875284 0.767617871825111 1.0 0.4079531870994079 0.5154639195910216
bat 0.384181297397185 0.43487969258943215 0.7671866246053055 1.0 0.41030635941479854 0.5172509439680776
mouse 0.3817953004977139 0.43391597997261977 0.7607909974995148 1.0 0.40806866752037196 0.5138596700077778
cats 0.3852488559147565 0.43983172739587995 0.7703477873182204 1.0 0.4100029793262722 0.5176270267900371
eat 0.38540516359587385 0.4382764166363464 0.7692592215474222 1.0 0.4097623040609203 0.5165946611126644
bats 0.3836345611423207 0.4386475811371815 0.7684299719356193 1.0 0.4075471590815008 0.5155100765438323
saying 0.3828418657243249 0.43726469792722567 0.7717755803380105 1.0 0.41019060524260864 0.5180229776079366
dreamy 0.38431764343370645 0.4395562378534948 0.7784156637083413 1.0 0.4098109401363067 0.519304610248206
sometimes 0.3846464073261276 0.43722401335594296 0.7700990033819507 1.0 0.4084959163825126 0.5152319267074777
couldn't 0.38603237941630153 0.44152311929864146 0.7795844032834017 1.0 0.41285446296232176 0.5197656962931605
answer 0.38603237941630153 0.44152311929864146 0.7795844032834017 1.0 0.41285446296232176 0.5197656962931605
question 0.38603237941630153 0.44152311929864146 0.7795844032834017 1.0 0.41285446296232176 0.5197656962931605
matter 0.3855109170878808 0.4373386939980931 0.7749225975888797 1.0 0.40912993083056265 0.5162979457829422
felt 0.38479469058307547 0.43789085543546996 0.7717562430284219 1.0 0.4092869985477158 0.5159047515960473
dozing 0.3846699739603815 0.4439956532307998 0.7682490668226919 1.0 0.40876457529041405 0.5174197015214026
begun 0.38633654004723317 0.4399990830141893 0.7715317287421941 1.0 0.4099635729899763 0.5185761723415077
dream 0.38484412299897636 0.43897705674437304 0.7671152720889408 1.0 0.41107096363349444 0.5182602619014036
walking 0.38484412299897636 0.43897705674437304 0.7671152720889408 1.0 0.41107096363349444 0.5182602619014036
hand 0.3831017195937593 0.4369696608030075 0.7661082999679749 1.0 0.4108216769350476 0.5174976597243868
earnestly 0.38345107706066894 0.4339201207369987 0.7639739241620727 1.0 0.4074927536839458 0.5171980743566632
now 0.38620340879030535 0.43770849983985516 0.7729374626271668 1.0 0.40854258794383896 0.5172002159116157
tell 0.38280888357441045 0.4331865255942933 0.7684633030027619 1.0 0.4102523450755444 0.5180311485013744
truth 0.38280888357441045 0.4331865255942933 0.7684633030027619 1.0 0.4102523450755444 0.5180311485013744
ever 0.38539155765452465 0.43812325260352064 0.7736142385575251 1.0 0.41099404983661353 0.518749451618087
thump 0.38560984155948425 0.43736830880915806 0.7697933669943365 1.0 0.4101486643281576 0.5189031066126789
came 0.38625328234248485 0.43750610474155605 0.7726888746043515 1.0 0.4097736923942742 0.5164357591925736
heap 0.3867624033388705 0.43839852691774556 0.7706332428839456 1.0 0.4138097002328222 0.5197430020817497
sticks 0.3867624033388705 0.43839852691774556 0.7706332428839456 1.0 0.4138097002328222 0.5197430020817497
dry 0.3867624033388705 0.43839852691774556 0.7706332428839456 1.0 0.4138097002328222 0.5197430020817497
leaves 0.3867624033388705 0.43839852691774556 0.7706332428839456 1.0 0.4138097002328222 0.5197430020817497
bit 0.38318020033764527 0.4360203245781319 0.7693683399985097 1.0 0.4095219465198793 0.517449436248605
hurt 0.38318020033764527 0.4360203245781319 0.7693683399985097 1.0 0.4095219465198793 0.517449436248605
jumped 0.38318020033764527 0.4360203245781319 0.7693683399985097 1.0 0.4095219465198793 0.517449436248605
overhead 0.38719945685596463 0.4423583756396214 0.7725438009022983 1.0 0.41113746336542634 0.5180526074432629
long 0.38717043474400814 0.442388300328645 0.7770344053929137 1.0 0.4102518989223666 0.5169573368722298
passage 0.3869887000296249 0.44025331469753604 0.775292359951846 1.0 0.41086991508866755 0.5163805689334949
sight 0.38698367445678244 0.4409009518455904 0.7733482675347523 1.0 0.41190704997783645 0.5201642538422708
hurrying 0.38698367445678244 0.4409009518455904 0.7733482675347523 1.0 0.41190704997783645 0.5201642538422708
lost 0.385825182064989 0.43697072831360967 0.7725615050586525 1.0 0.412603479041959 0.5176472370117734
away 0.385825182064989 0.43697072831360967 0.7725615050586525 1.0 0.412603479041959 0.5176472370117734
wind 0.3857161383510954 0.43681089742785933 0.773205472254439 1.0 0.4120406026972274 0.518307817460961
turned 0.38503602244787355 0.43675724273835687 0.7761879798472485 1.0 0.4113772776497986 0.5195165906026863
corner 0.38503602244787355 0.43675724273835687 0.7761879798472485 1.0 0.4113772776497986 0.5195165906026863
ears 0.38632815835676587 0.43770271323954957 0.7693937897212498 1.0 0.4072804989246328 0.5145615251062918
whiskers 0.38552051381438257 0.4377038799769042 0.768181907492691 1.0 0.40868391386144937 0.5169328893540993
it's 0.3877450023995424 0.4386944335611064 0.7724031897438584 1.0 0.4095260590636453 0.5170164591504033
behind 0.38390173544446365 0.43361228063185137 0.7700299656115437 1.0 0.4115936920068779 0.5173025683521494
longer 0.38655227105898904 0.4389674454739375 0.7731132015094945 1.0 0.41002917257733207 0.5186999671098947
low 0.3843325793845117 0.4392307560859686 0.771016288499988 1.0 0.40795246241271105 0.5147269112038604
hall 0.387035574373005 0.4413719473230965 0.7745504929034804 1.0 0.4078321556787 0.5176673546442389
lit 0.3839255353725641 0.4361500410662806 0.76689821049052 1.0 0.40941625166374834 0.5161521410307149
row 0.3839255353725641 0.4361500410662806 0.76689821049052 1.0 0.40941625166374834 0.5161521410307149
lamps 0.3839255353725641 0.4361500410662806 0.76689821049052 1.0 0.40941625166374834 0.5161521410307149
hanging 0.3839255353725641 0.4361500410662806 0.76689821049052 1.0 0.40941625166374834 0.5161521410307149
roof 0.3859233454976888 0.43874727460767166 0.7692963834666953 1.0 0.41147054280984113 0.5167736834655113
doors 0.3862776807994866 0.43837289471558255 0.7681743156977737 1.0 0.4100298465312629 0.5179188721238751
around 0.3869356179319478 0.4418005743536403 0.7749022802646834 1.0 0.40705368446945883 0.5173759705905244
locked 0.3877980074586715 0.43757189465672336 0.7714302941290321 1.0 0.41124435275761234 0.5180930568047967
been 0.38516169527975347 0.4399742326984426 0.7735026992179234 1.0 0.41336141717260105 0.5167742524525564
side 0.38516169527975347 0.4399742326984426 0.7735026992179234 1.0 0.41336141717260105 0.5167742524525564
other 0.38402230711798013 0.4393311521822215 0.7793133643546172 1.0 0.4120230146271595 0.5209589500680094
trying 0.38691206373994613 0.43941799758726957 0.7760431663806565 1.0 0.4088442880153811 0.5174366301371552
every 0.3820322121875219 0.43913146669006503 0.7752543296280195 1.0 0.41063001740838095 0.5196433130180564
door 0.3857151030374085 0.4396403798519514 0.7758322681224396 1.0 0.4088365060708755 0.5168799612735664
walked 0.3872292468693459 0.4387320407441023 0.7763425571457103 1.0 0.4132322018179233 0.5189680117956458
sadly 0.3872292468693459 0.4387320407441023 0.7763425571457103 1.0 0.4132322018179233 0.5189680117956458
middle 0.3872292468693459 0.4387320407441023 0.7763425571457103 1.0 0.4132322018179233 0.5189680117956458
wondering 0.384759585133628 0.43880062137200404 0.7731339998938663 1.0 0.41143229279312826 0.519661636767171
three 0.39311708191062417 0.4384506496642525 0.7742519750114054 1.0 0.4098658680783268 0.5162285858508454
legged 0.39311708191062417 0.4384506496642525 0.7742519750114054 1.0 0.4098658680783268 0.5162285858508454
table 0.3863828821249786 0.43684547347777225 0.7698149876369365 1.0 0.4094926170752347 0.5156462883517278
solid 0.3873076788092807 0.43946399135861686 0.7714342456588358 1.0 0.408386303028885 0.5166282561864828
glass 0.3866275684782246 0.44131143724868677 0.7750436263916968 1.0 0.4091600560320478 0.5179446830850911
except 0.38668508291292886 0.44131899137663666 0.7725029229168096 1.0 0.4114918457123193 0.5195752805418143
tiny 0.38668508291292886 0.44131899137663666 0.7725029229168096 1.0 0.4114918457123193 0.5195752805418143
golden 0.38470099213982206 0.43623065727598587 0.7685039630465319 1.0 0.4098810736378453 0.5157657415032326
key 0.385235077916031 0.43556394720788366 0.7690689324301639 1.0 0.4089264022280734 0.515788590916108
belong 0.386633051069184 0.4379974213079204 0.7670489705130372 1.0 0.40858494216392305 0.5190674057312021
alas 0.3840175631101195 0.4395539698949291 0.7687982146480106 1.0 0.4085056852612809 0.5151998059332232
locks 0.38488982063741584 0.4329874195521371 0.76604753834691 1.0 0.40788120880094714 0.5142221530043483
small 0.3861588545512191 0.43865981439401835 0.771505385454582 1.0 0.4086441194885015 0.5164286410462039
any 0.386084065823613 0.43531892087316854 0.7682262640949169 1.0 0.4092714934168424 0.5176474304179053
rate 0.3855023453378888 0.43669017188311676 0.7685371538788801 1.0 0.4072247591605487 0.5174297723422729
open 0.38531892707982157 0.43438496594624193 0.766862014239746 1.0 0.4113523110747233 0.518071664652524
however 0.38679125955056576 0.437190337593231 0.7718356237452488 1.0 0.41014553791264696 0.5168647280489658
second 0.3869355614878792 0.4358084174992319 0.7682900104250476 1.0 0.40910041588381907 0.5173506380478013
round 0.38830300403478524 0.4378496781688678 0.7742438473032668 1.0 0.4099835688164155 0.5190546657201631
curtain 0.382776139325181 0.4347586893161437 0.766035450359356 1.0 0.40746370052271247 0.511789098046512
fifteen 0.38475215352159364 0.43559861367840946 0.7680802807914563 1.0 0.40856109000626123 0.5182039008474564
inches 0.38394098586078906 0.4371193106184589 0.7709127904179425 1.0 0.40851209646209424 0.5171793679228114
high 0.38394098586078906 0.4371193106184589 0.7709127904179425 1.0 0.40851209646209424 0.5171793679228114
lock 0.3865274259396064 0.4362666514374387 0.770216939534202 1.0 0.40985706202091926 0.5176410175013053
delight 0.3865274259396064 0.4362666514374387 0.770216939534202 1.0 0.40985706202091926 0.5176410175013053
fitted 0.3888708465817833 0.4418319876218689 0.7818527692935611 1.0 0.41155636802099876 0.521793910293654
opened 0.38630463630225426 0.44189302219474025 0.7808827235610666 1.0 0.41098329632738834 0.516952483653894
led 0.38540411405571245 0.4393230437600478 0.7723215054212971 1.0 0.41006733836991544 0.5162108118766637
larger 0.3853837226329227 0.43467917927959565 0.7681784542046263 1.0 0.40837814285120017 0.5160898669169866
than 0.38790977633309737 0.44184843132988966 0.7729319201158139 1.0 0.4096163284566091 0.51808971015561
rat 0.38790977633309737 0.44184843132988966 0.7729319201158139 1.0 0.4096163284566091 0.51808971015561
knelt 0.38790977633309737 0.44184843132988966 0.7729319201158139 1.0 0.4096163284566091 0.51808971015561
along 0.388853431559553 0.44093695505183084 0.7776794245068712 1.0 0.4107018110487111 0.5172823804322351
loveliest 0.38948811776101433 0.44196104588385443 0.7826536863834507 1.0 0.4129773660728943 0.5200127960386907
garden 0.38958701107576743 0.4435003841487644 0.7801767673632222 1.0 0.4104136245700727 0.5186730972775715
longed 0.38868296467828656 0.4419942169639178 0.7802551532050178 1.0 0.40725046185940866 0.5165652794986543
wander 0.3896066087815903 0.44040225170241265 0.777863027866094 1.0 0.41094583631953313 0.5195853991443451
those 0.3894919130540333 0.44219522915322823 0.7789369516455936 1.0 0.410669487981108 0.519002481664625
beds 0.3893771798071024 0.4439887931245046 0.7800112267280446 1.0 0.41039304924335585 0.5184193735003937
bright 0.3893771798071024 0.4439887931245046 0.7800112267280446 1.0 0.41039304924335585 0.5184193735003937
flowers 0.3893771798071024 0.4439887931245046 0.7800112267280446 1.0 0.41039304924335585 0.5184193735003937
cool 0.3893771798071024 0.4439887931245046 0.7800112267280446 1.0 0.41039304924335585 0.5184193735003937
fountains 0.3848394505461589 0.43952418921111963 0.776340886971271 1.0 0.4083985100610112 0.5148427633099562
head 0.38752672408476224 0.43841228976120106 0.7735840657402597 1.0 0.40979634343373234 0.517358636117151
doorway 0.3864087238914387 0.4372674709523576 0.7700544691693272 1.0 0.40686310753591387 0.5145755416973207
go 0.3864670078655923 0.4421324856821454 0.7728413792159642 1.0 0.4092938702075193 0.518450404500359
poor 0.3852096699164676 0.4392151523544574 0.7707526532753812 1.0 0.4078285902167041 0.5165350937238011
shoulders 0.3874923732654748 0.4343760536430469 0.765042104937945 1.0 0.40649758953008364 0.5165932434883846
shut 0.3872819575302727 0.43779828580062413 0.7695179601774523 1.0 0.4096413595620445 0.5167025496666773
telescope 0.3869059811712281 0.43971633537027055 0.7696239367092469 1.0 0.4086944901604203 0.5157584777682301
only 0.3834948672977567 0.4393076761206524 0.7742140647741403 1.0 0.40922512532807587 0.515322959389506
begin 0.3838594676016461 0.4399772073368425 0.7746857136384173 1.0 0.40998767959629207 0.5144895402679776
happened 0.38754549098093793 0.4386643704419979 0.7746914827216076 1.0 0.40885813102381946 0.5164513935171025
lately 0.38782817085902227 0.4410205708592233 0.7759458587138525 1.0 0.4088567657429752 0.5188919163533945
few 0.38663430756740613 0.4363663646958939 0.7720990309845369 1.0 0.4096444341436109 0.5149169306518755
indeed 0.3859446808965838 0.4393565782946296 0.77449171147223 1.0 0.4093093586241294 0.5154991368716914
really 0.3874468964089993 0.439348473056997 0.7756331024014225 1.0 0.41213701848669376 0.5166045479540979
impossible 0.3874468964089993 0.439348473056997 0.7756331024014225 1.0 0.41213701848669376 0.5166045479540979
waiting 0.3821561709477932 0.4378200164609933 0.7705840849029463 1.0 0.4052975283366943 0.5125665265101426
back 0.38480959333641857 0.43641816157423885 0.7663054254332339 1.0 0.40947951031072644 0.5155107771619578
half 0.3846344502887705 0.4368134653450328 0.7701556285566518 1.0 0.4090726609011094 0.5169629694981057
hoping 0.3846344502887705 0.4368134653450328 0.7701556285566518 1.0 0.4090726609011094 0.5169629694981057
find 0.387715451979593 0.43899791665955734 0.77615840883608 1.0 0.4084035859121858 0.5186454410333986
rules 0.3860663253114819 0.4381917586255141 0.7761003013442691 1.0 0.4097726882467087 0.5186254778816821
shutting 0.388074682365408 0.43852526353592086 0.7709403734257628 1.0 0.4085730451211067 0.5153515918903276
telescopes 0.38778696982453265 0.4413690761834911 0.7715986810592774 1.0 0.40941703855712014 0.5175353416831426
bottle 0.3868366332667949 0.4378372403129701 0.7739965079418174 1.0 0.4100424678234953 0.5171510424756695
certainly 0.3834968101043857 0.43409466753091225 0.7715780563438499 1.0 0.41159807080532107 0.515539034068065
neck 0.389669385570367 0.4398893550054637 0.7801930645443658 1.0 0.4108660365024803 0.5207573712216879
paper 0.389669385570367 0.4398893550054637 0.7801930645443658 1.0 0.4108660365024803 0.5207573712216879
label 0.3878422930308806 0.43915165912720167 0.777560894754907 1.0 0.4111411552922778 0.5181384213822435
drink 0.38573258370009716 0.43510905224720053 0.766686310452522 1.0 0.4096188686561061 0.5153152592999286
beautifully 0.38584575009244476 0.43672165792470724 0.769622427048086 1.0 0.4104985968186754 0.5168259205251251
printed 0.385719483068833 0.43881706246223656 0.7751599270469963 1.0 0.41095006028180703 0.5176001357109201
letters 0.3824865797261592 0.4336163997036732 0.7659882348218885 1.0 0.40487993061300376 0.512202121816546
wise 0.38552832850253305 0.43475863761550276 0.7630851303004091 1.0 0.40779893099526954 0.5170375720453795
hurry 0.38511421744478364 0.43586598858621 0.7650609192267962 1.0 0.4048545253943847 0.5142524503476135
marked 0.3866637981208529 0.4390070475823348 0.7706105448937597 1.0 0.4094596858190829 0.5165813813167682
poison 0.3863165089312103 0.4380433956470019 0.7705416906565405 1.0 0.4103361336016664 0.5170317955719461
read 0.3872101851379678 0.44203223564787103 0.7760971486748955 1.0 0.410658886380899 0.5192900360631656
histories 0.3850972949995691 0.43742183205168067 0.7752864764164534 1.0 0.4086485598309332 0.5152703255096363
children 0.3890850129318779 0.43983604834976203 0.7743914166679361 1.0 0.41312377067927325 0.518964812559051
who 0.3890850129318779 0.43983604834976203 0.7743914166679361 1.0 0.41312377067927325 0.518964812559051
d 0.38764596460983436 0.4368091285448269 0.7701436293855579 1.0 0.41068965025081444 0.5167565577535885
gotten 0.3890850129318779 0.43983604834976203 0.7743914166679361 1.0 0.41312377067927325 0.518964812559051
burnt 0.3890850129318779 0.43983604834976203 0.7743914166679361 1.0 0.41312377067927325 0.518964812559051
eaten 0.39083462589560214 0.4431257839665089 0.7800240941155263 1.0 0.41164528651823296 0.5193943239778951
wild 0.39083462589560214 0.4431257839665089 0.7800240941155263 1.0 0.41164528651823296 0.5193943239778951
beasts 0.39083462589560214 0.4431257839665089 0.7800240941155263 1.0 0.41164528651823296 0.5193943239778951
unpleasant 0.3860122158730301 0.4395308189935968 0.7833720193543806 1.0 0.41341588152962905 0.5222744640387759
because 0.3860122158730301 0.4395308189935968 0.7833720193543806 1.0 0.41341588152962905 0.5222744640387759
simple 0.39104296256243964 0.44071342564804017 0.7827121113721351 1.0 0.4101909661077154 0.5211741184607898
friends 0.38596818227704643 0.4392258289769504 0.7800701966521338 1.0 0.4114733711738614 0.5198414858533054
taught 0.38596818227704643 0.4392258289769504 0.7800701966521338 1.0 0.4114733711738614 0.5198414858533054
red 0.3937217717242826 0.4440233397038624 0.7789265515497242 1.0 0.4117102033221809 0.5188893841226111
poker 0.3889044727213893 0.44528887214141905 0.7760342704010408 1.0 0.40863099344231885 0.5174306419236162
will 0.3889044727213893 0.44528887214141905 0.7760342704010408 1.0 0.40863099344231885 0.5174306419236162
burn 0.3889044727213893 0.44528887214141905 0.7760342704010408 1.0 0.40863099344231885 0.5174306419236162
hold 0.3889044727213893 0.44528887214141905 0.7760342704010408 1.0 0.40863099344231885 0.5174306419236162
cut 0.38892089116641493 0.4429697697946263 0.7792438334237539 1.0 0.41047503731169555 0.5175637402782196
your 0.3883706261072593 0.4404428304468963 0.7766641520359139 1.0 0.41027071816992905 0.5171259666678207
finger 0.3883706261072593 0.4404428304468963 0.7766641520359139 1.0 0.41027071816992905 0.5171259666678207
deeply 0.3883706261072593 0.4404428304468963 0.7766641520359139 1.0 0.41027071816992905 0.5171259666678207
knife 0.3883706261072593 0.4404428304468963 0.7766641520359139 1.0 0.41027071816992905 0.5171259666678207
usually 0.38397524191868143 0.43584879902822754 0.7691815230192476 1.0 0.4084245879350557 0.5122111472859194
bleeds 0.38397524191868143 0.43584879902822754 0.7691815230192476 1.0 0.4084245879350557 0.5122111472859194
forgotten 0.38676814489069694 0.43465744275523605 0.766391974272865 1.0 0.40955741060414 0.51518306177
almost 0.3827124467884177 0.4374327458126438 0.7677607940302443 1.0 0.41013953197277087 0.5151545133591946
certain 0.3827124467884177 0.4374327458126438 0.7677607940302443 1.0 0.41013953197277087 0.5151545133591946
disagree 0.3827124467884177 0.4374327458126438 0.7677607940302443 1.0 0.41013953197277087 0.5151545133591946
sooner 0.3850104919161895 0.43671728325302966 0.768041887462519 1.0 0.40899039176057156 0.5164634755595684
later 0.3850104919161895 0.43671728325302966 0.768041887462519 1.0 0.40899039176057156 0.5164634755595684
ventured 0.38638731344127825 0.43759562307393396 0.7667241427255689 1.0 0.406667538624976 0.5133967069065953
taste 0.38638731344127825 0.43759562307393396 0.7667241427255689 1.0 0.406667538624976 0.5133967069065953
finding 0.38655597967206007 0.4376969233342362 0.7694259079612477 1.0 0.4073796596517703 0.5134937426896174
fact 0.389512877090559 0.4437657175419418 0.7808040941408179 1.0 0.41012291318004157 0.5199078847335333
mixed 0.389512877090559 0.4437657175419418 0.7808040941408179 1.0 0.41012291318004157 0.5199078847335333
flavor 0.389512877090559 0.4437657175419418 0.7808040941408179 1.0 0.41012291318004157 0.5199078847335333
cherry 0.38638680268438513 0.43982932007845504 0.7735940958437613 1.0 0.40751885229553064 0.515681790506834
tart 0.38638680268438513 0.43982932007845504 0.7735940958437613 1.0 0.40751885229553064 0.515681790506834
custard 0.3864689742141979 0.4373320175431248 0.767692770805095 1.0 0.40823960003551957 0.5122851690449742
pine 0.3864689742141979 0.4373320175431248 0.767692770805095 1.0 0.40823960003551957 0.5122851690449742
apple 0.3864689742141979 0.4373320175431248 0.767692770805095 1.0 0.40823960003551957 0.5122851690449742
roast 0.3864689742141979 0.4373320175431248 0.767692770805095 1.0 0.40823960003551957 0.5122851690449742
turkey 0.38533381365012637 0.43722759582068504 0.7698357327746903 1.0 0.4082310964693362 0.5167765079255066
toffee 0.38533381365012637 0.43722759582068504 0.7698357327746903 1.0 0.4082310964693362 0.5167765079255066
buttered 0.38533381365012637 0.43722759582068504 0.7698357327746903 1.0 0.4082310964693362 0.5167765079255066
toast 0.3875608198656757 0.4369244719966227 0.7743250184175877 1.0 0.4085695961738264 0.5187802342616765
finished 0.390191963488636 0.44238836625593014 0.7748907000852481 1.0 0.4083894495696929 0.5154380795657558
curious 0.3831955606345484 0.43654693153301344 0.7681553906221845 1.0 0.4086645780536412 0.5140735658400696
feeling 0.38529281079906 0.4364140264348826 0.7694718356321382 1.0 0.4094058838406161 0.5145841598992268
ten 0.3831305421993356 0.43863865027609794 0.7737427719170997 1.0 0.4084631466466111 0.5161557494344888
face 0.3831305421993356 0.43863865027609794 0.7737427719170997 1.0 0.4084631466466111 0.5161557494344888
brightened 0.38922469854028385 0.43509657238947747 0.774105345898272 1.0 0.4071129180515378 0.5169178338395488
size 0.3889865806189764 0.4364311729364097 0.7783323323906894 1.0 0.4076139878600751 0.5184400447965408
lovely 0.39101702051262077 0.44436649320962607 0.7869317274133045 1.0 0.4105654080144898 0.5206402672419019
waited 0.38924703914243297 0.43995694997145074 0.7769469206700795 1.0 0.4090840182294774 0.515498899995501
minutes 0.3863571740202164 0.4347388352627433 0.7710523865619469 1.0 0.40910149698218967 0.5150316081919395
shrink 0.38801035615127644 0.43350777660570267 0.7689647801964516 1.0 0.4112900262857023 0.5176597304783042
further 0.38801035615127644 0.43350777660570267 0.7689647801964516 1.0 0.4112900262857023 0.5176597304783042
nervous 0.3874086457692088 0.4369989846642154 0.7724657434559579 1.0 0.40987220943349 0.517244795859156
altogether 0.3848727667285786 0.4379338535344726 0.7744743679005696 1.0 0.4074033506329693 0.5128278756892098
candle 0.3855987406919687 0.43853725514969844 0.7738435269827231 1.0 0.40893760486896896 0.5143129751455633
flame 0.3863835830572405 0.4377338649478393 0.7775807637610166 1.0 0.40954627683089523 0.5162298017427992
blown 0.3820171947737805 0.43657884083527043 0.774081142759506 1.0 0.4086138032813797 0.5128969737443834
thing 0.3843492346353288 0.43698634283370436 0.7709493542646635 1.0 0.4081126191819314 0.5173634968947342
while 0.38860939702485237 0.4419843359487321 0.7760483864578887 1.0 0.40779713455782 0.515305014618658
more 0.3867242807653849 0.43779800429444926 0.7721218242745707 1.0 0.4080902390418087 0.5135905684045132
decided 0.3882576357773591 0.44416773743977594 0.7709669025696336 1.0 0.40771034311343096 0.5153755362187618
possibly 0.38507715502948725 0.43294500656774815 0.7668863750051097 1.0 0.4073629396779648 0.5126544016721833
reach 0.3848929495237731 0.4328293181118799 0.7667992167788136 1.0 0.4074954968795264 0.5136128090940304
plainly 0.3862545891398581 0.44276702439737226 0.771774927040445 1.0 0.408149428029612 0.5189550717054147
best 0.38501730222972225 0.44026825612219844 0.7677658699933224 1.0 0.40932732075073386 0.514304680480124
climb 0.38501730222972225 0.44026825612219844 0.7677658699933224 1.0 0.40932732075073386 0.514304680480124
legs 0.38485601448028006 0.43360035067967834 0.7646758655359965 1.0 0.4083684326423185 0.5157208277758423
slippery 0.3861653005518586 0.435000443189395 0.7713617427869321 1.0 0.4085755335021339 0.5168692331339659
sat 0.3848021007921256 0.4360766768821665 0.7706755935196831 1.0 0.4073861237474643 0.5184943850822652
cried 0.3880653860213765 0.4375426784235384 0.7771548141864594 1.0 0.40896623811343774 0.5180703712062065
crying 0.38563985029160697 0.4410070704419738 0.7736761089455406 1.0 0.40884577097410235 0.5155524988547585
sharply 0.38629378375486234 0.4398569347848331 0.77415171877882 1.0 0.4069721822162527 0.5172423025718887
advise 0.3890881924233238 0.43666061870097383 0.7738368196861899 1.0 0.4098180106728938 0.5193362501846149
leave 0.3890881924233238 0.43666061870097383 0.7738368196861899 1.0 0.4098180106728938 0.5193362501846149
minute 0.39156708472292234 0.4430034368189264 0.779911699606755 1.0 0.41311555873870487 0.5188324795239803
generally 0.3889846166935435 0.44304201904567864 0.784042233425709 1.0 0.4113111381900393 0.522288862257752
gave 0.3889846166935435 0.44304201904567864 0.784042233425709 1.0 0.4113111381900393 0.522288862257752
advice 0.3889846166935435 0.44304201904567864 0.784042233425709 1.0 0.4113111381900393 0.522288862257752
seldom 0.38841606758596775 0.43843630866296357 0.7748455945545344 1.0 0.4098150969395147 0.5157456293849048
followed 0.38841606758596775 0.43843630866296357 0.7748455945545344 1.0 0.4098150969395147 0.5157456293849048
scolded 0.38591204476006447 0.43694144727361306 0.7727410274862774 1.0 0.41032355502631646 0.5150893169053076
severely 0.38619840772731656 0.43729298545452294 0.7715539804552334 1.0 0.40967422164197315 0.5149703616464613
bring 0.38619840772731656 0.43729298545452294 0.7715539804552334 1.0 0.40967422164197315 0.5149703616464613
tears 0.3866304481621136 0.43914226720995736 0.7771838100404858 1.0 0.41132023334821227 0.5175900644753775
remembered 0.38984667404544837 0.4391854413266059 0.7791097077805584 1.0 0.40903361297544155 0.5165489536237304
box 0.3880800965088916 0.44044663462744543 0.7805184520570715 1.0 0.40999095068686625 0.5174013611892598
cheated 0.387135082633412 0.43770154754270313 0.7706045911807315 1.0 0.40587833556773895 0.5121922756655911
game 0.3843323466610613 0.438609979175199 0.7697395533589682 1.0 0.4070450203381154 0.5115807464838843
croquet 0.3843323466610613 0.438609979175199 0.7697395533589682 1.0 0.4070450203381154 0.5115807464838843
playing 0.3843323466610613 0.438609979175199 0.7697395533589682 1.0 0.4070450203381154 0.5115807464838843
against 0.3843323466610613 0.438609979175199 0.7697395533589682 1.0 0.4070450203381154 0.5115807464838843
child 0.38584340128197553 0.43794607429394605 0.7690281955024648 1.0 0.4075409391587656 0.5148852493564533
fond 0.38584340128197553 0.43794607429394605 0.7690281955024648 1.0 0.4075409391587656 0.5148852493564533
pretending 0.38584340128197553 0.43794607429394605 0.7690281955024648 1.0 0.4075409391587656 0.5148852493564533
two 0.38555703148568493 0.43876500635127924 0.7701719858455771 1.0 0.4076228601640079 0.516340675062842
pretend 0.3856073990420883 0.43912893531640995 0.7709607349941302 1.0 0.40698415160537255 0.5152962060715355
hardly 0.38786743223482345 0.43680673375986073 0.7658812165152556 1.0 0.40936920251559944 0.5146057156577055
enough 0.38786743223482345 0.43680673375986073 0.7658812165152556 1.0 0.40936920251559944 0.5146057156577055
respectable 0.39173973425712666 0.43976131374207617 0.7712390957198914 1.0 0.407495054858844 0.5155624171606528
person 0.39173973425712666 0.43976131374207617 0.7712390957198914 1.0 0.407495054858844 0.5155624171606528
eye 0.38967197302573303 0.4437570820414618 0.7759257381986748 1.0 0.4078986092575879 0.5165138991340367
lying 0.38632060940299257 0.4417027659349899 0.7819215421217541 1.0 0.41094444597613955 0.5182503474859175
cake 0.3881243449914349 0.4383166627163627 0.7723635506813427 1.0 0.4066981900369603 0.5127335474570704
currants 0.38770215503159 0.44188826207573084 0.7708164115754254 1.0 0.40683920225930886 0.5152346916745146
makes 0.38602585802198974 0.4367052347126022 0.7694349146934918 1.0 0.40783652191974096 0.5151733874905652
grow 0.3864237682538475 0.43561799854211536 0.7705123389957305 1.0 0.4076648390174111 0.5162282783713553
can 0.386481586854719 0.4356410698182583 0.7731635824848966 1.0 0.4072174010829168 0.5162220383346403
smaller 0.38813765903951875 0.43852008861850283 0.7743095201116974 1.0 0.40770134971407257 0.5178821645061512
creep 0.38825303434397124 0.4385658608377772 0.7796089610301006 1.0 0.40680690674166375 0.5178694923295833
