word v0 v1 v2 v3 v4 v5
alice 0.48544750108531504 0.59478733241715 0.7526418720734552 1.0 0.49334496484644424 0.5842734472467531
was 0.4859786740505334 0.5952640586688827 0.7522465086567074 1.0 0.49301757771118115 0.5838360836495915
beginning 0.48285050226088094 0.5905523336281991 0.7524191505555916 1.0 0.4905203411574324 0.5804501110625643
to 0.48597744805215987 0.5945269547654802 0.7525936285631013 1.0 0.49325832255205376 0.5842392301811434
get 0.48500140565658323 0.5947949205942318 0.7527213906969238 1.0 0.49334206080461396 0.5856796553786907
very 0.48600797409332486 0.5946965261778052 0.7525913781977955 1.0 0.49261136533651806 0.5840158437362594
tired 0.4855851048558708 0.5965108097988583 0.7540413167727414 1.0 0.4928637141444858 0.5851977194228172
of 0.48515131177979387 0.5942399618152849 0.7517454419118459 1.0 0.492082797269249 0.5829509276702215
sitting 0.4816909270326061 0.5901851848725584 0.7536738612775324 1.0 0.4896667335651045 0.5793962973750423
by 0.4843107573390114 0.5929567839685768 0.752343830223324 1.0 0.4910578995677083 0.5820597167969233
her 0.48467650199684204 0.593461330052058 0.7525356529341752 1.0 0.4919264681462112 0.58304019940973
sister 0.48173405898142385 0.590095999442532 0.7520535290374217 1.0 0.48929193425411505 0.5794624414378188
on 0.485488918948927 0.5967828612740963 0.7529426181210399 1.0 0.4935405065022791 0.5847224882703576
the 0.48515502639275015 0.5942583051869237 0.7521630192519666 1.0 0.49259527747858534 0.5834028593247657
bank 0.48152917006427054 0.591431681592949 0.752397061291947 1.0 0.4909753068272223 0.5792035850887483
and 0.48545504454362953 0.5951884574832238 0.7519004966168724 1.0 0.49288529929493663 0.5843462016863673
having 0.4869591485743697 0.5966702847167726 0.7524722855173576 1.0 0.4952491773107983 0.5887606882944845
nothing 0.4831245054875866 0.5913475397047905 0.7509229688489982 1.0 0.49049963133679325 0.5802226992415501
do 0.4847327446650059 0.5936747190343794 0.7537671028774675 1.0 0.49276814497311594 0.5828850605420316
once 0.4872316728547356 0.5962823386199958 0.7529745125699316 1.0 0.49448764652901517 0.586796307856991
or 0.48458822773456245 0.5927263027215356 0.752868008334721 1.0 0.4912873140337944 0.5823241820464927
twice 0.48122576813480006 0.588605166903076 0.753765727784224 1.0 0.4898740427013977 0.5803738658288246
she 0.48615593395336815 0.5957163813112222 0.7523730182801073 1.0 0.4933118661942281 0.5854424271622114
peeped 0.4817771555798719 0.5900068871076936 0.7504345247999875 1.0 0.4889174421236383 0.5795285312898042
into 0.48532097918524025 0.5953390337822495 0.75196087195473 1.0 0.4931766287221732 0.5861761917970183
book 0.48334801771455094 0.5911203739475243 0.7519743467657973 1.0 0.48890674105206566 0.5798247690033398
reading 0.478640384382942 0.5877544099837181 0.749517704319963 1.0 0.48709760799512725 0.5788706005825468
but 0.48521469864981576 0.594462714453314 0.7526063932903252 1.0 0.49255031526663684 0.5839024013583027
it 0.4859410330670407 0.5954344436141505 0.7530945062876515 1.0 0.4933571720852253 0.5854906462274723
had 0.48519312688202415 0.5941168835646371 0.7517521574845745 1.0 0.4925149803005068 0.5840622414658404
no 0.48591018137345887 0.5945655758021166 0.7520698429689268 1.0 0.4922361697389999 0.5838590597939832
pictures 0.4811461529854308 0.5884662574293057 0.7479359179275161 1.0 0.48820302461686066 0.5790593076696761
conversations 0.4803377703535548 0.5879131138972229 0.7466142180174283 1.0 0.48576782863924167 0.5764098000072521
in 0.4857755118916794 0.595424129150449 0.7527140737273823 1.0 0.4928617185772443 0.5850307400719177
what 0.4857921796972543 0.5928544650995893 0.753386706893961 1.0 0.4926233371421228 0.583468248419657
s 0.48707659596018876 0.5961221915171802 0.7526289752724669 1.0 0.4938342310195568 0.5856782226922035
use 0.48866318968547107 0.5980467344994302 0.7534211382841565 1.0 0.4943840504869739 0.5870928257134961
a 0.48583584085060466 0.5960202764755336 0.7524591008288546 1.0 0.4930649770670626 0.5848738064515218
thought 0.48504229582722547 0.5936829958419035 0.7533315839597418 1.0 0.49265355040681963 0.5842974607897018
without 0.4865812825529632 0.5948743328009152 0.7533063442849669 1.0 0.4906112946694559 0.582645649010469
conversation 0.48260541401345225 0.5918673062175507 0.7528909095479877 1.0 0.4886354950740626 0.5803707228001914
so 0.48648390694553195 0.5951857871190624 0.7527202570591406 1.0 0.4933513831054084 0.5847639179410905
considering 0.4850830805649921 0.5926881048571417 0.7544772857426398 1.0 0.49274969474572444 0.5820097393716921
own 0.4882332476471356 0.5986046573999573 0.7550405786089945 1.0 0.4957905313775812 0.5895380443257817
mind 0.4832988824969318 0.5914761704242928 0.7537624093259354 1.0 0.491925034606666 0.5817162806376366
as 0.4859818544888047 0.5937809444434428 0.752763448504549 1.0 0.4922681339327776 0.5825672677068322
well 0.4851540250232859 0.5930384513024988 0.7533243840071834 1.0 0.49282177318510323 0.5832749116128277
could 0.48761334396969025 0.5972704854606572 0.753868569550772 1.0 0.49432137909947305 0.5874916978587155
for 0.4863696425290142 0.5943311219283308 0.7531524982823363 1.0 0.49429072165361126 0.5862939619527281
hot 0.48714387821308536 0.5965281299483236 0.7532425035831339 1.0 0.4940947866705332 0.5858011345026067
day 0.4859949368150784 0.5937042589541629 0.7554192985913037 1.0 0.4920748893848682 0.5825636038568512
made 0.48359927127298297 0.593068746275729 0.7524739848640933 1.0 0.4901624899801533 0.5813400247035082
feel 0.4830780208604451 0.5918276078991457 0.7536168838293814 1.0 0.48837525641436685 0.5787938124806215
sleepy 0.48422040325066174 0.5943188503424554 0.7543481392299062 1.0 0.4894221991127131 0.5815873542567395
stupid 0.4830780208604451 0.5918276078991457 0.7536168838293814 1.0 0.48837525641436685 0.5787938124806215
whether 0.4835595833131483 0.591882000960816 0.7509116375390584 1.0 0.49121191917694246 0.5824074480218109
pleasure 0.483395786498014 0.589398578607572 0.7490228858588595 1.0 0.48923552835208406 0.5777957735807812
making 0.483395786498014 0.589398578607572 0.7490228858588595 1.0 0.48923552835208406 0.5777957735807812
daisy 0.4803231576693542 0.5867697194914789 0.7511034184078305 1.0 0.4873104329406729 0.5777100605676417
chain 0.4803231576693542 0.5867697194914789 0.7511034184078305 1.0 0.4873104329406729 0.5777100605676417
would 0.48439575215362135 0.5917937487861717 0.751940592934857 1.0 0.4911974946517204 0.5816084899086305
be 0.48661990056272764 0.5963118470330582 0.7529616168151259 1.0 0.49362477648748004 0.5854875037583406
worth 0.4803231576693542 0.5867697194914789 0.7511034184078305 1.0 0.4873104329406729 0.5777100605676417
trouble 0.4827199990610074 0.5925780589848515 0.753303757054754 1.0 0.4906253074231048 0.5811885458415905
getting 0.48444562854604567 0.5937761165772264 0.7521267316218148 1.0 0.4912247984615975 0.580675723458857
up 0.4862199868602903 0.5968169469574378 0.7520546465341766 1.0 0.4927892730086353 0.5851771060630673
picking 0.4827199990610074 0.5925780589848515 0.753303757054754 1.0 0.4906253074231048 0.5811885458415905
daisies 0.4827199990610074 0.5925780589848515 0.753303757054754 1.0 0.4906253074231048 0.5811885458415905
when 0.48627256475098213 0.5966345197488258 0.7532090067602709 1.0 0.4936519689602993 0.5857255528259704
suddenly 0.4840356476309139 0.5928749548960451 0.7525679001958949 1.0 0.49104893921935516 0.5814053791010166
white 0.48663023056170046 0.5975113591120961 0.7550077054365156 1.0 0.4926251199087808 0.5827808706784333
rabbit 0.4852565182173647 0.5932597088581517 0.7523787790548233 1.0 0.4913589767287005 0.5815997171838878
with 0.4867204477147369 0.5954242496756565 0.7531573718336211 1.0 0.49225708466121154 0.5835788186506808
pink 0.4876726479266045 0.59537790535294 0.7576413669620476 1.0 0.49391792571374793 0.5839533080274222
eyes 0.4897367567209066 0.5995479164461047 0.7560198944370946 1.0 0.49493359415115573 0.5894221828802358
ran 0.48656159260760784 0.5919542252179746 0.7554305699080862 1.0 0.4932155445026031 0.5828717800038736
close 0.48608105604290713 0.5959884509425336 0.7544641357912301 1.0 0.4937974516555022 0.5853309430838405
there 0.4852813627590464 0.594078016035973 0.7514479321965475 1.0 0.4919142837346652 0.5824052358330536
remarkable 0.482924740349755 0.5902086204726901 0.7513273112614668 1.0 0.4882060668701657 0.580113832776339
that 0.4852770838663825 0.5945724026891058 0.7520682839321388 1.0 0.49208204750472556 0.583472700703174
nor 0.482924740349755 0.5902086204726901 0.7513273112614668 1.0 0.4882060668701657 0.580113832776339
did 0.4828022216138521 0.5919038818814801 0.7507490625668871 1.0 0.4897075232659097 0.5796753075079245
think 0.48503279682142764 0.5913932155848934 0.751894460231856 1.0 0.4908932096146824 0.5808844078373112
much 0.4838802296944281 0.5939121281318814 0.7512899475228901 1.0 0.4912080941688182 0.5823008584558064
out 0.4856697167339298 0.5947772305477418 0.7524533834446256 1.0 0.4931547038371366 0.5841688989905869
way 0.4842611337321042 0.5945588830024872 0.7505106067526894 1.0 0.49208923608692084 0.583453504429202
hear 0.4840361067323678 0.5942061740184986 0.7500653194798585 1.0 0.49071447541459823 0.582619817813871
say 0.4844359201564303 0.590825080278967 0.7503943614309578 1.0 0.49095061510467425 0.5805008499147257
itself 0.4836303454902533 0.5919600700086028 0.7491654309184138 1.0 0.48895405208440385 0.5795244912791385
oh 0.4832747492465213 0.5934217738327 0.7504985600872884 1.0 0.49167017994633494 0.5817947408623697
dear 0.4826291177190088 0.5910458444858968 0.7516197583256193 1.0 0.49032726731416526 0.5796550472868579
i 0.48663428642419915 0.5939935265361217 0.7527868378425124 1.0 0.49277163172992067 0.5835654264627501
shall 0.4860307144680614 0.5909754014692244 0.7509296505432257 1.0 0.4905535107172948 0.5790869611507137
late 0.4861240972934463 0.5974556237653992 0.7526368927552293 1.0 0.49204912559103603 0.5819828655327792
over 0.48462288445174806 0.593271210217143 0.7524012865948425 1.0 0.4916147357919438 0.5807864937407401
afterwards 0.48310694107137836 0.5920641771303923 0.7553436207322439 1.0 0.4887224996822138 0.5811072589819052
occurred 0.48310694107137836 0.5920641771303923 0.7553436207322439 1.0 0.4887224996822138 0.5811072589819052
ought 0.4842373666506171 0.5916093426922396 0.7554817445035721 1.0 0.4890006973758336 0.5789995391545842
have 0.48578699047592727 0.5907715548476696 0.7527409524751526 1.0 0.4902058704243622 0.5782618615745454
wondered 0.4842373666506171 0.5916093426922396 0.7554817445035721 1.0 0.4890006973758336 0.5789995391545842
at 0.4859576069308866 0.5938277655349095 0.7539242770034658 1.0 0.4924636861386485 0.5823696655455464
this 0.4857603275978749 0.59307148923938 0.7527238294459819 1.0 0.49281085999491864 0.5842540732305097
time 0.4850085873977884 0.5933442322922254 0.7527165923756781 1.0 0.4917816540890305 0.581817027443748
all 0.48425258726941117 0.5931210700457293 0.750584515584668 1.0 0.4923403143570536 0.5825659347685238
seemed 0.486722244697473 0.5945232629101306 0.7535496075310926 1.0 0.4920181942220371 0.5825886921297626
quite 0.48561329685597854 0.5965196646483227 0.7540758620194443 1.0 0.4927603524409611 0.5866276753577474
natural 0.48125756934958924 0.5904517390808338 0.7534842919796786 1.0 0.49016894684211615 0.5807037003594633
actually 0.48523230570590636 0.5913326038661759 0.752758831287986 1.0 0.4892998693749475 0.5795591250603339
took 0.484153638416663 0.5899222907616833 0.7507818293105847 1.0 0.48876915921739544 0.5778824116280736
watch 0.48487376706396923 0.5935918152223344 0.753105360964643 1.0 0.49221565040949816 0.5820128104870127
its 0.4870016890433211 0.5929755504515213 0.751443533551704 1.0 0.4912411738027474 0.5801273805612568
waistcoat 0.48487376706396923 0.5935918152223344 0.753105360964643 1.0 0.49221565040949816 0.5820128104870127
pocket 0.48354465251954465 0.5920540918575296 0.7558308906205216 1.0 0.49347894856328084 0.5829994957068926
looked 0.48356270238233623 0.5935096004045035 0.7522462592914929 1.0 0.49156929207611283 0.5823599465810486
then 0.4850189412768559 0.5928998498468662 0.7547815409139306 1.0 0.49260402295037425 0.5836262686804436
hurried 0.4856232858705912 0.5929656660849622 0.7546858420484676 1.0 0.49368348602031537 0.5834840673909178
started 0.48262372243114654 0.5902486763380558 0.7517439092804213 1.0 0.4897158362199059 0.5812830342126901
feet 0.4811618237523757 0.5920219864704666 0.7496244005385727 1.0 0.48891980155274795 0.5827523839780164
flashed 0.48253813038216176 0.590205584105859 0.7515284935836053 1.0 0.4908014220834465 0.5807669282196415
across 0.4835248815401086 0.5911351781061596 0.754273936296859 1.0 0.49138016963475933 0.5810842628076506
she'd 0.48253813038216176 0.590205584105859 0.7515284935836053 1.0 0.4908014220834465 0.5807669282196415
never 0.4860094125752028 0.5911936313300524 0.7520039900037331 1.0 0.49243528493674 0.5817962602895442
before 0.4857288315806594 0.5939066371553225 0.750282617723148 1.0 0.49190206297573585 0.5827051387823554
seen 0.48500402297380707 0.5936578470636302 0.7491237158836173 1.0 0.49191324440719447 0.5841842857965587
either 0.48525371198310724 0.5930609636192157 0.7512486011382791 1.0 0.49237462738966026 0.582866688846005
take 0.488847766916391 0.5960480261972031 0.7529693025376281 1.0 0.4927563096768881 0.5848448256557459
burning 0.488847766916391 0.5960480261972031 0.7529693025376281 1.0 0.4927563096768881 0.5848448256557459
curiosity 0.48900470802796514 0.5940759708468388 0.755638111116382 1.0 0.4945321297542146 0.5845105080091408
field 0.48451635969958107 0.5920692252983538 0.7570325309702493 1.0 0.4919616896586819 0.5814031175773889
after 0.4850588657471706 0.5936889344171192 0.7515606047177544 1.0 0.49174655977842213 0.5823016223068764
fortunately 0.48334134297919384 0.5904044026505978 0.7506650585794292 1.0 0.4898756811423644 0.5826023501674037
just 0.4833938086251872 0.5933419819049102 0.7497710328866755 1.0 0.49035015941141064 0.5830884780026129
see 0.48596156118232564 0.5933900859016525 0.7534411886653626 1.0 0.49274849167479484 0.5835919537415089
pop 0.48305649327759087 0.5873861018622418 0.7502075437153468 1.0 0.48876821954098176 0.5794240447635611
down 0.48430715466663293 0.5914117638309422 0.7524576131750343 1.0 0.4914810233306565 0.581377338433476
large 0.4839364024721591 0.5919965064731365 0.7507909964623106 1.0 0.49195805780615265 0.5838991750043556
hole 0.48496593465961585 0.5930057562991535 0.7529520242407891 1.0 0.4916190158209857 0.5831972041304082
under 0.4853807291586147 0.5939674154090748 0.751518210901067 1.0 0.49356349966991747 0.5872870804228303
hedge 0.48119599726022155 0.5875838945349271 0.7502672575856311 1.0 0.4888322377614907 0.5817037059304477
another 0.48582737330126363 0.5960466008742883 0.752943491393274 1.0 0.4916584443046487 0.5839278351078899
moment 0.48270305812106806 0.5929990295163114 0.749527014251363 1.0 0.4899918228823221 0.5823296814564849
went 0.4863088207471741 0.5952047395076583 0.7535860886056653 1.0 0.4944124011585796 0.5852797948226806
how 0.48477775822739716 0.5936114925543251 0.7517904625521101 1.0 0.49181720322243505 0.581858869641299
world 0.48732389731885195 0.5938980145426956 0.7557337935024289 1.0 0.49212987157207405 0.5811666729113314
again 0.4834235166126609 0.5901815393421491 0.752073302972835 1.0 0.49109385034445097 0.5803488399421269
straight 0.4840198161079631 0.5924537635854432 0.7568186858231742 1.0 0.4932913373263908 0.5815071902127612
like 0.4869853546471602 0.5974911730305477 0.7548905163416475 1.0 0.494054991489812 0.5867360727569548
tunnel 0.4840198161079631 0.5924537635854432 0.7568186858231742 1.0 0.4932913373263908 0.5815071902127612
some 0.48636330623091145 0.5924904901921878 0.7528259123013648 1.0 0.4919666764254354 0.5812339126947105
dipped 0.48636330623091145 0.5924904901921878 0.7528259123013648 1.0 0.4919666764254354 0.5812339126947105
not 0.48574610744762137 0.595423164678114 0.7516591379328897 1.0 0.49329831303021376 0.584961074186799
about 0.4850776748664769 0.5928892911798938 0.751794493411302 1.0 0.492451343780128 0.5831346117678783
stopping 0.48604001129099805 0.5901592424368126 0.7497467373325689 1.0 0.48982141437938004 0.5810023725546032
herself 0.4875915785284758 0.5969943807240211 0.7534371271202757 1.0 0.49502755109273966 0.5890695617061364
found 0.48666649367651094 0.5981658781074876 0.7533449448180702 1.0 0.49536735647426194 0.5889393441112291
falling 0.4870862078996828 0.5939331860422419 0.7517843929280857 1.0 0.49315444809898235 0.5845298523045134
deep 0.48544593862964064 0.5919812057429144 0.7518572558694762 1.0 0.4921272668898234 0.5815967710222534
fell 0.4841753284827629 0.5911154356822529 0.7517995205604795 1.0 0.4910861882940761 0.5814226770240726
slowly 0.4832754208864416 0.5896837441524562 0.7533652753242881 1.0 0.4911651618411727 0.5800997996781518
plenty 0.4831855539768072 0.5902418837695907 0.7522836683107167 1.0 0.49126359168512507 0.5807735967216077
look 0.48690135769410026 0.592667495260468 0.7530604048427919 1.0 0.4940992846715907 0.5829190517680631
wonder 0.48599425930661383 0.5925344156487632 0.753239504736912 1.0 0.4931501984209616 0.5814424572115708
going 0.48678131842470307 0.5966452693994466 0.7536481184677302 1.0 0.4957814643056219 0.5879296777747541
happen 0.48435628491674926 0.5922206239896641 0.7545712241051354 1.0 0.49433535134654255 0.5849520427917962
next 0.48435628491674926 0.5922206239896641 0.7545712241051354 1.0 0.49433535134654255 0.5849520427917962
first 0.48656392616097816 0.5953988218082951 0.7530833777351841 1.0 0.49419147878220604 0.58617821071494
tried 0.4875663713996639 0.5958689502783695 0.7524770905618696 1.0 0.49396304118270334 0.5857096203520284
make 0.4888167381714216 0.5970245573014058 0.7553044673531183 1.0 0.4975437822293768 0.5870851916964638
coming 0.4886176584106499 0.5921429618924874 0.7563560866988516 1.0 0.49673627346744237 0.5825649175761418
too 0.48601361534012283 0.5958625909292401 0.752943884463178 1.0 0.49419413606535617 0.5850283043998967
dark 0.4839572762246635 0.5947536454884755 0.7515841135088779 1.0 0.49212689404821547 0.5840092924784764
anything 0.48309591114851497 0.5882186508013784 0.7507320810655301 1.0 0.48873447554099436 0.5790622897805383
sides 0.4830103467497584 0.5906897995649203 0.7527979912221243 1.0 0.49020733348244366 0.5786485492475248
noticed 0.4848111501479411 0.5927978923811815 0.7513961484687078 1.0 0.49132464218734606 0.5815033058917758
they 0.4834223971945077 0.589438195618296 0.7517199008039699 1.0 0.4910570195145222 0.5797952592194439
were 0.4846047243022456 0.594104367983637 0.7530735982372346 1.0 0.49275653149803095 0.5826698235485701
filled 0.4839176893768512 0.5888751571701079 0.7537163165828592 1.0 0.4891506662412112 0.5773019356555331
cupboards 0.48325332709868374 0.5881774491231826 0.752421275901615 1.0 0.48908747969479505 0.5779424627957532
shelves 0.4836587484379151 0.5892395366857887 0.7514928921854648 1.0 0.4887013873288516 0.577604705608363
here 0.48585958332130796 0.5936657460400717 0.7516471394278731 1.0 0.4923788380529563 0.5824522882443806
saw 0.4823328676661338 0.5874452978826642 0.7478040839101382 1.0 0.48948063174891443 0.5782972806054832
maps 0.4791564125316678 0.5830503798944282 0.745815511455409 1.0 0.4849050986237361 0.573381891560395
hung 0.4822107280941723 0.5857892542257798 0.7414016364572918 1.0 0.48888344140345413 0.5779408028291255
upon 0.48341777833900923 0.5940896677757601 0.7484357254008941 1.0 0.49138981542578175 0.5822498448232446
pegs 0.4822107280941723 0.5857892542257798 0.7414016364572918 1.0 0.48888344140345413 0.5779408028291255
jar 0.484052304232121 0.5888824987178068 0.7508107142481322 1.0 0.4895971050317086 0.5781530434837381
from 0.48598481323806697 0.5953109273548972 0.7530690633814648 1.0 0.492883848205764 0.5837015345664238
one 0.4858792889089642 0.5942660755359407 0.7517134833911805 1.0 0.49334178225207526 0.5830418264198243
passed 0.4866692311376054 0.5932198866311821 0.7533449954822979 1.0 0.49340640078048004 0.5798893040865477
labled 0.4893930081933161 0.5956038155177341 0.7540931378483066 1.0 0.4941329065459917 0.5835837575391911
orange 0.4893930081933161 0.5956038155177341 0.7540931378483066 1.0 0.4941329065459917 0.5835837575391911
marmalade 0.4893930081933161 0.5956038155177341 0.7540931378483066 1.0 0.4941329065459917 0.5835837575391911
great 0.4841924997056571 0.5951028828318264 0.7552912753547578 1.0 0.4922981781292395 0.5828055554452835
disappointment 0.4867450374641029 0.5938926346305036 0.7586970618081587 1.0 0.4913903616804851 0.5833079547131461
empty 0.48526146333589004 0.5898737655760137 0.7536193805307155 1.0 0.48969166953717663 0.5790542967136673
drop 0.48503976850730446 0.5892612297457928 0.7528363610041242 1.0 0.4909656179768973 0.5801185134803469
fear 0.48503976850730446 0.5892612297457928 0.7528363610041242 1.0 0.4909656179768973 0.5801185134803469
killing 0.48503976850730446 0.5892612297457928 0.7528363610041242 1.0 0.4909656179768973 0.5801185134803469
somebody 0.4839976583120971 0.5880495441890138 0.7486501067664699 1.0 0.48921788032871977 0.579883700355486
managed 0.4839976583120971 0.5880495441890138 0.7486501067664699 1.0 0.48921788032871977 0.579883700355486
put 0.4811555785904419 0.5898397813865046 0.7489005131349803 1.0 0.48935340776833935 0.581118731575714
past 0.4825916132301406 0.5874825224152453 0.7511313977624307 1.0 0.4890245450348316 0.5785804365425935
such 0.48460980258618697 0.5946010813163866 0.7504626054727839 1.0 0.4916652569702972 0.5847902597974507
fall 0.48417172472242764 0.5911085306623215 0.7503880685191822 1.0 0.4903111474180046 0.5787841624891903
tumbling 0.4860650841252003 0.5884759513037477 0.750926362035403 1.0 0.4887491123695719 0.5799534056525659
stairs 0.4860650841252003 0.5884759513037477 0.750926362035403 1.0 0.4887491123695719 0.5799534056525659
brave 0.47939741236712924 0.5871238809986974 0.752351050921012 1.0 0.48806411815257367 0.5793385014685635
ll 0.48582354523294685 0.592018526498097 0.7506380531788803 1.0 0.49172803126125725 0.5824319086947832
me 0.48543300891040925 0.5948731082086878 0.7518841248912715 1.0 0.49274357170908917 0.5843887307231638
home 0.4842660306991371 0.5873792667139935 0.7482134310221032 1.0 0.4876946752442091 0.5770484379364101
why 0.487218164907215 0.594986024878172 0.7504562049859418 1.0 0.4933106780092757 0.5856312990965983
n't 0.4827200845323117 0.5892284263905676 0.7489564906207333 1.0 0.48896956701858924 0.5774764172468771
even 0.4853407885443896 0.5918404651796266 0.7506010726497269 1.0 0.49217396408946584 0.5833414514047368
if 0.4878767295388968 0.5968340295694388 0.753343445333912 1.0 0.49492005240357184 0.5871119061397375
off 0.48579575396992414 0.5936966008184446 0.750991922431023 1.0 0.4915072339997538 0.5832207957834635
top 0.4849218596857472 0.5902053956916856 0.7517946998319381 1.0 0.4889869222188944 0.580365417662119
house 0.4849218596857472 0.5902053956916856 0.7517946998319381 1.0 0.4889869222188944 0.580365417662119
which 0.48654603375878536 0.5970291384025729 0.752356696865033 1.0 0.49351814730169297 0.5843487206147907
likely 0.4872553912651088 0.5898826673101474 0.753079438773482 1.0 0.49213392762080393 0.5805187543933839
true 0.4872553912651088 0.5898826673101474 0.753079438773482 1.0 0.49213392762080393 0.5805187543933839
come 0.48721859693422964 0.5934687067148473 0.7525073726285866 1.0 0.4927337866767557 0.581405607926737
an 0.48495387607654933 0.589207730592167 0.7517848159135647 1.0 0.4900646902812105 0.5787250002994574
end 0.48639061462125377 0.5933363964690985 0.7510941880793655 1.0 0.49401489918290475 0.5837216969725537
many 0.4842367443374493 0.5913097404068725 0.7504262108136932 1.0 0.49086780175597333 0.5815386549738933
miles 0.4859277992064397 0.5879293186481497 0.7526699429535256 1.0 0.4899655506317061 0.5773644676103503
ve 0.48617682986577715 0.5883391451385838 0.7514251695263771 1.0 0.4900058680411637 0.578006163373089
fallen 0.4853218351627298 0.5877345425890127 0.7507306479337099 1.0 0.4897626671320398 0.5783512759860155
said 0.4867270451428865 0.597121990429264 0.753292409157291 1.0 0.49413546557415866 0.5871907615081287
aloud 0.4822485401990568 0.5854996903482562 0.7486346993010152 1.0 0.4876399178145046 0.5755064876299775
must 0.48812782862894355 0.5947414691892052 0.7532344438628414 1.0 0.4933750178874095 0.5834613419048703
somewhere 0.48530871085640254 0.589285957550856 0.7515581226055815 1.0 0.4906379489700115 0.5782826208029787
near 0.48407584446609603 0.5869361119218894 0.7492467687593466 1.0 0.4893101154819164 0.5751554366105753
centre 0.48407584446609603 0.5869361119218894 0.7492467687593466 1.0 0.4893101154819164 0.5751554366105753
earth 0.4857248989111224 0.5892502079659034 0.7494734754341414 1.0 0.48858606937668736 0.5764309338343355
let 0.48476477901307125 0.5887512928831148 0.74904959475561 1.0 0.4881777274306885 0.5758414924184684
four 0.48653691865344245 0.5881251089539646 0.7546193363578164 1.0 0.4901694905954803 0.5763725206816135
thousand 0.48653691865344245 0.5881251089539646 0.7546193363578164 1.0 0.4901694905954803 0.5763725206816135
you 0.48675745171599977 0.5955368074425961 0.7533068635186282 1.0 0.49345130942095494 0.5849833120048005
learnt 0.4871883840037222 0.5877249469073136 0.7539903955500075 1.0 0.4921114990384758 0.5771580733060805
several 0.48362969520368665 0.5905237184342393 0.7525661902148604 1.0 0.4927626446601736 0.5829388570909784
things 0.4833406448616925 0.5927569731259035 0.7513323045623974 1.0 0.49255257123745505 0.5834465399663898
sort 0.4852787853415493 0.5941459890365385 0.7543864673056071 1.0 0.4927031288001345 0.5834465351096153
lessons 0.4818569709279493 0.5865618348097548 0.7534895211656076 1.0 0.49194343464637896 0.5796066788626167
schoolroom 0.48397856883233714 0.5889467366131298 0.7522870734789996 1.0 0.4917601742043338 0.5816055112582067
though 0.48713631196543355 0.5959138750891827 0.7517765421739205 1.0 0.49457509778475633 0.5880353171500705
good 0.4886987282114638 0.5926445974811893 0.7509745616105299 1.0 0.4930460647066309 0.5826671722460345
opportunity 0.4864578243485836 0.5877001379985676 0.7502179914271877 1.0 0.48884569630696995 0.5759983621452097
showing 0.4846251953759067 0.5879683346583255 0.7501686214943426 1.0 0.4900612315233644 0.5760839046098688
knowledge 0.4846251953759067 0.5879683346583255 0.7501686214943426 1.0 0.4900612315233644 0.5760839046098688
listen 0.48749009051024855 0.5882317518960116 0.7519544332600043 1.0 0.4924128705774989 0.5789678944006855
still 0.48582259280714374 0.5933961928772056 0.7519066770294724 1.0 0.49240263075194884 0.5817706157737469
practice 0.4872640949352199 0.5895712457153602 0.7502846381012634 1.0 0.4950118667015713 0.5807856875504407
yes 0.4874437856310364 0.5921149131225883 0.7517678237612925 1.0 0.4915128998974204 0.5799653745204624
right 0.4881207447664019 0.5929372908730671 0.7527072534356412 1.0 0.4927654268984667 0.5814751651566546
distance 0.4874437856310364 0.5921149131225883 0.7517678237612925 1.0 0.4915128998974204 0.5799653745204624
latitude 0.48428448553097225 0.5881395502876102 0.7537909285259792 1.0 0.4906708496373414 0.5805576432833714
longitude 0.4864445504709817 0.5884282657231986 0.7519197886370214 1.0 0.49036566153659106 0.5778672789487073
got 0.4868707394155853 0.594683729139283 0.7530297677270245 1.0 0.4937283565402828 0.583951224062051
idea 0.4842407241268105 0.5874595726542412 0.7528400218189818 1.0 0.48994858272643993 0.5801258706828758
nice 0.4858042239104909 0.5947186955236299 0.7544088667707202 1.0 0.4923325197839509 0.5836090068921976
grand 0.4829071586515109 0.5875020507503947 0.7525432655590837 1.0 0.48663908009232043 0.5737831076742617
words 0.4873933220973091 0.5963014161357566 0.753882234698355 1.0 0.4931230076628508 0.584714735113139
presently 0.4862744237907542 0.5909036483548387 0.7525313088711261 1.0 0.4904683110836036 0.5776700572979061
began 0.48420069770737983 0.5912837366216362 0.7521471430662643 1.0 0.48923889946003657 0.5795858563409683
through 0.4878631564231882 0.5959674935232867 0.7532599676465508 1.0 0.4937142070797487 0.5861903214271533
funny 0.4836849631911336 0.5883513864933944 0.7505086771896009 1.0 0.4881783163503424 0.5759563002347833
seem 0.4836849631911336 0.5883513864933944 0.7505086771896009 1.0 0.4881783163503424 0.5759563002347833
among 0.4849771856601863 0.5916788940924483 0.7505456587510451 1.0 0.4909817149606336 0.5799880923655601
people 0.48941908275693574 0.5993711135929639 0.7558181426289297 1.0 0.49683646231102313 0.5894798422355837
walk 0.48773325877483326 0.5916723429619084 0.751531550861753 1.0 0.49040878415803685 0.5775425881968421
their 0.48816197899829133 0.5951318551856072 0.7526091583358835 1.0 0.4925484840211692 0.5827100735422671
heads 0.4858987331750596 0.5933073040109276 0.75300526432356 1.0 0.4909661782494145 0.5792225577216593
downward 0.4858987331750596 0.5933073040109276 0.75300526432356 1.0 0.4909661782494145 0.5792225577216593
antipathies 0.4858987331750596 0.5933073040109276 0.75300526432356 1.0 0.4909661782494145 0.5792225577216593
rather 0.4868392643898894 0.5952648305392308 0.7521467242225647 1.0 0.4915178658882254 0.5845248436325758
glad 0.4862206701708423 0.590351227871781 0.7497327116755588 1.0 0.48977724693873015 0.5788824731717475
listening 0.48750338125155007 0.5954901584745158 0.7545458881270126 1.0 0.49226075950892284 0.5817428983676612
sound 0.48910282058517557 0.5930021762530302 0.7550770212268403 1.0 0.492987721047321 0.5794981160600092
word 0.48910282058517557 0.5930021762530302 0.7550770212268403 1.0 0.492987721047321 0.5794981160600092
ask 0.48600320698442606 0.5890391862361382 0.7497468804966239 1.0 0.49085254798134687 0.5782714494423272
them 0.4881287340988137 0.5963313949746443 0.7533706628283988 1.0 0.49367057263913516 0.5838422130890617
name 0.48274411450383314 0.5888490053005144 0.7500684790395318 1.0 0.49135026110266433 0.577643267248007
country 0.48274411450383314 0.5888490053005144 0.7500684790395318 1.0 0.49135026110266433 0.577643267248007
is 0.48404454417607573 0.5930504766914151 0.7491062876977642 1.0 0.49140002318443965 0.5809575637041319
know 0.48625017067142967 0.595361747297537 0.7537107750319646 1.0 0.49404397918182946 0.5847806588829272
please 0.48712670244701317 0.5917370969065398 0.7485433305872111 1.0 0.4905400561780221 0.5781906521310629
ma'am 0.48712670244701317 0.5917370969065398 0.7485433305872111 1.0 0.4905400561780221 0.5781906521310629
new 0.48805991248714187 0.5919734161039114 0.7475680947745101 1.0 0.4904950273960637 0.577920114111387
zeland 0.48805991248714187 0.5919734161039114 0.7475680947745101 1.0 0.4904950273960637 0.577920114111387
australia 0.48805991248714187 0.5919734161039114 0.7475680947745101 1.0 0.4904950273960637 0.577920114111387
curtsey 0.4902044162041571 0.59299912032914 0.7488910725573484 1.0 0.4919647170509855 0.581181868542867
spoke 0.4880477862405157 0.5934822263926504 0.752552190549843 1.0 0.49369169819578573 0.5823125991686389
fancy 0.48807745271752573 0.5953455033145765 0.7524878473900927 1.0 0.49413732229437257 0.5857542906153346
curtseying 0.4880477862405157 0.5934822263926504 0.752552190549843 1.0 0.49369169819578573 0.5823125991686389
re 0.49023323276468844 0.5963272998389447 0.7539003273496482 1.0 0.4947383969155867 0.5865300446274522
air 0.48729942007365556 0.593971568578496 0.7528602663862963 1.0 0.49260907699889867 0.5840879594677877
manage 0.48896282955500175 0.5922746423181563 0.7565672934980051 1.0 0.49440727333674944 0.5848433130571727
ignorant 0.4873443929265466 0.5923651432126528 0.7529191960745724 1.0 0.4890507678724892 0.581005552110361
little 0.4866975218152041 0.5974076281297934 0.7538238109117424 1.0 0.4943642974722656 0.5870610146449882
girl 0.4873443929265466 0.5923651432126528 0.7529191960745724 1.0 0.4890507678724892 0.581005552110361
asking 0.4810183958405683 0.587444219492845 0.749587623369477 1.0 0.4896373404825748 0.5786717554838124
perhaps 0.4865643690916554 0.5916792444786076 0.7539122061578849 1.0 0.4919903299477724 0.5814676168538223
written 0.4865643690916554 0.5916792444786076 0.7539122061578849 1.0 0.4919903299477724 0.5814676168538223
else 0.4820545619988544 0.5853170559984133 0.7504824172547718 1.0 0.4904162299516178 0.5768796489232529
soon 0.4852057633972949 0.5932757855165228 0.7521572316520009 1.0 0.4932946017763479 0.5840475361031338
talking 0.48098495831868 0.5861871830126523 0.7488654042914235 1.0 0.4867953213605859 0.5767345213910102
dinah 0.4835009917752027 0.5932653648876426 0.7500990612459064 1.0 0.49006936357097575 0.5789853195498631
miss 0.4836526889444937 0.5887311181808115 0.7487129764582757 1.0 0.4891787240616852 0.5767300037408227
night 0.4825554701982933 0.5917949730583627 0.7532358116594012 1.0 0.49026340629976667 0.5808981467455641
should 0.4842034100059834 0.5960900326960537 0.7554011038375682 1.0 0.4931963609092927 0.58605508866629
cat 0.4836488915491199 0.5923854005937519 0.7531106401312808 1.0 0.4929927945307784 0.5810980187733736
hope 0.48370919472897195 0.5882905320071353 0.7509890790606132 1.0 0.4922157053814556 0.5795282070843464
remember 0.4844750065238058 0.5910332712764333 0.7494145166424077 1.0 0.49247756919149677 0.5835365690170862
saucer 0.48370919472897195 0.5882905320071353 0.7509890790606132 1.0 0.4922157053814556 0.5795282070843464
milk 0.48535788935972796 0.5936589371922999 0.7512521453506446 1.0 0.4920441797382583 0.5799212687101941
tea 0.48535788935972796 0.5936589371922999 0.7512521453506446 1.0 0.4920441797382583 0.5799212687101941
my 0.48679697053927923 0.5966019038472145 0.753255040408076 1.0 0.49407522332617787 0.585906991922105
wish 0.48680218139043246 0.5954930778987022 0.7538702508753132 1.0 0.4918762767909665 0.5829925933940489
are 0.4854830340916915 0.5953601313734702 0.7537447075429686 1.0 0.49039538016862827 0.5821538779567984
mice 0.4843923341746354 0.5916372978358327 0.7518296802926706 1.0 0.4904991550112999 0.5816681215028194
m 0.4843923341746354 0.5916372978358327 0.7518296802926706 1.0 0.4904991550112999 0.5816681215028194
afraid 0.4843923341746354 0.5916372978358327 0.7518296802926706 1.0 0.4904991550112999 0.5816681215028194
might 0.48643999122973797 0.595871751103167 0.7525796485744789 1.0 0.4938308770660121 0.5854067430035078
catch 0.4846919369871224 0.5947743075792451 0.7523614320526412 1.0 0.49017027924956463 0.5824037604814265
bat 0.4833215642444675 0.5945751706063095 0.7507796901417162 1.0 0.49005416818385567 0.5816175151680303
mouse 0.48639395870951135 0.5949238831883621 0.7551761148143877 1.0 0.4925016351858883 0.583662151977895
cats 0.48492087907338477 0.5965287004825518 0.7556229225825504 1.0 0.4935327435548288 0.5837749014926806
eat 0.48515777884258576 0.5971884121671523 0.7546675793592177 1.0 0.49466303487086 0.5859436964768867
bats 0.48394239212088347 0.5969132486638604 0.7554881665275949 1.0 0.49351995006061566 0.5836167702576999
saying 0.4840888284766898 0.5938618798351013 0.7500839811246158 1.0 0.48989236824309323 0.5783818930690845
dreamy 0.485779419184226 0.5931985417238992 0.7547727880587429 1.0 0.4928485425579744 0.5798158916091167
sometimes 0.48688322813724455 0.6014007189392774 0.7558708494669855 1.0 0.4956965761385628 0.5897915556293525
couldn't 0.4812504796033064 0.5906237795725572 0.7474776653241334 1.0 0.488589382435838 0.5771205841790535
answer 0.4812504796033064 0.5906237795725572 0.7474776653241334 1.0 0.488589382435838 0.5771205841790535
question 0.4812504796033064 0.5906237795725572 0.7474776653241334 1.0 0.488589382435838 0.5771205841790535
matter 0.4758977291856468 0.588128911696618 0.7444706591994109 1.0 0.4863462054507565 0.5760340737185666
felt 0.4824574792490254 0.5949922141992288 0.7527093092182413 1.0 0.4926427856381784 0.5869322713312328
dozing 0.48228917784524017 0.5927423838787462 0.7476364846388791 1.0 0.4903834698906671 0.5801483035264394
begun 0.48379572181717995 0.5955799341399145 0.7500772318887647 1.0 0.4914708240964696 0.5823169085262049
dream 0.4815910793850486 0.5957924772223929 0.7476209420141087 1.0 0.4900104444187102 0.5808991961510741
walking 0.4815910793850486 0.5957924772223929 0.7476209420141087 1.0 0.4900104444187102 0.5808991961510741
hand 0.4819997471276099 0.5951567897752374 0.7465218835701263 1.0 0.48848192817928093 0.5789275630329024
earnestly 0.4799475882412612 0.5949001880523314 0.7460827696017215 1.0 0.4879393434831015 0.578365943929888
now 0.48858475085885766 0.60064861807964 0.7552509361343543 1.0 0.4970474577516375 0.5898603244154794
tell 0.4821171625386054 0.5969432951297612 0.7482463891513859 1.0 0.4899255626305395 0.5783742870463084
truth 0.4821171625386054 0.5969432951297612 0.7482463891513859 1.0 0.4899255626305395 0.5783742870463084
ever 0.483318564988964 0.5937837521395649 0.748513637901559 1.0 0.4921215938985343 0.5831912314045031
thump 0.4804701301990655 0.5924216435746693 0.7487821257310767 1.0 0.48911242657254483 0.5805717939484025
came 0.4830653208243037 0.5961854438056023 0.7509513322976803 1.0 0.49226292866265503 0.5837756414817165
heap 0.48109274735054447 0.593704631925359 0.7472992240108458 1.0 0.4887148389918543 0.5796644383122236
sticks 0.48109274735054447 0.593704631925359 0.7472992240108458 1.0 0.4887148389918543 0.5796644383122236
dry 0.48109274735054447 0.593704631925359 0.7472992240108458 1.0 0.4887148389918543 0.5796644383122236
leaves 0.48109274735054447 0.593704631925359 0.7472992240108458 1.0 0.4887148389918543 0.5796644383122236
bit 0.4818035279273794 0.5935478663490015 0.743051647772124 1.0 0.4896644055756615 0.5794363261306961
hurt 0.4818035279273794 0.5935478663490015 0.743051647772124 1.0 0.4896644055756615 0.5794363261306961
jumped 0.4818035279273794 0.5935478663490015 0.743051647772124 1.0 0.4896644055756615 0.5794363261306961
overhead 0.4828516567890543 0.598084066149772 0.7479791236715416 1.0 0.4899277022832237 0.5848248319910443
long 0.4864040971960873 0.5996564036504626 0.7522289122855803 1.0 0.49320111260089256 0.5841293160268631
passage 0.4827128227953036 0.5958617573609328 0.7514782963804673 1.0 0.49167645083342787 0.5828486837718734
sight 0.4841524487264192 0.598568830008238 0.7518588450081195 1.0 0.49239237467543484 0.5845777851643986
hurrying 0.4841524487264192 0.598568830008238 0.7518588450081195 1.0 0.49239237467543484 0.5845777851643986
lost 0.4870518422666713 0.5976136834165636 0.7500669591019673 1.0 0.4948294685440657 0.5855247384608318
away 0.4870518422666713 0.5976136834165636 0.7500669591019673 1.0 0.4948294685440657 0.5855247384608318
wind 0.4845579199447805 0.5969007852402365 0.7510190138556144 1.0 0.4907940315512752 0.5865355739296826
turned 0.4862418927972385 0.5993255927043438 0.7523316503569565 1.0 0.494094499239782 0.587596255745312
corner 0.4862418927972385 0.5993255927043438 0.7523316503569565 1.0 0.494094499239782 0.587596255745312
ears 0.4895100004292455 0.6013483322245762 0.7542544324400452 1.0 0.49907134002554093 0.5938533885274314
whiskers 0.4829976433897522 0.5972199783297322 0.7494368115829214 1.0 0.494606604284084 0.5858811801381826
it's 0.4881416605560273 0.6023841089757276 0.7547020105898821 1.0 0.4975853156435235 0.5911785615165632
behind 0.4873152227656234 0.6011899484296923 0.7534274757845935 1.0 0.49583317857246734 0.5893272793820375
longer 0.4873184835591451 0.5990430798517039 0.7487562671640559 1.0 0.4946207555949005 0.5869877696882106
low 0.4861743347879392 0.6010255023108546 0.7523436140733517 1.0 0.49359072775771073 0.5873827279303105
hall 0.48337936623465066 0.5964766850899919 0.7504845831098198 1.0 0.49303827426332947 0.5836634695180625
lit 0.4859608428866976 0.5991901672461547 0.7521276034838302 1.0 0.49256362165651646 0.583316593166794
row 0.4859608428866976 0.5991901672461547 0.7521276034838302 1.0 0.49256362165651646 0.583316593166794
lamps 0.4859608428866976 0.5991901672461547 0.7521276034838302 1.0 0.49256362165651646 0.583316593166794
hanging 0.4859608428866976 0.5991901672461547 0.7521276034838302 1.0 0.49256362165651646 0.583316593166794
roof 0.4826306131452411 0.5936409132869047 0.7512163301299322 1.0 0.4922357628992646 0.581323255946454
doors 0.48256444940101817 0.5941226672711285 0.7497592726228987 1.0 0.4930224293320123 0.5810041697481151
around 0.48203664603237956 0.5946815766679118 0.7507115555436262 1.0 0.491084668474644 0.5841448703055158
locked 0.4844014076589634 0.5933910613887219 0.7494873998788 1.0 0.4965370108580529 0.5833013867379466
been 0.48288489845251337 0.5945965748303408 0.7489143147147249 1.0 0.4944295030597852 0.5844248272196468
side 0.48288489845251337 0.5945965748303408 0.7489143147147249 1.0 0.4944295030597852 0.5844248272196468
other 0.4812825909403865 0.5929459100027146 0.7496009142969199 1.0 0.49266062192228594 0.5839824960536083
trying 0.4870844038682586 0.5999907884854928 0.7530113391292107 1.0 0.4957064402154239 0.590601743276602
every 0.4793508630781902 0.5926038708357118 0.7505788296806205 1.0 0.4925057857888787 0.5843352838321936
door 0.48477565328080324 0.596039704349853 0.7528158679144888 1.0 0.4950882230214903 0.5877765913452109
walked 0.4832873706174671 0.5940860564300792 0.7502907521965617 1.0 0.49179579943398066 0.582058935376189
sadly 0.4832873706174671 0.5940860564300792 0.7502907521965617 1.0 0.49179579943398066 0.582058935376189
middle 0.4832873706174671 0.5940860564300792 0.7502907521965617 1.0 0.49179579943398066 0.582058935376189
wondering 0.48228956435635595 0.5955813747549681 0.7490041740964511 1.0 0.4930396237275446 0.5831353622850058
three 0.4842689709322709 0.5988597547081834 0.7533875128830264 1.0 0.49356152993766356 0.5832642633775988
legged 0.4842689709322709 0.5988597547081834 0.7533875128830264 1.0 0.49356152993766356 0.5832642633775988
table 0.4879201453349348 0.6001569088635365 0.7538724288644977 1.0 0.4961748258341653 0.5906383241825338
solid 0.4841240543901408 0.5943182963008629 0.7513233400546627 1.0 0.49196183628124524 0.5839034935375494
glass 0.4870364515705858 0.5975038599492587 0.7518117851360445 1.0 0.49282893099741276 0.5866686761330283
except 0.4822942517583702 0.5963585658596369 0.7495149909261846 1.0 0.4921984467322177 0.5811985108673001
tiny 0.4822942517583702 0.5963585658596369 0.7495149909261846 1.0 0.4921984467322177 0.5811985108673001
golden 0.48578185034493304 0.5986441381961854 0.7523012507024528 1.0 0.4957234208894064 0.5871054212695869
key 0.4863618868031369 0.5984283959079083 0.7532249322075042 1.0 0.49522534136435176 0.5876489059876517
belong 0.4824985899288987 0.5946022057776775 0.7483089157939777 1.0 0.4938054780636585 0.580686550955074
alas 0.4850653342770451 0.5982431830566207 0.751095883593692 1.0 0.4957668169031643 0.5865567574251951
locks 0.4824678275528531 0.594415745728893 0.7506227005621994 1.0 0.4932903154889951 0.583768398242945
small 0.4848811104651994 0.5985607151036799 0.7543378666065738 1.0 0.4943912741177497 0.5878880661441784
any 0.4868120108401707 0.5998382350759639 0.7561205220020552 1.0 0.49462734332621316 0.5869532532920368
rate 0.48589440670069917 0.6002234970195696 0.7568955575849143 1.0 0.492935565294418 0.5859819975231255
open 0.48845920246775265 0.6005059135005897 0.7564566492028861 1.0 0.4949186651023045 0.58614415156632
however 0.4886250695662967 0.6007193294538173 0.753895914236391 1.0 0.4950200007513597 0.5877583916225142
second 0.4848206374704838 0.602395402659613 0.7537769688425079 1.0 0.4950530552598719 0.5869595350988228
round 0.48520447832796465 0.598783702862066 0.7532272055692214 1.0 0.4945645886106742 0.5866360639113025
curtain 0.48645989432421527 0.6011603373569153 0.7523191870503738 1.0 0.49270032391927526 0.5892524568899967
fifteen 0.4842349470946373 0.5990817448416781 0.7568264002782762 1.0 0.496666090779466 0.5880728799666374
inches 0.4862866021680062 0.5997769170789837 0.7584388225440013 1.0 0.4970936012427719 0.590957157817067
high 0.4862866021680062 0.5997769170789837 0.7584388225440013 1.0 0.4970936012427719 0.590957157817067
lock 0.48167218231541 0.5962978542198958 0.7519284797222262 1.0 0.49319453532332114 0.5823094979011972
delight 0.48167218231541 0.5962978542198958 0.7519284797222262 1.0 0.49319453532332114 0.5823094979011972
fitted 0.4821688483895146 0.5947059201112546 0.7491527658897451 1.0 0.49305673894729324 0.5831746046811112
opened 0.4864990035744202 0.5959896408030775 0.7525219163752396 1.0 0.4946794753774335 0.5870762471961511
led 0.47853404952777157 0.592617096083148 0.7507284132724865 1.0 0.4913189376598511 0.5830690814408577
larger 0.48706333807084934 0.5986533571347314 0.7533559445441146 1.0 0.4942726449432401 0.5880625770806708
than 0.4897150964756945 0.599027848340892 0.7517972161986639 1.0 0.49275977829295114 0.5863928146044539
rat 0.4897150964756945 0.599027848340892 0.7517972161986639 1.0 0.49275977829295114 0.5863928146044539
knelt 0.4897150964756945 0.599027848340892 0.7517972161986639 1.0 0.49275977829295114 0.5863928146044539
along 0.48403361936671263 0.5953541214773307 0.751324321152977 1.0 0.49237246987194366 0.5838594136645555
loveliest 0.48483484781650643 0.5949307099278252 0.75405683562163 1.0 0.49249801612605754 0.5831358642832863
garden 0.4855166617073871 0.5960083174074456 0.7521867713270871 1.0 0.4938333817888834 0.5860180729613481
longed 0.4831229751977006 0.5957827704736527 0.7505718116570708 1.0 0.4927865822185793 0.5843475856120107
wander 0.482240784782117 0.5916853984624761 0.7495668037188308 1.0 0.49155055631065686 0.582416141069725
those 0.4837186958816924 0.5919364370501334 0.7487161374350041 1.0 0.49062762179466074 0.5824464864944414
beds 0.4851943546877739 0.5921870930622908 0.7478667675418313 1.0 0.48970609380400043 0.582476785673614
bright 0.4851943546877739 0.5921870930622908 0.7478667675418313 1.0 0.48970609380400043 0.582476785673614
flowers 0.4851943546877739 0.5921870930622908 0.7478667675418313 1.0 0.48970609380400043 0.582476785673614
cool 0.4851943546877739 0.5921870930622908 0.7478667675418313 1.0 0.48970609380400043 0.582476785673614
fountains 0.4876534754515249 0.5976140757386135 0.7491995105898912 1.0 0.49289199290675223 0.5880076530306242
head 0.4863899174205475 0.5944926995607022 0.7522127638167098 1.0 0.4944735466843278 0.5865935981466853
doorway 0.4857862094034708 0.5957046908478707 0.7515598906128605 1.0 0.49364980611904696 0.5880696671950718
go 0.48548184247641857 0.5980569584199544 0.7550382472768977 1.0 0.49473545160481636 0.5887657728791418
poor 0.4874673768810285 0.6006126028572315 0.754971370110448 1.0 0.4966511436122399 0.5910005247270486
shoulders 0.4905934746334206 0.59790883158366 0.7537255744343269 1.0 0.4926051451729191 0.5849413589500192
shut 0.4879295191448818 0.5971991108685828 0.752706665467484 1.0 0.492441868153088 0.58419307568872
telescope 0.4908934387221838 0.6004437098920652 0.7557523375228536 1.0 0.4960193583929954 0.5885224564281388
only 0.488045426990576 0.5993867916254391 0.7564511986854484 1.0 0.49641988893112027 0.5905443790548096
begin 0.48772679739791447 0.5983007910839263 0.7528583492679676 1.0 0.49532177039625597 0.5872345757140097
happened 0.4831599890727289 0.5952046723958041 0.7500158583069253 1.0 0.4914390575737329 0.5848716389739734
lately 0.4860032239417236 0.5953671153629148 0.7525367078735196 1.0 0.4929330980663023 0.5837364598486693
few 0.4879331856783522 0.5988012044619276 0.7557346961000189 1.0 0.49614978948983396 0.5888251715189554
indeed 0.48917622391517623 0.6003645549230718 0.7566386480856441 1.0 0.49741659377661857 0.58978775270715
really 0.48620774003130873 0.5992506769807552 0.7547941712833284 1.0 0.4949715080677559 0.5876241442849106
impossible 0.48620774003130873 0.5992506769807552 0.7547941712833284 1.0 0.4949715080677559 0.5876241442849106
waiting 0.485308081682903 0.5962934540914758 0.7539148127470638 1.0 0.49312339725483395 0.5867705547275721
back 0.48986149275137625 0.6005543892701019 0.7543593348421729 1.0 0.49944864929031774 0.5939490244424734
half 0.4909296009942962 0.6002129051451153 0.7545547267234497 1.0 0.498952820048551 0.5891267236512879
hoping 0.4909296009942962 0.6002129051451153 0.7545547267234497 1.0 0.498952820048551 0.5891267236512879
find 0.4884791111288501 0.6002620597634692 0.7573148246152277 1.0 0.49439557888456104 0.5892103826592927
rules 0.4884376973969429 0.6002535100450387 0.7563135385294381 1.0 0.4946277907569843 0.5876470281879999
shutting 0.4914543061807262 0.601690637866127 0.7580746786353522 1.0 0.4970003202264323 0.5904302912330955
telescopes 0.4906210406383725 0.6006273753625087 0.7588226441628141 1.0 0.4964528852920246 0.5888725865436454
bottle 0.4885452687514832 0.5996163764912824 0.7553040140433178 1.0 0.49484340011851363 0.5881375924278213
certainly 0.4899319505293686 0.6006028359794096 0.7552234341679995 1.0 0.49575174911620223 0.5864100463697427
neck 0.4855866866912637 0.595187363802677 0.7526797804663707 1.0 0.4940781994343336 0.5863139684627672
paper 0.4855866866912637 0.595187363802677 0.7526797804663707 1.0 0.4940781994343336 0.5863139684627672
label 0.4853370863984755 0.5956066962699403 0.7522881769375463 1.0 0.4937713227053407 0.5869871642345109
drink 0.48721491762120545 0.5962423176005899 0.7532909513654321 1.0 0.49550001701242824 0.5884277749486926
beautifully 0.4860668244507506 0.5986964155062405 0.7550538099184656 1.0 0.4949251252797726 0.5897332750468771
printed 0.48346265607081057 0.5952765721742369 0.7528949862930102 1.0 0.4918338050290783 0.5868050509232905
letters 0.486296653815807 0.594209654617533 0.7515473881476719 1.0 0.49383218760437714 0.5885361440247404
wise 0.48580063987460004 0.5945003433934678 0.7551422015081954 1.0 0.4951710167866499 0.5862384313416245
hurry 0.48471337477298004 0.5952061676138026 0.7522231114433727 1.0 0.49541300440249814 0.5884206438396202
marked 0.48926291146580875 0.6007030026088201 0.7545250222523907 1.0 0.49669767682232013 0.5897160078900558
poison 0.4877426651284716 0.5996385093182902 0.7539732955061773 1.0 0.4961425912841165 0.5893447047695068
read 0.484837416963092 0.5916885546828053 0.7496570309527383 1.0 0.4931314033979244 0.5875415589719755
histories 0.485400845081381 0.5944820834168739 0.751643679296005 1.0 0.4935811271143244 0.5862680759336344
children 0.4846118752020157 0.5953034545103499 0.7512092203177303 1.0 0.4935365871395586 0.5876023798205564
who 0.4846118752020157 0.5953034545103499 0.7512092203177303 1.0 0.4935365871395586 0.5876023798205564
d 0.4859559761951021 0.5964218424899668 0.7516528410474264 1.0 0.49452864898604193 0.5882746517725528
gotten 0.4846118752020157 0.5953034545103499 0.7512092203177303 1.0 0.4935365871395586 0.5876023798205564
burnt 0.4846118752020157 0.5953034545103499 0.7512092203177303 1.0 0.4935365871395586 0.5876023798205564
eaten 0.4834878014618327 0.594625616156422 0.7484267006472742 1.0 0.48938073278918337 0.5833492543034233
wild 0.4834878014618327 0.594625616156422 0.7484267006472742 1.0 0.48938073278918337 0.5833492543034233
beasts 0.4834878014618327 0.594625616156422 0.7484267006472742 1.0 0.48938073278918337 0.5833492543034233
unpleasant 0.4831885004557612 0.5932833776739009 0.7486360691593095 1.0 0.4928133886063307 0.5836344234305064
because 0.4831885004557612 0.5932833776739009 0.7486360691593095 1.0 0.4928133886063307 0.5836344234305064
simple 0.48623259368337096 0.5914913347309088 0.7512094001635483 1.0 0.49381311579612275 0.5855487248705408
friends 0.4885919186379215 0.5986012073583495 0.7536898308671518 1.0 0.49469426986875836 0.5878922568535305
taught 0.4885919186379215 0.5986012073583495 0.7536898308671518 1.0 0.49469426986875836 0.5878922568535305
red 0.4864831778994217 0.6000531055481299 0.7559266198132968 1.0 0.4935439328240907 0.5876584492387176
poker 0.48629296196968236 0.5985771012160341 0.7528594759177197 1.0 0.49481346510268776 0.5872953284618552
will 0.48629296196968236 0.5985771012160341 0.7528594759177197 1.0 0.49481346510268776 0.5872953284618552
burn 0.48629296196968236 0.5985771012160341 0.7528594759177197 1.0 0.49481346510268776 0.5872953284618552
hold 0.48629296196968236 0.5985771012160341 0.7528594759177197 1.0 0.49481346510268776 0.5872953284618552
cut 0.48772489138710734 0.5984616118160271 0.7519336808372801 1.0 0.49378851605645563 0.5852914208134719
your 0.4891112509637239 0.6006113068102513 0.751214768932539 1.0 0.4964623502544201 0.589216450821558
finger 0.4891112509637239 0.6006113068102513 0.751214768932539 1.0 0.4964623502544201 0.589216450821558
deeply 0.4891112509637239 0.6006113068102513 0.751214768932539 1.0 0.4964623502544201 0.589216450821558
knife 0.4891112509637239 0.6006113068102513 0.751214768932539 1.0 0.4964623502544201 0.589216450821558
usually 0.4872077156056683 0.598776252050723 0.7552366555255932 1.0 0.4976793488956351 0.5917689538398009
bleeds 0.4872077156056683 0.598776252050723 0.7552366555255932 1.0 0.4976793488956351 0.5917689538398009
forgotten 0.4892415008693082 0.5988714002963297 0.7538397195003969 1.0 0.4965873862844114 0.590437773852784
almost 0.4937922553026275 0.6015384409011056 0.7587819630054369 1.0 0.5001503665009455 0.5942280119047951
certain 0.4937922553026275 0.6015384409011056 0.7587819630054369 1.0 0.5001503665009455 0.5942280119047951
disagree 0.4937922553026275 0.6015384409011056 0.7587819630054369 1.0 0.5001503665009455 0.5942280119047951
sooner 0.48819619397269765 0.6017410118275924 0.7578108595234108 1.0 0.49242833677342096 0.5894592545328339
later 0.48819619397269765 0.6017410118275924 0.7578108595234108 1.0 0.49242833677342096 0.5894592545328339
ventured 0.4883806542884395 0.603291311893227 0.7558150801102623 1.0 0.49745949794009714 0.5910513462035624
taste 0.4883806542884395 0.603291311893227 0.7558150801102623 1.0 0.49745949794009714 0.5910513462035624
finding 0.4857534928667761 0.5993551696225786 0.7528353986712211 1.0 0.494147733025422 0.5879920350685137
fact 0.48737318823868664 0.5969752274139204 0.7539194585140297 1.0 0.4938827801108624 0.5878197641657185
mixed 0.48737318823868664 0.5969752274139204 0.7539194585140297 1.0 0.4938827801108624 0.5878197641657185
flavor 0.48737318823868664 0.5969752274139204 0.7539194585140297 1.0 0.4938827801108624 0.5878197641657185
cherry 0.4849602066265986 0.5942188850598676 0.7498089490445559 1.0 0.49234602997535043 0.5866438822650637
tart 0.4849602066265986 0.5942188850598676 0.7498089490445559 1.0 0.49234602997535043 0.5866438822650637
custard 0.48891094596304324 0.598892487420044 0.7526979140975584 1.0 0.49299562304013733 0.5878575498153445
pine 0.48891094596304324 0.598892487420044 0.7526979140975584 1.0 0.49299562304013733 0.5878575498153445
apple 0.48891094596304324 0.598892487420044 0.7526979140975584 1.0 0.49299562304013733 0.5878575498153445
roast 0.48891094596304324 0.598892487420044 0.7526979140975584 1.0 0.49299562304013733 0.5878575498153445
turkey 0.4891521592826297 0.5973115684291409 0.751438638980576 1.0 0.49540430774606575 0.5875567725265779
toffee 0.4891521592826297 0.5973115684291409 0.751438638980576 1.0 0.49540430774606575 0.5875567725265779
buttered 0.4891521592826297 0.5973115684291409 0.751438638980576 1.0 0.49540430774606575 0.5875567725265779
toast 0.4896409037796933 0.5984310088206553 0.7520723960345277 1.0 0.4951831385424964 0.5865874769857828
finished 0.4876730449930866 0.5974488040675828 0.7551142919661845 1.0 0.49428834011206596 0.5886492420640158
curious 0.4847561115996289 0.59573199338542 0.7526721776048644 1.0 0.4958450528790751 0.5940931924274854
feeling 0.48966856115201335 0.6018135763157616 0.7534877429588905 1.0 0.49460048180605365 0.5899959532010361
ten 0.4883666755214848 0.6004817184199436 0.7600735791037303 1.0 0.4975270333213893 0.593881386932664
face 0.4883666755214848 0.6004817184199436 0.7600735791037303 1.0 0.4975270333213893 0.593881386932664
brightened 0.48936598988892904 0.5984151011081815 0.7570980573280189 1.0 0.4955364862324851 0.5907578369090589
size 0.48928465598675897 0.596959763199585 0.7541398967048278 1.0 0.49765842158238477 0.5895418738525536
lovely 0.48517983707026663 0.5961132415337149 0.7539088741433133 1.0 0.49575093929929115 0.5895909048006481
waited 0.4920231050414234 0.6007883117958975 0.7554893905881617 1.0 0.4976348621904204 0.5921725278177012
minutes 0.4906984683920393 0.601323094158646 0.7583703789670773 1.0 0.49884592315781645 0.5918603500202639
shrink 0.4870018879484067 0.5983974526454123 0.7542304660195793 1.0 0.4977266415293619 0.5897102141820544
further 0.4870018879484067 0.5983974526454123 0.7542304660195793 1.0 0.4977266415293619 0.5897102141820544
nervous 0.4866424586716595 0.5983921210984289 0.7563058256681086 1.0 0.49583033451396924 0.5915608277843745
altogether 0.487727371876353 0.6008380866107083 0.755234881873464 1.0 0.49656539681472495 0.5918319540045693
candle 0.48631425802203676 0.5983670224025442 0.7516915884970777 1.0 0.49422212261020554 0.5849122484080848
flame 0.48810688081291204 0.5971938080853455 0.752424021252532 1.0 0.4945793656308704 0.5891683267393192
blown 0.48241030671491014 0.5947126701103584 0.7479309440420585 1.0 0.4918424561055283 0.5852295789264905
thing 0.48617616778009287 0.5966278483291769 0.7508675502449061 1.0 0.49358854681472736 0.5881732412717127
while 0.48688638181559923 0.5963313545139223 0.7485161830184442 1.0 0.49239603560287865 0.5847477322666066
more 0.48317677301317863 0.5954946013865611 0.7499129271938071 1.0 0.4908995540837991 0.5849914627873403
decided 0.48653285389201323 0.5969809874830492 0.7486061405707961 1.0 0.4932619814941044 0.5853473199531906
possibly 0.4910894606891373 0.6018362169515469 0.7566724913774514 1.0 0.5003936663765217 0.5969137132346096
reach 0.4905267021231442 0.6009297222124631 0.7556206806075921 1.0 0.49845958213372066 0.594301179145515
plainly 0.48768957737129726 0.5988423848328562 0.7533805199803474 1.0 0.4925453851173017 0.5892488656701954
best 0.48843980855821617 0.5987328170415972 0.7513040754168988 1.0 0.4931258317009411 0.5885546895081145
climb 0.48843980855821617 0.5987328170415972 0.7513040754168988 1.0 0.4931258317009411 0.5885546895081145
legs 0.4872582034053462 0.6004364792021692 0.7528578690902406 1.0 0.4922230816135769 0.5888204535209278
slippery 0.4915580228016014 0.6016608282828212 0.7553683510123294 1.0 0.4969503788658446 0.5894885823532425
sat 0.48890997525639934 0.6000105610478811 0.7557353222536453 1.0 0.49580279740152 0.5908872626728555
cried 0.4923180722949777 0.6014261689065041 0.7551615543667822 1.0 0.4952940009449613 0.5901508012543385
crying 0.488665042244098 0.6003149480744419 0.7565196135964645 1.0 0.49615803364400873 0.5915916806538891
sharply 0.4889305121512945 0.598647809341639 0.7516381883362967 1.0 0.49431174060524713 0.5903291952778505
advise 0.48952860458515157 0.6002654882116457 0.7502901577816833 1.0 0.49388442515075487 0.5910411202066151
leave 0.48952860458515157 0.6002654882116457 0.7502901577816833 1.0 0.49388442515075487 0.5910411202066151
minute 0.48521110377369836 0.5981014734136652 0.7513704367671401 1.0 0.49680584586778165 0.5928518139052467
generally 0.4924229661119724 0.6007695005482565 0.7524383107395499 1.0 0.4953535025511767 0.5913529518994082
gave 0.4924229661119724 0.6007695005482565 0.7524383107395499 1.0 0.4953535025511767 0.5913529518994082
advice 0.4924229661119724 0.6007695005482565 0.7524383107395499 1.0 0.4953535025511767 0.5913529518994082
seldom 0.4917375616450502 0.603256174913976 0.7514738593531108 1.0 0.49839454756150814 0.5945806563788888
followed 0.4917375616450502 0.603256174913976 0.7514738593531108 1.0 0.49839454756150814 0.5945806563788888
scolded 0.4912115887164114 0.6059201982771757 0.7581629912129055 1.0 0.4993260107461828 0.5971135287432197
severely 0.49304401168254997 0.6039453365807319 0.7562181786945055 1.0 0.4986594981354408 0.593442764600661
bring 0.49304401168254997 0.6039453365807319 0.7562181786945055 1.0 0.4986594981354408 0.593442764600661
tears 0.49180537083716647 0.6037270294056993 0.7543948827305875 1.0 0.4959514794839741 0.5949029946241801
remembered 0.49245687631275925 0.6045312951955151 0.7540560134703957 1.0 0.4985607752361842 0.5964950003353159
box 0.4908606373754361 0.6019180642037829 0.7523825313351526 1.0 0.49624911603352223 0.5916357449600865
cheated 0.4961421107067929 0.6055526008372011 0.7591606426809911 1.0 0.5036181760816542 0.6019721948017881
game 0.49568999898401417 0.6034296205666436 0.7529207814135683 1.0 0.5024273675583166 0.5989208085539605
croquet 0.49568999898401417 0.6034296205666436 0.7529207814135683 1.0 0.5024273675583166 0.5989208085539605
playing 0.49568999898401417 0.6034296205666436 0.7529207814135683 1.0 0.5024273675583166 0.5989208085539605
against 0.49568999898401417 0.6034296205666436 0.7529207814135683 1.0 0.5024273675583166 0.5989208085539605
child 0.4921464291372516 0.6055870605545369 0.750521544390969 1.0 0.497769248981636 0.5925603899157388
fond 0.4921464291372516 0.6055870605545369 0.750521544390969 1.0 0.497769248981636 0.5925603899157388
pretending 0.4921464291372516 0.6055870605545369 0.750521544390969 1.0 0.497769248981636 0.5925603899157388
two 0.4896776870253247 0.6026739921076645 0.7565016452443288 1.0 0.5003120956060774 0.5958819728603953
pretend 0.488804476745299 0.6039886932829678 0.7551719042119435 1.0 0.4988814772749025 0.594119741451369
hardly 0.49025476285734404 0.6028104205934031 0.7527631471305639 1.0 0.49908736066742065 0.5944597251667799
enough 0.49025476285734404 0.6028104205934031 0.7527631471305639 1.0 0.49908736066742065 0.5944597251667799
respectable 0.48901717617922524 0.6019394580169447 0.7542456732004166 1.0 0.4983568003227207 0.5916363059628804
person 0.48901717617922524 0.6019394580169447 0.7542456732004166 1.0 0.4983568003227207 0.5916363059628804
eye 0.4859239366771682 0.5971368543259521 0.7509021083172729 1.0 0.49520369620868454 0.5866861566921724
lying 0.48929109876349597 0.599348544786896 0.7507370415740392 1.0 0.49397612400746044 0.5868577704611745
cake 0.49409778136719085 0.6060534301413546 0.7568812334246471 1.0 0.49912784610316696 0.5936380647049531
currants 0.4938577745081797 0.6039203765036816 0.7561925867604582 1.0 0.49837539309908757 0.5908382516634672
makes 0.48888509991992346 0.6010507681855294 0.7544559435783378 1.0 0.4974703748564458 0.5934614647547335
grow 0.48990108380537395 0.6005930591309273 0.7553746699175002 1.0 0.49788231832797725 0.5941999090704734
can 0.4878188883098848 0.5975159396466742 0.754073523001024 1.0 0.49724408204312404 0.5925468860890912
smaller 0.48983901489585935 0.6011658227055012 0.756184229225999 1.0 0.49924574271214356 0.5967217699192578
creep 0.4856843966673189 0.5950214145218927 0.7535821546932372 1.0 0.4979626713328681 0.5934056384121508
