word v0 v1 v2 v3 v4 v5
alice 0.7988375908188925 0.7624701214912473 0.9914323724263231 0.9468731739114962 0.9130174094800668 1.0
was 0.7992934892119152 0.7628965836917987 0.9924030873410659 0.9471283535703913 0.9125334983202442 1.0
beginning 0.7947232854493537 0.7636811292487506 0.9945130055806051 0.9454579875889023 0.9168035887764268 1.0
to 0.7992869145773805 0.7627943149918847 0.9923262767355923 0.9463995253148995 0.9127986467781654 1.0
get 0.801235793057245 0.764719577504835 0.99395905429203 0.9491209423479835 0.9152715890917882 1.0
very 0.8007469464858432 0.7638999742605319 0.9931819042787293 0.9460166669279534 0.913910209837612 1.0
tired 0.798716895307076 0.7608113874381974 0.9917250597823651 0.9473870438944902 0.9145216698743521 1.0
of 0.7983824550681033 0.7627301774811804 0.9918553326145912 0.9461830963148069 0.9123692262135092 1.0
sitting 0.7914329890203388 0.7586680641841275 0.9933923687398657 0.944755666435372 0.9153605963275079 1.0
by 0.7968030616117217 0.762170371597028 0.992179084463614 0.9463108792432129 0.9128135087596834 1.0
her 0.7985264367826326 0.7616470293217344 0.9930451698244998 0.9467683575121406 0.9137658827523442 1.0
sister 0.7908370800850035 0.7575766239641907 0.992620435639865 0.942760072086722 0.9128833850040572 1.0
on 0.7993701497731761 0.7632338200714013 0.9919531614337274 0.947345873973941 0.9124363996823258 1.0
the 0.7991220461144912 0.7623716327770664 0.991349297028521 0.9463876877499185 0.9124883633673955 1.0
bank 0.7933674481284014 0.7603149677335687 0.9935588431041785 0.9444561840764389 0.9206325186961197 1.0
and 0.7990575680925812 0.7625788497118756 0.991475489495853 0.9467896506538874 0.9121900870149042 1.0
having 0.7985736923021034 0.7619826707354491 0.9908977187478785 0.9471868086395312 0.9147157375581946 1.0
nothing 0.7983107402581278 0.7639403249760691 0.9922406887256898 0.9449660437840373 0.9125837655162344 1.0
do 0.8012692748545772 0.7641905261712426 0.9944438790539663 0.9490579141656726 0.9129876776502557 1.0
once 0.7967639029341081 0.7603003353745234 0.9923403494985877 0.9460860185377692 0.9126792936606151 1.0
or 0.7973878597168443 0.7628981414513467 0.9916992018162429 0.9445100319704546 0.9122283843329348 1.0
twice 0.7946521649470106 0.761318175393727 0.9989126588033203 0.9453897681618518 0.9146039831417312 1.0
she 0.7996855037512014 0.7627781072173887 0.9922137580697427 0.9472582202851441 0.912148117624492 1.0
peeped 0.7902413982344813 0.7564855996626665 0.9918487967027362 0.9407652382052224 0.910407117678988 1.0
into 0.7987780292456493 0.7611395055752881 0.9906197825863614 0.9477534783235692 0.9114954776148585 1.0
book 0.7954609126541567 0.7615319625910378 0.9915861502760198 0.9433579599865567 0.9126069995005303 1.0
reading 0.7973720113240516 0.7633169186809425 0.99472911877251 0.9448871649678156 0.9186120137733911 1.0
but 0.8002016194110354 0.7624106932686279 0.99342190779859 0.9479656771442547 0.9136603452671072 1.0
it 0.7993705133774859 0.7624557751463623 0.9918965786427589 0.9469833692611909 0.912450295132906 1.0
had 0.801156820639425 0.7640350598876527 0.9923750542964404 0.9468675934238844 0.9133945569826082 1.0
no 0.8014572044942143 0.7631270156097792 0.9930094254158495 0.9473727419679195 0.9130560685821308 1.0
pictures 0.7949401901101243 0.7618188688453293 0.9940423980714376 0.9449328964076996 0.9155396690639351 1.0
conversations 0.7988838339680799 0.7647311424285684 1.0 0.9506153666299486 0.91370943920017 0.9995940256434322
in 0.7983760335802945 0.7621688770200152 0.9909456963053658 0.9465493275270919 0.9124796284191965 1.0
what 0.7973683637771851 0.7624254164371382 0.9907311009997706 0.9431446603548425 0.9104578699370921 1.0
s 0.8007799048864863 0.7633473755541385 0.9916955729924263 0.9450353706299405 0.9136625424620951 1.0
use 0.7983963916971138 0.7606228623820979 0.989861127133419 0.9460644991849961 0.9115782165117297 1.0
a 0.799544357654467 0.7630688258192806 0.9917196412395421 0.9471662409696066 0.9127202517879858 1.0
thought 0.7994526512791224 0.7619244625361655 0.992648868358513 0.9462412460922296 0.9131414618633042 1.0
without 0.7949390672807772 0.7598430502531808 0.9893207239332653 0.941229282037492 0.9101983980528344 1.0
conversation 0.7931740260366101 0.7615687493632536 0.9958520799771832 0.9446421504782703 0.914540184624378 1.0
so 0.798819045031619 0.7630518295253838 0.9925749818797961 0.947246505537668 0.9126164141759658 1.0
considering 0.7941403650548784 0.7590178660146695 0.9942289229126026 0.9432334516089004 0.9133874322545146 1.0
own 0.7970539227746879 0.7590250877890429 0.9931120297368353 0.9453734606947983 0.9133928604721555 1.0
mind 0.7941679118068907 0.7593319179940073 0.9946680557333183 0.9437725129711502 0.9164565644389918 1.0
as 0.7992063178270886 0.7624536108302533 0.9933710907635668 0.9454741122223398 0.9104654947195204 1.0
well 0.7993504194164065 0.763829078814657 0.9929181753912786 0.9456287077801137 0.9120763050881376 1.0
could 0.8016000344622098 0.764454572015027 0.9923720439078568 0.9483597261689145 0.9130690098512162 1.0
for 0.8002513306643092 0.7627355831559923 0.992005507136218 0.9467616849873204 0.9124338390342499 1.0
hot 0.7985068259292183 0.7642774800540175 0.9909112801211122 0.9466023957310088 0.9107839886968931 1.0
day 0.7936103535966138 0.7610874068326878 0.9954718830253549 0.9428547677404784 0.9095303311360765 1.0
made 0.7996567106448272 0.7620276889603764 0.9940221241864646 0.9454994487048556 0.9137776627043172 1.0
feel 0.7985533709238344 0.7608076408661166 0.9955707548955722 0.9430344525202786 0.9152003075097296 1.0
sleepy 0.8023093483921623 0.7647531756722048 0.9949440018590104 0.9442705029067809 0.9145890450659037 1.0
stupid 0.7985533709238344 0.7608076408661166 0.9955707548955722 0.9430344525202786 0.9152003075097296 1.0
whether 0.8015777061750718 0.7641755615012565 0.9949634426048749 0.9476519530754657 0.9187983429463231 1.0
pleasure 0.7975858618254444 0.7618860086533815 0.9949021282577041 0.9472787006134047 0.9187479528923321 1.0
making 0.7975858618254444 0.7618860086533815 0.9949021282577041 0.9472787006134047 0.9187479528923321 1.0
daisy 0.7950503995971077 0.7609019458056242 0.9908957581220096 0.9420896310465968 0.9112266804642057 1.0
chain 0.7950503995971077 0.7609019458056242 0.9908957581220096 0.9420896310465968 0.9112266804642057 1.0
would 0.7992957992753327 0.7627182833632535 0.991937159767041 0.9467899866001388 0.9114563971842847 1.0
be 0.7994941264967449 0.763223177200392 0.9914321326756453 0.9471107580180265 0.9119309109006147 1.0
worth 0.7950503995971077 0.7609019458056242 0.9908957581220096 0.9420896310465968 0.9112266804642057 1.0
trouble 0.791233299868917 0.758631350960705 0.9923376386366684 0.9424192545576543 0.9117946892270762 1.0
getting 0.8000210640803358 0.7634207681013172 0.9946673361268537 0.948611046412833 0.9142734855680718 1.0
up 0.7984951182209465 0.761356790787798 0.9900463613336867 0.94588707141669 0.9105060423694009 1.0
picking 0.791233299868917 0.758631350960705 0.9923376386366684 0.9424192545576543 0.9117946892270762 1.0
daisies 0.791233299868917 0.758631350960705 0.9923376386366684 0.9424192545576543 0.9117946892270762 1.0
when 0.799498013112115 0.7625267845081991 0.9910163038224997 0.9452274302005047 0.9124116701805891 1.0
suddenly 0.7995277022402494 0.7630830380990825 0.9926205215039132 0.9455223289359567 0.9130394415747282 1.0
white 0.7987608886041018 0.7624148538331595 0.9945663197157825 0.9477448170623856 0.914003057163679 1.0
rabbit 0.7986641465624014 0.7630352685403786 0.9967654333547107 0.9474288698361203 0.9144925138472703 1.0
with 0.7992719955955575 0.7626290782118935 0.9921478393418632 0.9460300584111607 0.912393171811298 1.0
pink 0.7929155142792368 0.7582539433835537 0.9937754288928625 0.9421971789255783 0.9127725442321489 1.0
eyes 0.7976471795331145 0.7584041602793425 0.9926242283811176 0.9461460830479171 0.9106022444618528 1.0
ran 0.796741836166895 0.7642418579669702 0.9975211839361836 0.9470660409837478 0.9149340087138669 1.0
close 0.8031029684598058 0.7664781995117053 0.9973251771252409 0.9528089197743532 0.917518630571853 1.0
there 0.7998503065066513 0.7628187171443124 0.9920034086420324 0.9467558225497277 0.9117739350772804 1.0
remarkable 0.7921867191015068 0.7602194156698493 0.9932039777370554 0.9434010674984882 0.9165513423747577 1.0
that 0.7999172124023217 0.7636929126735434 0.9917886710765711 0.9470562322617048 0.9133445474029158 1.0
nor 0.7921867191015068 0.7602194156698493 0.9932039777370554 0.9434010674984882 0.9165513423747577 1.0
did 0.7999443552946562 0.7633558813059359 0.9941834140807385 0.9466723494554906 0.9130008513913771 1.0
think 0.7993529502844314 0.7644675952056332 0.9939564945442945 0.945405822310245 0.913317806080081 1.0
much 0.7985085841881456 0.7610520345613745 0.9919785993890732 0.944991071628284 0.9116709264699021 1.0
out 0.7984087278303806 0.7629242937720072 0.9915499241241815 0.946872390635217 0.9120293725044051 1.0
way 0.7987279950117395 0.7612819365406738 0.9920342193003259 0.9468771266673558 0.91116271674018 1.0
hear 0.7974588167853154 0.7603662629616225 0.9939356894084401 0.9463987270889483 0.9105187656042263 1.0
say 0.8002402815839404 0.764046084270867 0.9945885899039802 0.9475544529552483 0.9133409270450525 1.0
itself 0.7968520078505396 0.7630579978378076 0.9993351822716857 0.9472504000887744 0.9133984966049142 1.0
oh 0.8018278631978845 0.7649955565894625 0.995937119760447 0.9482699140174689 0.9148900598370897 1.0
dear 0.8013277183510642 0.7653498654058574 0.9977089983455053 0.9483764708309985 0.9151205932830089 1.0
i 0.7997692127408412 0.7635127273462444 0.9914699254034608 0.9461050719987399 0.911945984717577 1.0
shall 0.7994992394390041 0.7634324978954022 0.9928844670577281 0.9454532791928453 0.912270226142663 1.0
late 0.8006566305075444 0.7643640319818166 0.9946227850032526 0.9495707611554787 0.9140034956789223 1.0
over 0.7996617995437337 0.7634376264363476 0.9953819440228068 0.945785106033624 0.9142668728893544 1.0
afterwards 0.7976313977236119 0.7611782520499415 0.9971487185752002 0.9458819403189467 0.9189053054970188 1.0
occurred 0.7976313977236119 0.7611782520499415 0.9971487185752002 0.9458819403189467 0.9189053054970188 1.0
ought 0.7945204747390803 0.7590343072185826 0.99371970185952 0.9440824323182947 0.9161405604315279 1.0
have 0.8001637212031961 0.7631332674766341 0.9947243602261835 0.9452688535762449 0.9151390361057825 1.0
wondered 0.7945204747390803 0.7590343072185826 0.99371970185952 0.9440824323182947 0.9161405604315279 1.0
at 0.7964479950809511 0.7600060288438092 0.9907285996277393 0.9441748950736485 0.9102928964090964 1.0
this 0.7999632195362452 0.76213361188521 0.9922563095035084 0.9466656910218333 0.9123429024403928 1.0
time 0.7976414307215624 0.7610183597789205 0.9920879141741065 0.9452570825896695 0.9112089270450145 1.0
all 0.7984152492464022 0.7611061386967494 0.9911498249992609 0.9453643575066606 0.9102568204734021 1.0
seemed 0.7945844495756158 0.7582689626119188 0.9903931564182675 0.947160994435531 0.9092356730361284 1.0
quite 0.7969157557571132 0.760901236566278 0.9936666939880411 0.9459305859015887 0.9133680411780953 1.0
natural 0.7932272301163174 0.7583239332529464 0.9951329947128954 0.9445712218921063 0.9150151371532859 1.0
actually 0.7936309851288285 0.7600227831829621 0.9926991443166772 0.9412270102439342 0.9140563060754457 1.0
took 0.7927544720157895 0.7594898676716063 0.990842669305846 0.942210960922962 0.911573540747674 1.0
watch 0.7940421553300137 0.7614024800702898 0.992797901909947 0.9444067737233862 0.9120814354101702 1.0
its 0.7921843382116469 0.7590815504882317 0.9923165791682591 0.943080879137251 0.9122344093692213 1.0
waistcoat 0.7940421553300137 0.7614024800702898 0.992797901909947 0.9444067737233862 0.9120814354101702 1.0
pocket 0.7934161735772692 0.7615029543357823 0.9938008961984026 0.9454455040170879 0.9115660093074835 1.0
looked 0.7984919449200875 0.7618778408329658 0.9940937700148849 0.9483643882032563 0.9119765721749555 1.0
then 0.795854399366716 0.7603977561173025 0.9905525177239315 0.9427948743744895 0.9093956097836688 1.0
hurried 0.7917566842541666 0.7583946861388955 0.9896585082889212 0.9400992782160958 0.9108225331790286 1.0
started 0.7886752186046294 0.7526215676867238 0.9867725447000832 0.9392608296764003 0.9119870762952932 1.0
feet 0.792375472702163 0.7556237230146899 0.987550497519801 0.9431685222249069 0.910064473047843 1.0
flashed 0.7923853628412104 0.7594464454056634 0.9913679101180166 0.9434422156344197 0.9162329599613998 1.0
across 0.7943312731782208 0.7613681464106975 0.9925601440825205 0.9420609824191017 0.9134871279604714 1.0
she'd 0.7923853628412104 0.7594464454056634 0.9913679101180166 0.9434422156344197 0.9162329599613998 1.0
never 0.7998336809559723 0.7637642675495767 0.9940051668288766 0.9463997538282422 0.9121832185447285 1.0
before 0.8016864405575261 0.7662525995915392 0.9961894006136732 0.949823546285757 0.9138461997737054 1.0
seen 0.8004982643796643 0.765164435563486 0.9939505804934944 0.9498838995406551 0.9153276900750844 1.0
either 0.8004341447143352 0.7621924816491416 0.9931133206283016 0.9473739677399019 0.9141776470784437 1.0
take 0.7948913200636176 0.7641198346416499 0.9926676574528795 0.944204966192945 0.9107903569158157 1.0
burning 0.7948913200636176 0.7641198346416499 0.9926676574528795 0.944204966192945 0.9107903569158157 1.0
curiosity 0.7955721661415079 0.763482110396308 0.994212506982239 0.9417828713063594 0.9107939844357996 1.0
field 0.7962791032805455 0.7632917432969878 0.9937535542622732 0.9406783865286552 0.9107385870202181 1.0
after 0.797740195155599 0.7627154128652593 0.9916479334015135 0.9445689960636455 0.910487956710522 1.0
fortunately 0.7907543307540646 0.7598412649335954 0.9873945107014669 0.940953127912864 0.9105576509151374 1.0
just 0.7936434900616205 0.7584149015086282 0.9872599500582802 0.9432604391031217 0.908337743475044 1.0
see 0.8007472262874367 0.7632979727322468 0.9928570148937496 0.9471609690665531 0.9135735006214912 1.0
pop 0.795819254590481 0.7593001386598386 0.9945838430673055 0.9446900875173015 0.9158624463558158 1.0
down 0.7989932630351407 0.7625833310486749 0.991912461566222 0.9462248752531717 0.9125853021265121 1.0
large 0.7987951936524476 0.7621268813388833 0.9916246722793158 0.94592075950625 0.9145861928029553 1.0
hole 0.7974598407307871 0.7624519074484287 0.9930659033745782 0.9451356257244568 0.912004519745842 1.0
under 0.7955025555722338 0.7600607846331185 0.9896140377154102 0.9459970363098897 0.9124903379557845 1.0
hedge 0.7899479246064428 0.7570636585136166 0.9900707380408433 0.9386562373668134 0.9101344366164573 1.0
another 0.797859688262947 0.763186312712713 0.9930040802770617 0.9491101780499089 0.9112046964465473 1.0
moment 0.7953433722842271 0.7594329198964125 0.9906635858161071 0.9454544770123606 0.9114955300334648 1.0
went 0.7978335849563107 0.7617660867623874 0.9917337071696076 0.9453946646512286 0.9116410879504103 1.0
how 0.7991513841676179 0.7634519773854428 0.9920336324826108 0.945736403068371 0.9119742157104445 1.0
world 0.7900493894869878 0.7574173083952345 0.98801603079645 0.9408634340089349 0.9079697161286493 1.0
again 0.8016571443808519 0.7652491937561793 0.9975330441551663 0.9510388249118199 0.9165951892134844 1.0
straight 0.8005161812259257 0.7661943041725419 1.0 0.9472243204661878 0.9117115303371729 0.9989506358273682
like 0.7998387937397912 0.7628536221090204 0.9911985068592851 0.9462136383810075 0.9109090361292996 1.0
tunnel 0.8005161812259257 0.7661943041725419 1.0 0.9472243204661878 0.9117115303371729 0.9989506358273682
some 0.796638940734786 0.7612188470824186 0.9933834679910722 0.9458042396726015 0.9108478359886738 1.0
dipped 0.796638940734786 0.7612188470824186 0.9933834679910722 0.9458042396726015 0.9108478359886738 1.0
not 0.8001124473010998 0.7630418238343263 0.991347085386843 0.9480175233455259 0.9132357699863004 1.0
about 0.7993139464613086 0.7629269309589969 0.9918212700637463 0.9461733331381792 0.9128347268621005 1.0
stopping 0.8004247323949426 0.7648699849087076 0.9955559139757805 0.9469063913397053 0.9152249072886598 1.0
herself 0.8031421008965051 0.7649606694949734 0.9926061525609673 0.9484476454053943 0.9123876115419797 1.0
found 0.8000531638452413 0.7625239413420566 0.9907241488689108 0.9486455289347048 0.9137458127601304 1.0
falling 0.7996387419259751 0.7634656069868627 0.9925710928152316 0.9463666953356406 0.9120202187455013 1.0
deep 0.7997869141578485 0.764299757866622 0.9938862215296103 0.944054710471498 0.9152096140330168 1.0
fell 0.7993564843186821 0.7636926958784578 0.9932531010012028 0.9469110720588805 0.9126926785020182 1.0
slowly 0.8026075037227545 0.7658014999095282 0.9973435179678191 0.9449444561263943 0.9177856069964332 1.0
plenty 0.7976763812591118 0.7630303582328253 0.9944335485180227 0.9418578776890858 0.9137646569268388 1.0
look 0.7987337060387549 0.7626311356189744 0.9921077251199243 0.9454280488968441 0.9144982052647262 1.0
wonder 0.7992899455076882 0.7652018205688533 0.9935298491397077 0.9449701087190165 0.9141646878886741 1.0
going 0.7995390178375149 0.762964075046716 0.9903772075594452 0.946605091728796 0.9125993721972564 1.0
happen 0.7973647149981514 0.7650355061439066 0.9981852503426935 0.9397062838118357 0.913296747641975 1.0
next 0.7973647149981514 0.7650355061439066 0.9981852503426935 0.9397062838118357 0.913296747641975 1.0
first 0.8009734121882098 0.7627594067661901 0.9903443780399707 0.9457866284969156 0.9123203226974929 1.0
tried 0.797135141467282 0.7599277069951825 0.98971343330757 0.9445372231371839 0.9084268166573266 1.0
make 0.7975241132538745 0.7623852731634246 0.9882737309880598 0.9466842586745878 0.9106088489110236 1.0
coming 0.7918662824609268 0.7599517993576524 0.9884001235087411 0.9434608142444129 0.9075481516699394 1.0
too 0.7997019639811468 0.7630216799469541 0.9897007076158384 0.9466830169308755 0.9116439421832352 1.0
dark 0.7978826633626886 0.7619777598784604 0.9933108186337504 0.9489778099919792 0.9090462601151488 1.0
anything 0.7956667416074246 0.7606460590399221 0.991560691705271 0.9438625109039132 0.9084272887105752 1.0
sides 0.7991224405856598 0.7633724378136807 0.9943244299547751 0.9458873571307148 0.9130179820424297 1.0
noticed 0.8012382150800834 0.7658232479095888 0.9932549866216915 0.945264861661878 0.9118016149549524 1.0
they 0.8005523142275336 0.7638336197975496 0.9926875664624571 0.947004264046237 0.9146510201487643 1.0
were 0.8011274590669317 0.764640211825832 0.9921527857572375 0.9478113439569478 0.9128978788575774 1.0
filled 0.8006119525475058 0.7654587338891069 0.9950910737337866 0.9480422877612643 0.9160986379921535 1.0
cupboards 0.8008379366296627 0.7649430154544163 0.9962792715235724 0.9490275800989655 0.9148090971490991 1.0
shelves 0.795762826045478 0.7629331381081627 0.9930123859995678 0.944135964541401 0.913773893855942 1.0
here 0.8009226550320572 0.7660708731583861 0.9945665928729652 0.9500914650139383 0.9147613439955309 1.0
saw 0.7953890437109515 0.7611476138679443 0.9911389981324938 0.9472978224032941 0.9115884259379836 1.0
maps 0.7947519899903174 0.7632718416894064 0.9937928073219908 0.9514201735137423 0.9147333947411441 1.0
hung 0.7942855732499067 0.7605778375452863 0.9915493831876581 0.9452691282596374 0.9134809011189254 1.0
upon 0.7992412273084376 0.7632040211974593 0.992149666865819 0.9457963008546504 0.9134159806368145 1.0
pegs 0.7942855732499067 0.7605778375452863 0.9915493831876581 0.9452691282596374 0.9134809011189254 1.0
jar 0.7939941026580917 0.7606932788708561 0.991999494610662 0.9441121880665367 0.9108334244062525 1.0
from 0.7991176432597219 0.7634020487766217 0.9918227403893377 0.945444503770772 0.9105035312493688 1.0
one 0.800439976998775 0.7626015262894322 0.9920349317361951 0.946334278995649 0.9117612109509506 1.0
passed 0.7938073556468492 0.7600354240138084 0.9949893647455403 0.9446227840601886 0.9106090156615322 1.0
labled 0.7922990293764474 0.758719359696805 0.9894433242924064 0.942141437071731 0.9101095163473647 1.0
orange 0.7922990293764474 0.758719359696805 0.9894433242924064 0.942141437071731 0.9101095163473647 1.0
marmalade 0.7922990293764474 0.758719359696805 0.9894433242924064 0.942141437071731 0.9101095163473647 1.0
great 0.8000745857131177 0.7628669634000864 0.9930977012077545 0.949136603365705 0.9118790886366852 1.0
disappointment 0.8010590794392468 0.764801370635307 0.9986343774796684 0.9510774399212268 0.910079490164084 1.0
empty 0.8023471195476026 0.76526555857759 1.0 0.9502240917877852 0.9132448088617231 0.9981779868766256
drop 0.7961161431236101 0.7624347996677269 0.9950200297568494 0.9450346253068895 0.9125775662794469 1.0
fear 0.7961161431236101 0.7624347996677269 0.9950200297568494 0.9450346253068895 0.9125775662794469 1.0
killing 0.7961161431236101 0.7624347996677269 0.9950200297568494 0.9450346253068895 0.9125775662794469 1.0
somebody 0.7998201830637406 0.7633612932406704 0.9949278710399327 0.94836364812716 0.9139196442901711 1.0
managed 0.7998201830637406 0.7633612932406704 0.9949278710399327 0.94836364812716 0.9139196442901711 1.0
put 0.797257431529315 0.7620567442217631 0.9909193296388583 0.9459921115837774 0.9098551055655699 1.0
past 0.8010640451682003 0.7644270129977316 0.9974681236904045 0.9500134150674436 0.913518846116264 1.0
such 0.8007743069436498 0.7636585260742931 0.9910025873005919 0.9458951501208949 0.9120242688410105 1.0
fall 0.7995692535293975 0.763003902583162 0.9929221248420894 0.9448984900848955 0.9116466933687213 1.0
tumbling 0.7992786117575393 0.7652851630132097 0.9916280971872715 0.9413890608914445 0.9092766891678196 1.0
stairs 0.7992786117575393 0.7652851630132097 0.9916280971872715 0.9413890608914445 0.9092766891678196 1.0
brave 0.7978844147200126 0.7630579089977785 0.9958497515906578 0.9445279119674775 0.9170428428438874 1.0
ll 0.8009682441418701 0.763677300916268 0.9941644586986046 0.9477372890946907 0.912373950389324 1.0
me 0.8012263648520456 0.7638233950615089 0.9925425513952859 0.9472301957343386 0.9132457704812725 1.0
home 0.795896003474656 0.7626580933575627 0.9941952009801879 0.9389287907373736 0.9116667282880386 1.0
why 0.799033419557854 0.7618577865981528 0.9911416599689845 0.9426023675160584 0.9111556740525345 1.0
n't 0.7973077835065373 0.7617666192038863 0.9900480215520491 0.9443076321524697 0.9083552652334543 1.0
even 0.803035352939396 0.7663290153088014 0.9928702587963428 0.9482516102118335 0.9144677582578873 1.0
if 0.8006114787385512 0.764396386792704 0.9900838109725312 0.9463612774347671 0.9114657698345151 1.0
off 0.7996897369503277 0.7613857155819375 0.9895089874152675 0.9450992634712105 0.9107684934356238 1.0
top 0.7948197273994616 0.7615867155237932 0.9887184230850841 0.9437493864790667 0.9104785640209176 1.0
house 0.7948197273994616 0.7615867155237932 0.9887184230850841 0.9437493864790667 0.9104785640209176 1.0
which 0.8019171461929381 0.7643403580889487 0.9921688184787538 0.9490746791086864 0.9135828240730621 1.0
likely 0.796810312222305 0.760265239110434 0.9911107533931943 0.9467436327301423 0.9103739940819495 1.0
true 0.796810312222305 0.760265239110434 0.9911107533931943 0.9467436327301423 0.9103739940819495 1.0
come 0.8024387000215488 0.7636918741697225 0.9936111447428653 0.9475321705102265 0.9132587196891698 1.0
an 0.8029204365563727 0.7661084445408991 0.9975824668316651 0.9489135600686711 0.9152817030442297 1.0
end 0.8001872899164781 0.7652698230176672 0.993966330783737 0.9466439562573371 0.9141712581429207 1.0
many 0.7994790656148034 0.7630403567918597 0.9925570752919635 0.94809904329699 0.9128476492188862 1.0
miles 0.7996345889367298 0.7656201729593198 0.997609773602481 0.9498245211444964 0.9134100776717401 1.0
ve 0.7953875185240729 0.7609265611628161 0.9910574218737113 0.9444033642234745 0.9110781460349101 1.0
fallen 0.7983991311323512 0.7621270552406962 0.9949808269906845 0.9488479281258693 0.9132547851860564 1.0
said 0.802900107199645 0.7650201395238139 0.9930761428006133 0.9498513625548163 0.9144604415024293 1.0
aloud 0.7999347604256035 0.7651834129395134 0.9980227481023696 0.950390473427422 0.9114265264946068 1.0
must 0.8009414994349071 0.7656942474079622 0.9918975101152574 0.9482577470028132 0.9140442478975189 1.0
somewhere 0.8031106089681892 0.7653146326684879 0.9939120429007027 0.9487001511452541 0.914657033244008 1.0
near 0.8043489976412108 0.7677944421746554 0.9977339909192501 0.9511348239541185 0.9177692105580217 1.0
centre 0.8043489976412108 0.7677944421746554 0.9977339909192501 0.9511348239541185 0.9177692105580217 1.0
earth 0.8002016401422396 0.7648186959048037 0.9945379006961094 0.948027952272236 0.914276749965798 1.0
let 0.804082740569009 0.7686271924040616 0.997910199245334 0.9502671597498156 0.9166354950708996 1.0
four 0.8006711215630282 0.7689429113605106 1.0 0.9505605584193342 0.9133272222863802 0.9997377980283672
thousand 0.8006711215630282 0.7689429113605106 1.0 0.9505605584193342 0.9133272222863802 0.9997377980283672
you 0.8005621644547644 0.7639655998256878 0.9913463585774291 0.9471250774797213 0.9113023713140654 1.0
learnt 0.7998767970475226 0.7652840572084318 0.9976237469179647 0.9490977757041997 0.9185232540015461 1.0
several 0.8019489527287045 0.7640495724614944 0.9935703300702207 0.950049478790522 0.9179304955486131 1.0
things 0.8001539380746264 0.7636642850693727 0.9909059286322787 0.9472345135787474 0.9133002575102348 1.0
sort 0.8004149380963349 0.7640247173457292 0.9927888169141023 0.949067783136687 0.914242695170816 1.0
lessons 0.800481758412972 0.7642214800799545 0.9951286879229522 0.9502600930010481 0.9171474478112505 1.0
schoolroom 0.8003730247456387 0.7626278389202654 0.9933128124206382 0.944891072187743 0.9152440527498048 1.0
though 0.8057206027682754 0.7653294197568954 0.9945650482455235 0.9481801919938736 0.916475299264785 1.0
good 0.8039946719483981 0.76557095921387 0.9951393032271039 0.9472529791096194 0.913876474398573 1.0
opportunity 0.8030470765258727 0.765761692685847 0.9966541752990616 0.945234619485523 0.9144341209682072 1.0
showing 0.8030320757540066 0.7624451457151489 0.9920877762891134 0.9417726368340414 0.9120939367918272 1.0
knowledge 0.8030320757540066 0.7624451457151489 0.9920877762891134 0.9417726368340414 0.9120939367918272 1.0
listen 0.8013658013059877 0.7620620739183298 0.9924952310140065 0.9408367702064542 0.9091643406179312 1.0
still 0.799393991027452 0.7608935279995522 0.9900419629494979 0.942794936038877 0.9103878729156607 1.0
practice 0.8008649780797537 0.7657377312106189 0.9965995247814352 0.9485859144009032 0.9154382038654123 1.0
yes 0.7979404155211983 0.76471079571957 0.9897864645805846 0.9424667992476862 0.9124315174239592 1.0
right 0.7989151173783955 0.763186126026 0.9904424030033562 0.9451430154220084 0.9118513589051602 1.0
distance 0.7979404155211983 0.76471079571957 0.9897864645805846 0.9424667992476862 0.9124315174239592 1.0
latitude 0.7964310374828232 0.7617841205031075 0.9905911816378222 0.9439306800129111 0.9104389691093429 1.0
longitude 0.7965643316668227 0.7603909151210482 0.991176284028099 0.9444254225951052 0.9123758045791538 1.0
got 0.7956451579969953 0.7613354804307075 0.9876339678029633 0.94342874853961 0.9091902743975786 1.0
idea 0.7972766752812911 0.7616449561168249 0.9903688096211707 0.94473842553552 0.9116290610723805 1.0
nice 0.8042388158306757 0.7666972683149834 0.9922377609926039 0.9483633695243545 0.9172251653874877 1.0
grand 0.807005060742159 0.7703529633757211 0.9973313891853355 0.9502994363204269 0.9188732208441114 1.0
words 0.8046950245170188 0.7659264304659358 0.9936734677207181 0.9506368859863067 0.9164110376185636 1.0
presently 0.8059759359379057 0.7695207444411443 0.9997420542583145 0.9495667405997127 0.9181556313856698 1.0
began 0.8048656462151718 0.7680793128382017 0.9978409121859374 0.9495506018771926 0.9169800885441697 1.0
through 0.8002563185699938 0.7628700603776826 0.9912195237264833 0.9473510026282592 0.9101591002854694 1.0
funny 0.8008849604060678 0.7646841083661047 0.9990806203768076 0.9514191419228694 0.9118676093342603 1.0
seem 0.8008849604060678 0.7646841083661047 0.9990806203768076 0.9514191419228694 0.9118676093342603 1.0
among 0.8009085873870727 0.762100635503144 0.9918783273845266 0.9471765394410003 0.9102599710404877 1.0
people 0.7993779308580752 0.7623793820062641 0.9894989190041981 0.9461778673579435 0.9094969011388102 1.0
walk 0.8008073362245954 0.764086220056743 0.9930051383356571 0.94628625073573 0.9113906132298001 1.0
their 0.8030030102623238 0.7648587115846032 0.9930874849523014 0.9472848387644749 0.9145672036826809 1.0
heads 0.8013645596432906 0.7648436074973087 0.9938055315689753 0.947890604324754 0.9141468237023261 1.0
downward 0.8013645596432906 0.7648436074973087 0.9938055315689753 0.947890604324754 0.9141468237023261 1.0
antipathies 0.8013645596432906 0.7648436074973087 0.9938055315689753 0.947890604324754 0.9141468237023261 1.0
rather 0.803034969090846 0.7657227357968105 0.993536564438422 0.9475354645280889 0.9129586135460029 1.0
glad 0.8017439127305472 0.7659433480426134 0.9964895969860935 0.9506216333207443 0.9133621811174697 1.0
listening 0.8023350538202215 0.7644593280093238 0.994214672000796 0.9461473826452251 0.9108419061427276 1.0
sound 0.8016329797673332 0.7649269563245908 0.9911842172527198 0.9434656038479589 0.911626505140259 1.0
word 0.8016329797673332 0.7649269563245908 0.9911842172527198 0.9434656038479589 0.911626505140259 1.0
ask 0.8039095941702803 0.7662519222195046 0.9946877835197272 0.9463771633012099 0.91105265215844 1.0
them 0.8019118258886653 0.7638447746305647 0.9924738553649733 0.9474903533771152 0.9141851228027623 1.0
name 0.7957667892226321 0.764131293694178 0.9860187178057175 0.9433829049616822 0.9102884547230907 1.0
country 0.7957667892226321 0.764131293694178 0.9860187178057175 0.9433829049616822 0.9102884547230907 1.0
is 0.7987983809070073 0.7639480662403102 0.9887880411560304 0.9459940149084338 0.9116135289759838 1.0
know 0.8007183947068581 0.7657564684331393 0.9927944800611964 0.9478816265462919 0.913459928451244 1.0
please 0.7985933369939252 0.7630944636861862 0.9913343015594569 0.9431583128736625 0.913853579923238 1.0
ma'am 0.7985933369939252 0.7630944636861862 0.9913343015594569 0.9431583128736625 0.913853579923238 1.0
new 0.7999719576642126 0.7668193788031843 0.9904845764199272 0.9459569968942719 0.9104389367307271 1.0
zeland 0.7999719576642126 0.7668193788031843 0.9904845764199272 0.9459569968942719 0.9104389367307271 1.0
australia 0.7999719576642126 0.7668193788031843 0.9904845764199272 0.9459569968942719 0.9104389367307271 1.0
curtsey 0.7992423525165993 0.761703636876965 0.9903770369794269 0.9463349522085318 0.9102873673286423 1.0
spoke 0.8003084951956279 0.7642325991887183 0.9927266042622109 0.9481866270059957 0.91263841669902 1.0
fancy 0.7979557068174354 0.7609765618800756 0.9885743725966875 0.9434990413336614 0.9084158617517899 1.0
curtseying 0.8003084951956279 0.7642325991887183 0.9927266042622109 0.9481866270059957 0.91263841669902 1.0
re 0.8003058943256629 0.7648106031829973 0.9917031375143391 0.947150246433445 0.9076680644108522 1.0
air 0.8004042834417056 0.7637856530086532 0.9917255270159727 0.9461339138012032 0.9092809826626657 1.0
manage 0.8021343831512971 0.7640148417144419 0.9966679847405806 0.9516354115258377 0.9105634548426954 1.0
ignorant 0.8011226741208379 0.7658593067242135 0.9992018552346938 0.9489226787481452 0.913428208906094 1.0
little 0.7995116399237787 0.7610975119496778 0.9910094317617231 0.9480351202634731 0.9121171933673612 1.0
girl 0.8011226741208379 0.7658593067242135 0.9992018552346938 0.9489226787481452 0.913428208906094 1.0
asking 0.8009714372532147 0.7652137402542362 0.9960486667785003 0.9446166734832498 0.9098542086111736 1.0
perhaps 0.8018663318982969 0.7628230319510034 0.9900719219553168 0.9462539017449194 0.9115300578818885 1.0
written 0.8018663318982969 0.7628230319510034 0.9900719219553168 0.9462539017449194 0.9115300578818885 1.0
else 0.8029794369672366 0.7665186763864897 0.9947842289896808 0.94950452145104 0.9145256333741061 1.0
soon 0.800807871269391 0.7641125446803987 0.9903709708077277 0.9478146889373423 0.9120815395744919 1.0
talking 0.8025320266658071 0.7659881565393456 0.9994401459349428 0.9535286332070271 0.9187869574747903 1.0
dinah 0.7999365715665016 0.761540409163932 0.9927903285198282 0.9472603247062726 0.911983249811091 1.0
miss 0.8004296681849966 0.7639823655300441 0.9973819606667444 0.9458404017345908 0.9118551603799852 1.0
night 0.7996694665507239 0.7620511728992398 0.9966541108609659 0.9505410578509412 0.9159296949885053 1.0
should 0.7998154066062426 0.7619986033247103 0.9922451005408516 0.9465126256539714 0.9118108808965114 1.0
cat 0.7984755480554273 0.7603437637047293 0.9935841805229187 0.9470120118180517 0.9136650822189157 1.0
hope 0.799838256148094 0.7619430107935381 0.991979241651762 0.9478508161440714 0.9123268680038477 1.0
remember 0.8001553781815759 0.762256555194196 0.9897863811656177 0.9482628158926629 0.9131850902794987 1.0
saucer 0.799838256148094 0.7619430107935381 0.991979241651762 0.9478508161440714 0.9123268680038477 1.0
milk 0.7964084677293648 0.7629139826838215 0.9868929025732446 0.9435612155925214 0.9057888934137988 1.0
tea 0.7964084677293648 0.7629139826838215 0.9868929025732446 0.9435612155925214 0.9057888934137988 1.0
my 0.8009438132841405 0.763143287087703 0.9890322012695654 0.9460778799190378 0.9096460942197323 1.0
wish 0.7999020273633435 0.761739746959875 0.9898661730580505 0.9460631723092924 0.9094504497311995 1.0
are 0.8002020983352944 0.7619415992841668 0.9911135729713962 0.9436637288224479 0.909702490011439 1.0
mice 0.8005027028391533 0.7627603873834504 0.9917479234084656 0.94511726837034 0.9108943973253875 1.0
m 0.8005027028391533 0.7627603873834504 0.9917479234084656 0.94511726837034 0.9108943973253875 1.0
afraid 0.8005027028391533 0.7627603873834504 0.9917479234084656 0.94511726837034 0.9108943973253875 1.0
might 0.7999101459379288 0.7628947184055714 0.9897328984165391 0.9454986676992787 0.9105827212058216 1.0
catch 0.8020392837209327 0.7632477134841666 0.9964459069335673 0.9484076480007825 0.9165076334623564 1.0
bat 0.8028597830960488 0.7649456616897238 0.99508153092099 0.9497190088083285 0.9168382227307126 1.0
mouse 0.8032522558639319 0.7655042422728856 1.0 0.9520034963426416 0.9161232000736073 0.9971042790764924
cats 0.8018946976766018 0.7638579538246035 0.9945031000694801 0.9492049476516248 0.9123438671738866 1.0
eat 0.801544937111135 0.7641451053796967 0.9926938034262044 0.9494939478875435 0.911898516511261 1.0
bats 0.8021225424258595 0.7639394586677244 0.9952979521280763 0.9514092799583019 0.9131987328941953 1.0
saying 0.8023556632413108 0.7661580482760034 0.994250281785465 0.947559111535785 0.9107523783673401 1.0
dreamy 0.803422994990862 0.7705077844998135 0.995997508174229 0.9474917275419755 0.9085844273898006 1.0
sometimes 0.8042254363159848 0.7648022631825893 0.9943845627104975 0.9503018086267659 0.9116278050240574 1.0
couldn't 0.8020662826199129 0.7621258498245987 0.9957541894739224 0.9491684375352825 0.9095399520387604 1.0
answer 0.8020662826199129 0.7621258498245987 0.9957541894739224 0.9491684375352825 0.9095399520387604 1.0
question 0.8020662826199129 0.7621258498245987 0.9957541894739224 0.9491684375352825 0.9095399520387604 1.0
matter 0.7943292490446456 0.7576235998982072 0.9869431582875025 0.9442206021848866 0.9049829428907968 1.0
felt 0.7977386094772875 0.7610614429609053 0.9897130932201393 0.9472093081978898 0.9100229037675428 1.0
dozing 0.7987041902683167 0.7619264869779968 0.9911127965488951 0.9497070791326642 0.9072028508761828 1.0
begun 0.8019455083307533 0.7643093275543488 0.9922805597583509 0.9482212463279406 0.9121418593898378 1.0
dream 0.797025899695979 0.7599454979671085 0.9896643292640479 0.9453339776448932 0.906286950169007 1.0
walking 0.797025899695979 0.7599454979671085 0.9896643292640479 0.9453339776448932 0.906286950169007 1.0
hand 0.7991528212101819 0.7608834275384228 0.9910830739905906 0.946476539485651 0.9095886747957788 1.0
earnestly 0.7989153240957536 0.7624680722531232 0.9896550960633157 0.9479288810574317 0.9139719356385533 1.0
now 0.7993429810042695 0.7607096852619176 0.9905833329591605 0.949461274772464 0.9134648319593327 1.0
tell 0.7998262573496038 0.7596653916609466 0.9896213641437319 0.9482852348636811 0.9128911411768564 1.0
truth 0.7998262573496038 0.7596653916609466 0.9896213641437319 0.9482852348636811 0.9128911411768564 1.0
ever 0.8017175163760921 0.76428829827401 0.9908532531695032 0.9479472786391694 0.9136279801522877 1.0
thump 0.8017636744431215 0.7655136175533338 0.9909302038847245 0.9442191783542427 0.9106761982230528 1.0
came 0.8004938285198356 0.765094989044384 0.9921540172427081 0.9472633862212484 0.9146135365168847 1.0
heap 0.7968236490718136 0.7604750089391512 0.9888505782934294 0.938409396854117 0.9051526590986135 1.0
sticks 0.7968236490718136 0.7604750089391512 0.9888505782934294 0.938409396854117 0.9051526590986135 1.0
dry 0.7968236490718136 0.7604750089391512 0.9888505782934294 0.938409396854117 0.9051526590986135 1.0
leaves 0.7968236490718136 0.7604750089391512 0.9888505782934294 0.938409396854117 0.9051526590986135 1.0
bit 0.796177288088262 0.7600984976048835 0.9904014500759626 0.9508215679667086 0.9125843584928073 1.0
hurt 0.796177288088262 0.7600984976048835 0.9904014500759626 0.9508215679667086 0.9125843584928073 1.0
jumped 0.796177288088262 0.7600984976048835 0.9904014500759626 0.9508215679667086 0.9125843584928073 1.0
overhead 0.8005297479002199 0.7621712264497802 0.9974125060695214 0.9537728027215113 0.9093576069068706 1.0
long 0.8021491438377604 0.7652583009301331 0.9907136592869844 0.9487427781674177 0.9126402504973568 1.0
passage 0.8001952653782067 0.7625146354181823 0.9906101731647919 0.9500669917098183 0.9123128049774205 1.0
sight 0.7974277785497247 0.7597282994827375 0.9875956595032918 0.9447475428059073 0.9116079317097981 1.0
hurrying 0.7974277785497247 0.7597282994827375 0.9875956595032918 0.9447475428059073 0.9116079317097981 1.0
lost 0.7931261547572926 0.7548844778384696 0.9852472929990872 0.9441745560094726 0.909883022088939 1.0
away 0.7931261547572926 0.7548844778384696 0.9852472929990872 0.9441745560094726 0.909883022088939 1.0
wind 0.791516595599429 0.7535072689786321 0.9833060820846494 0.9391777181995152 0.9072424124159743 1.0
turned 0.803177390234643 0.7628067900072799 0.9911674016515404 0.9493928939084912 0.9117833370476183 1.0
corner 0.803177390234643 0.7628067900072799 0.9911674016515404 0.9493928939084912 0.9117833370476183 1.0
ears 0.8021247897619191 0.7628432244561759 0.9910814663314913 0.9495648914324797 0.9111291449578207 1.0
whiskers 0.8028555125099044 0.7641793042566306 0.9925011860695936 0.9509419417529993 0.9124546193355804 1.0
it's 0.8007714806926 0.7613903287282946 0.9909524681497515 0.95101378684357 0.9122878691096394 1.0
behind 0.8032987412775987 0.7642047185830794 0.9913735604778097 0.9501532333722972 0.9127192567691766 1.0
longer 0.8080878936639826 0.7693451834672828 1.0 0.9547092373278024 0.9157352475809746 0.9992667296467524
low 0.8041548145671583 0.7672109056919129 0.9925002120591139 0.9483670583029953 0.9158440287165143 1.0
hall 0.7999223850598999 0.7638130823596526 0.9891815800038033 0.9462779327949037 0.9115015206057596 1.0
lit 0.7982176221463303 0.7639700091625722 0.9872353676609539 0.9421984584790078 0.9096798026001365 1.0
row 0.7982176221463303 0.7639700091625722 0.9872353676609539 0.9421984584790078 0.9096798026001365 1.0
lamps 0.7982176221463303 0.7639700091625722 0.9872353676609539 0.9421984584790078 0.9096798026001365 1.0
hanging 0.7982176221463303 0.7639700091625722 0.9872353676609539 0.9421984584790078 0.9096798026001365 1.0
roof 0.7995113967039972 0.7662421094163581 0.9939109680056293 0.9478677461297217 0.9090117911917901 1.0
doors 0.8009621078442075 0.7651910023745866 0.9903029665460517 0.9467059145003278 0.9112454107756872 1.0
around 0.7977346955160769 0.7613901744293043 0.9896541117083684 0.9451152823304467 0.9100266205160688 1.0
locked 0.7982709959242792 0.7614766768584447 0.9879763164126844 0.9432207642638513 0.9100432488697242 1.0
been 0.7979353657756872 0.7578517511088237 0.9883150877652738 0.9453679490002892 0.909421456703842 1.0
side 0.7979353657756872 0.7578517511088237 0.9883150877652738 0.9453679490002892 0.909421456703842 1.0
other 0.7997303185499512 0.7617585951011069 0.9883124387923389 0.9473657277590691 0.9102153864278201 1.0
trying 0.8017383624291269 0.7621408556838125 0.9894925912866309 0.948850059538108 0.9126578424092331 1.0
every 0.8010428107682304 0.7646543401539176 0.990158938185402 0.9498957934247303 0.9141932645453239 1.0
door 0.7985428194771067 0.7620806970219065 0.9889105060023788 0.9479734715459208 0.9117400736621798 1.0
walked 0.8060693301892359 0.7672215231381274 0.9963844383902634 0.9545308315333734 0.9168840966063937 1.0
sadly 0.8060693301892359 0.7672215231381274 0.9963844383902634 0.9545308315333734 0.9168840966063937 1.0
middle 0.8060693301892359 0.7672215231381274 0.9963844383902634 0.9545308315333734 0.9168840966063937 1.0
wondering 0.8062748705074616 0.7674130116189201 0.9918093431396275 0.948717290113799 0.9152579830759221 1.0
three 0.8005306039388298 0.7651241948121276 0.9983929831299274 0.9534589694578317 0.917079502440837 1.0
legged 0.8005306039388298 0.7651241948121276 0.9983929831299274 0.9534589694578317 0.917079502440837 1.0
table 0.8011732859086722 0.7628697948134785 0.992034458609006 0.9498332680789761 0.9144186532948191 1.0
solid 0.8007621954927694 0.7632501090874713 0.9924704826100731 0.9479692373659878 0.9123522519749977 1.0
glass 0.8001118002906862 0.7619158139399058 0.9899346757012907 0.947441588192303 0.9120121490260789 1.0
except 0.7991174126839641 0.7611018570182443 0.9891353331315216 0.9435163103496649 0.9089874103318393 1.0
tiny 0.7991174126839641 0.7611018570182443 0.9891353331315216 0.9435163103496649 0.9089874103318393 1.0
golden 0.7974017560513044 0.7593603321672392 0.9864037225053917 0.9435724238737684 0.9081835520088312 1.0
key 0.7981797332132989 0.7607905459462314 0.9866625327418478 0.944828280371199 0.9090827815168124 1.0
belong 0.8024102075208956 0.7641417874584226 0.9867014599454014 0.9455461743148025 0.9134750095618498 1.0
alas 0.8015350128364815 0.7615696440194394 0.9895925211669299 0.9473668796186512 0.9147154093989207 1.0
locks 0.800440324869133 0.7632910787972412 0.9885342505215788 0.9463007253829459 0.9135645010473556 1.0
small 0.7988688377088544 0.7606367483631783 0.9888265225681077 0.9488278323271481 0.9127804306785873 1.0
any 0.7975667797364414 0.7598605576546893 0.9877410474412984 0.9454456605603089 0.9115700641831949 1.0
rate 0.7976973548111949 0.7590700274762551 0.9875598001597955 0.9447774100237697 0.910297691608427 1.0
open 0.7947079687730344 0.758657579122401 0.9885497857501718 0.9477068289619873 0.910709680287414 1.0
however 0.8024219383495312 0.7646754079702931 0.9923539025287441 0.9484720686209116 0.9128043359233478 1.0
second 0.8035393822784864 0.7652003385561972 0.9947455472124538 0.9510284415383148 0.9165723205321202 1.0
round 0.8010521465982935 0.7635067025449725 0.9917364746876921 0.9499397043676094 0.9137898607950199 1.0
curtain 0.8060445158547265 0.7671247924266067 0.9949792648503359 0.950562446064953 0.9167279913142008 1.0
fifteen 0.7986114407457718 0.7624272194062472 0.9873359367203135 0.9431181552778019 0.9076478513905119 1.0
inches 0.7996313270712172 0.7625506705821103 0.9892218621906907 0.9455322400146058 0.9121629442894315 1.0
high 0.7996313270712172 0.7625506705821103 0.9892218621906907 0.9455322400146058 0.9121629442894315 1.0
lock 0.7990928855566014 0.7609380451803134 0.9875767356409244 0.9472012740692753 0.9136735806231056 1.0
delight 0.7990928855566014 0.7609380451803134 0.9875767356409244 0.9472012740692753 0.9136735806231056 1.0
fitted 0.7994623742328008 0.761957220209087 0.9881947353349368 0.9472634061200116 0.9130137909701832 1.0
opened 0.7974184745859885 0.7606884791643765 0.9860001531253181 0.9466526370472416 0.9112720216986621 1.0
led 0.7925601133242051 0.7582651941628261 0.9862105971093756 0.9481981584686023 0.9074093891785107 1.0
larger 0.7989771518982125 0.7598067345202943 0.98695362829552 0.9483057657528237 0.9109633090359727 1.0
than 0.8011741946414278 0.7633764350738854 0.9881604065060404 0.948615374916849 0.9132325911411049 1.0
rat 0.8011741946414278 0.7633764350738854 0.9881604065060404 0.948615374916849 0.9132325911411049 1.0
knelt 0.8011741946414278 0.7633764350738854 0.9881604065060404 0.948615374916849 0.9132325911411049 1.0
along 0.8034150459263275 0.7626948196309125 0.9903099706856311 0.9486579335414956 0.914331096737022 1.0
loveliest 0.800032937759734 0.7603082074343716 0.9857445428195128 0.9421871679694284 0.9098143078201082 1.0
garden 0.8006140903340042 0.7628832048692356 0.988646844180017 0.9475461390460383 0.9119824408674951 1.0
longed 0.79730151326479 0.7624502388045709 0.9903298816941405 0.9482502578814029 0.907586908573135 1.0
wander 0.8010094032516804 0.7601235873525345 0.9907563608064825 0.9480630006269883 0.9091341896954782 1.0
those 0.8015355015097702 0.7623437415529769 0.9914897307817266 0.9497280091347258 0.9137715082532174 1.0
beds 0.8020634096621274 0.7645715335744893 0.992225623711749 0.9513987456396714 0.9184247802115724 1.0
bright 0.8020634096621274 0.7645715335744893 0.992225623711749 0.9513987456396714 0.9184247802115724 1.0
flowers 0.8020634096621274 0.7645715335744893 0.992225623711749 0.9513987456396714 0.9184247802115724 1.0
cool 0.8020634096621274 0.7645715335744893 0.992225623711749 0.9513987456396714 0.9184247802115724 1.0
fountains 0.8080971391748182 0.7685381854986936 0.9948726629882737 0.9515221320851579 0.9197306936555064 1.0
head 0.8065667153034436 0.7681080276222487 0.9932882301062395 0.9497609916899702 0.9174663012698793 1.0
doorway 0.8103302444432368 0.76997529623095 0.9955748352647343 0.9532355162424756 0.9228484473855149 1.0
go 0.8024335138208818 0.7639702577986727 0.9944730415344973 0.949481835723381 0.9082313252802857 1.0
poor 0.8013027724895703 0.761837720664428 0.9900135748164002 0.9474396348397469 0.909937823382814 1.0
shoulders 0.796710562502066 0.758111041022814 0.9827654856018274 0.9378039342425303 0.9058407354833274 1.0
shut 0.8001312724477335 0.7616075081671261 0.988913218617462 0.9445645113327441 0.9103043005797657 1.0
telescope 0.800365308175312 0.7656115463117024 0.9910812047340388 0.9499647907634985 0.9125452807770343 1.0
only 0.8002809898213877 0.7646477483937044 0.9899505647803423 0.94528100214118 0.9134078598631847 1.0
begin 0.7999132230653356 0.7666484227862208 0.9887916212636559 0.9425977852700782 0.9101269410303768 1.0
happened 0.7984708000964736 0.7645463845239376 0.987917856547065 0.9463196378222877 0.9107730693666134 1.0
lately 0.8068908436682367 0.7686959774419014 0.9949104716222797 0.9511236137532996 0.9180273863935245 1.0
few 0.8027051429493444 0.764836738232349 0.990576680696373 0.9475090570210808 0.9163428709167298 1.0
indeed 0.8013671604475953 0.7664661525155808 0.9932751226264853 0.9510141941137843 0.9174103963196325 1.0
really 0.8000356729672545 0.7632372072321214 0.9914170186235799 0.9499052702718181 0.9118617197970241 1.0
impossible 0.8000356729672545 0.7632372072321214 0.9914170186235799 0.9499052702718181 0.9118617197970241 1.0
waiting 0.795605677113363 0.7612399873610283 0.9886479883512981 0.9474792092173284 0.9105715877219556 1.0
back 0.7987237004980953 0.760031241046025 0.98743395141218 0.9461715740082162 0.9119028293477875 1.0
half 0.7954671311045027 0.7580736296651696 0.9858285432557099 0.9464355512232022 0.9105076919840898 1.0
hoping 0.7954671311045027 0.7580736296651696 0.9858285432557099 0.9464355512232022 0.9105076919840898 1.0
find 0.7946088555370432 0.7609142518516342 0.9869801347671298 0.9448196432322958 0.9053970231872371 1.0
rules 0.8007093208006819 0.7633536471599399 0.9903083037000672 0.94687870224348 0.9120911866467076 1.0
shutting 0.7981188790560181 0.7625857305774609 0.9869409034615599 0.9452516926292447 0.9084221459447194 1.0
telescopes 0.7986944441273083 0.7615718532090493 0.9878048428410561 0.9451149360804244 0.9065151682766472 1.0
bottle 0.8016424091501804 0.7636877866175698 0.9918997545629376 0.9483819543229978 0.9131249021583109 1.0
certainly 0.8086323625970901 0.7719802963684322 0.9986449710017299 0.956432931068973 0.9233286108709079 1.0
neck 0.7986080436335711 0.7618424369391197 0.9887795843787428 0.9488698476717139 0.9110556534391087 1.0
paper 0.7986080436335711 0.7618424369391197 0.9887795843787428 0.9488698476717139 0.9110556534391087 1.0
label 0.7994460672449087 0.7627540079595289 0.9895288810945623 0.9497572733602804 0.9159454341303069 1.0
drink 0.8022394352216892 0.765194919291232 0.9921557207811342 0.9484524727248429 0.9141037610873312 1.0
beautifully 0.8027696238357108 0.7645306451599194 0.9905850221763322 0.9466471730546401 0.9141584917099403 1.0
printed 0.8021037451222229 0.7638690496473457 0.9890294814937247 0.9440359747518207 0.9132376166903171 1.0
letters 0.8001326118714099 0.7637943704083727 0.991744476286721 0.9467731928429334 0.9143277367149033 1.0
wise 0.8000245282848053 0.759110815156448 0.9924186367288725 0.9506939791658079 0.9151891240829656 1.0
hurry 0.8025733036000893 0.7646897695010964 0.9902268841475221 0.9517006976649447 0.9210702163119012 1.0
marked 0.8024383491195702 0.7642121049970307 0.9903586530692965 0.946324673418537 0.9129227601601017 1.0
poison 0.8031169647140306 0.764773560825376 0.9914900238488209 0.9466216539991927 0.9142611455543371 1.0
read 0.8019737300017554 0.7625264341178005 0.9919740855450186 0.9476602994302862 0.9133256894805618 1.0
histories 0.8034209948349892 0.7638770968391105 0.9920068232113939 0.9498381686847294 0.9187161305720513 1.0
children 0.804353425646733 0.7626146206934902 0.9905363704836164 0.946205374209998 0.9125540356805659 1.0
who 0.804353425646733 0.7626146206934902 0.9905363704836164 0.946205374209998 0.9125540356805659 1.0
d 0.7991360292725253 0.7580851925769733 0.9874369314624535 0.9428295803684558 0.9098267487651405 1.0
gotten 0.804353425646733 0.7626146206934902 0.9905363704836164 0.946205374209998 0.9125540356805659 1.0
burnt 0.804353425646733 0.7626146206934902 0.9905363704836164 0.946205374209998 0.9125540356805659 1.0
eaten 0.799279582917253 0.7620550210982844 0.9879407220464759 0.9421759262655041 0.9089129249127409 1.0
wild 0.799279582917253 0.7620550210982844 0.9879407220464759 0.9421759262655041 0.9089129249127409 1.0
beasts 0.799279582917253 0.7620550210982844 0.9879407220464759 0.9421759262655041 0.9089129249127409 1.0
unpleasant 0.7984339986762774 0.7588985310117569 0.9864886917052187 0.9448668372068671 0.9062865231652755 1.0
because 0.7984339986762774 0.7588985310117569 0.9864886917052187 0.9448668372068671 0.9062865231652755 1.0
simple 0.7996801329775173 0.7607219900334634 0.9879260397274765 0.9480358473146184 0.9135250589218437 1.0
friends 0.8051927298528305 0.7656291081931114 0.9931696082532008 0.9482807187228909 0.917735179541651 1.0
taught 0.8051927298528305 0.7656291081931114 0.9931696082532008 0.9482807187228909 0.917735179541651 1.0
red 0.8046566505429199 0.7656507179225381 0.9913969918671588 0.9468191880605397 0.9133144664514123 1.0
poker 0.8007128153067458 0.7673565620015839 0.9874383540047879 0.9460525593634646 0.9132547203176734 1.0
will 0.8007128153067458 0.7673565620015839 0.9874383540047879 0.9460525593634646 0.9132547203176734 1.0
burn 0.8007128153067458 0.7673565620015839 0.9874383540047879 0.9460525593634646 0.9132547203176734 1.0
hold 0.8007128153067458 0.7673565620015839 0.9874383540047879 0.9460525593634646 0.9132547203176734 1.0
cut 0.7994920666437214 0.7618636283798037 0.9867567605288501 0.9466724617881436 0.9077366978393644 1.0
your 0.8008212967091324 0.7645684182860147 0.9902692338230865 0.9488418104753554 0.9087047560616244 1.0
finger 0.8008212967091324 0.7645684182860147 0.9902692338230865 0.9488418104753554 0.9087047560616244 1.0
deeply 0.8008212967091324 0.7645684182860147 0.9902692338230865 0.9488418104753554 0.9087047560616244 1.0
knife 0.8008212967091324 0.7645684182860147 0.9902692338230865 0.9488418104753554 0.9087047560616244 1.0
usually 0.8046067011292155 0.7663101306654662 0.9945066956295221 0.9509607173707646 0.914008443181747 1.0
bleeds 0.8046067011292155 0.7663101306654662 0.9945066956295221 0.9509607173707646 0.914008443181747 1.0
forgotten 0.7992667529217841 0.7608390241934734 0.9887694815616919 0.9433075275205032 0.9086157743138652 1.0
almost 0.798098643848992 0.7631374871709677 0.990613712011126 0.9419080407088257 0.9117237163252266 1.0
certain 0.798098643848992 0.7631374871709677 0.990613712011126 0.9419080407088257 0.9117237163252266 1.0
disagree 0.798098643848992 0.7631374871709677 0.990613712011126 0.9419080407088257 0.9117237163252266 1.0
sooner 0.7987352520425703 0.7633169780641378 0.987377140978665 0.9408504674326876 0.9087761241301313 1.0
later 0.7987352520425703 0.7633169780641378 0.987377140978665 0.9408504674326876 0.9087761241301313 1.0
ventured 0.8028477026058758 0.7652243718083107 0.9902962189431816 0.9461551871639208 0.9148033491202225 1.0
taste 0.8028477026058758 0.7652243718083107 0.9902962189431816 0.9461551871639208 0.9148033491202225 1.0
finding 0.7995995855834181 0.7651759683516753 0.9880075611692375 0.9457256410989019 0.9119488486782306 1.0
fact 0.7981424821719401 0.7653191525807863 0.9890562328373628 0.9490829024556079 0.9147441877625456 1.0
mixed 0.7981424821719401 0.7653191525807863 0.9890562328373628 0.9490829024556079 0.9147441877625456 1.0
flavor 0.7981424821719401 0.7653191525807863 0.9890562328373628 0.9490829024556079 0.9147441877625456 1.0
cherry 0.7967205649019853 0.7635017803811506 0.9895813059062339 0.9442045731682558 0.9075402213157977 1.0
tart 0.7967205649019853 0.7635017803811506 0.9895813059062339 0.9442045731682558 0.9075402213157977 1.0
custard 0.8032533251937161 0.7646716052566315 0.9940304064699432 0.9524368527310366 0.9122923131270404 1.0
pine 0.8032533251937161 0.7646716052566315 0.9940304064699432 0.9524368527310366 0.9122923131270404 1.0
apple 0.8032533251937161 0.7646716052566315 0.9940304064699432 0.9524368527310366 0.9122923131270404 1.0
roast 0.8032533251937161 0.7646716052566315 0.9940304064699432 0.9524368527310366 0.9122923131270404 1.0
turkey 0.8012395605570124 0.7644217609665444 0.9897792722155775 0.9509243428030177 0.9095844216991017 1.0
toffee 0.8012395605570124 0.7644217609665444 0.9897792722155775 0.9509243428030177 0.9095844216991017 1.0
buttered 0.8012395605570124 0.7644217609665444 0.9897792722155775 0.9509243428030177 0.9095844216991017 1.0
toast 0.8049830618606767 0.7655372787584347 0.9938962232252728 0.9506220839041731 0.9137301039628042 1.0
finished 0.8004878469157946 0.7628450543236784 0.9867806270882297 0.9450040853607676 0.912692769217572 1.0
curious 0.8055131069615656 0.7658562704474692 0.9881807329887757 0.9471357983630498 0.9117541973395854 1.0
feeling 0.8014524412965511 0.7633252661125361 0.9861303179977318 0.943255817863935 0.9106719833343119 1.0
ten 0.8006439463171362 0.7626732421212041 0.9910943497219249 0.9479291234758088 0.9166458654272958 1.0
face 0.8006439463171362 0.7626732421212041 0.9910943497219249 0.9479291234758088 0.9166458654272958 1.0
brightened 0.7989760025304379 0.7589437483195495 0.9901034717120927 0.9443582892428135 0.9122279774288378 1.0
size 0.7997483711901759 0.7620991039648808 0.9896008820615557 0.9487923204017686 0.9114151320606401 1.0
lovely 0.8045640881715582 0.7647107384239831 0.9934825031236795 0.9524339064953469 0.9146780392035719 1.0
waited 0.8044303771615633 0.7644655111097408 0.9906717944521726 0.9473519156922281 0.9111027703560871 1.0
minutes 0.8042696884729544 0.7620556536872285 0.9892280638862196 0.9485403560692619 0.9153068827897225 1.0
shrink 0.8001679406165748 0.7626398935324803 0.9872927594404761 0.9445140979885666 0.9149666654299808 1.0
further 0.8001679406165748 0.7626398935324803 0.9872927594404761 0.9445140979885666 0.9149666654299808 1.0
nervous 0.8007642621298134 0.7613650874916318 0.9924926550061671 0.9507788250714089 0.9142280298642528 1.0
altogether 0.8026685940343785 0.7653138271277181 0.9880723031802491 0.9478086232480776 0.9092289953543072 1.0
candle 0.8022080280392756 0.7643006948783674 0.9902111808173121 0.9471072336008817 0.911061310628489 1.0
flame 0.7956112013840206 0.7577319873861383 0.9844367587803117 0.9388279582136273 0.9042081722254244 1.0
blown 0.8008682943643453 0.7662573392385703 0.9883892247214754 0.9509007793973097 0.9128361384919903 1.0
thing 0.8021858134743018 0.7617355201733188 0.9894091898845193 0.9477732107133034 0.9122674686121021 1.0
while 0.8034351440750078 0.767978459549179 0.9924280712929051 0.951339733882988 0.9130655415097767 1.0
more 0.7963709725168411 0.765127855543091 0.9857326460898884 0.9452986743274995 0.9091114886441415 1.0
decided 0.7972513611735609 0.7636426303314081 0.9867296494391212 0.9480432838680691 0.9114661644014257 1.0
possibly 0.802503392626309 0.7626847303666021 0.9883336487762469 0.9474025821734264 0.9146014024585365 1.0
reach 0.8021531704610634 0.7625666027103413 0.9867902025715086 0.9472613890098557 0.9127819744330324 1.0
plainly 0.8024740922479777 0.762443418861441 0.9891386536208483 0.9455332044989823 0.9115280920490473 1.0
best 0.8014478451616975 0.7630240647881453 0.9939132252785796 0.948222080066061 0.9133962166153087 1.0
climb 0.8014478451616975 0.7630240647881453 0.9939132252785796 0.948222080066061 0.9133962166153087 1.0
legs 0.8050537103157424 0.7653080171327418 0.9973750266826755 0.9515739619951386 0.9172502017034974 1.0
slippery 0.8023224452441038 0.7653536902331189 0.9924771650431596 0.9492296317225166 0.9131485016213795 1.0
sat 0.8034123399054395 0.7593646744085748 0.9893598923303688 0.9466466599729335 0.9108376714827953 1.0
cried 0.8037885157960194 0.7609760302391146 0.9918553416343491 0.9460797894354273 0.9099605624719016 1.0
crying 0.8048056807527053 0.7644892315835666 0.9929419412614612 0.9493724343061355 0.9152502843901633 1.0
sharply 0.8012967497471927 0.7625292796064932 0.9898288229946203 0.9464476560923835 0.9115571420999651 1.0
advise 0.8014035806157643 0.7581333062074563 0.9888386934905236 0.9452837022417651 0.9113675295911507 1.0
leave 0.8014035806157643 0.7581333062074563 0.9888386934905236 0.9452837022417651 0.9113675295911507 1.0
minute 0.804515975641062 0.7641285874278415 0.9917515720511978 0.9462359378764298 0.9109900883962725 1.0
generally 0.8080595440632117 0.7652135164538475 0.9921654213217865 0.947954036101613 0.9117629324288676 1.0
gave 0.8080595440632117 0.7652135164538475 0.9921654213217865 0.947954036101613 0.9117629324288676 1.0
advice 0.8080595440632117 0.7652135164538475 0.9921654213217865 0.947954036101613 0.9117629324288676 1.0
seldom 0.8065123204917111 0.7634221119401989 0.9948197958730511 0.9464564732858369 0.9113682867905979 1.0
followed 0.8065123204917111 0.7634221119401989 0.9948197958730511 0.9464564732858369 0.9113682867905979 1.0
scolded 0.8063661146428018 0.7664932911594733 0.9941525131834026 0.9486214874492185 0.9106180058544191 1.0
severely 0.8017112039278923 0.7620832819663131 0.9907440081398236 0.9477134032582306 0.9067649625965907 1.0
bring 0.8017112039278923 0.7620832819663131 0.9907440081398236 0.9477134032582306 0.9067649625965907 1.0
tears 0.8024187951355032 0.7585556454849159 0.991463308064783 0.9501283285178493 0.9084136204383506 1.0
remembered 0.7981574967963443 0.7588330020040537 0.9882688063107004 0.9466421628746637 0.9101118925022592 1.0
box 0.7976388833228532 0.7594519009016194 0.9882398115330898 0.9477291053160811 0.9111350896652446 1.0
cheated 0.8014007494064314 0.7615193629829307 0.9896747298001555 0.9482004341108168 0.909815791921653 1.0
game 0.8019496735454079 0.7621924394756051 0.9918789831460472 0.9514222529070774 0.9117971085779646 1.0
croquet 0.8019496735454079 0.7621924394756051 0.9918789831460472 0.9514222529070774 0.9117971085779646 1.0
playing 0.8019496735454079 0.7621924394756051 0.9918789831460472 0.9514222529070774 0.9117971085779646 1.0
against 0.8019496735454079 0.7621924394756051 0.9918789831460472 0.9514222529070774 0.9117971085779646 1.0
child 0.8020118120669839 0.7657982985198041 0.9932247789117743 0.9497077959760727 0.9150294649190731 1.0
fond 0.8020118120669839 0.7657982985198041 0.9932247789117743 0.9497077959760727 0.9150294649190731 1.0
pretending 0.8020118120669839 0.7657982985198041 0.9932247789117743 0.9497077959760727 0.9150294649190731 1.0
two 0.7990076133469873 0.7619328919285585 0.9885993072205445 0.9466541686317588 0.9100420028107487 1.0
pretend 0.8004496666445247 0.7610792366318802 0.9880819538127725 0.9467226715918928 0.9111787513021545 1.0
hardly 0.8021584841110658 0.7610606305247453 0.9881001402843642 0.9462614819816373 0.910646631759835 1.0
enough 0.8021584841110658 0.7610606305247453 0.9881001402843642 0.9462614819816373 0.910646631759835 1.0
respectable 0.8031827481494644 0.7648190928195393 0.9881473205042115 0.9499081612273684 0.9136699811447451 1.0
person 0.8031827481494644 0.7648190928195393 0.9881473205042115 0.9499081612273684 0.9136699811447451 1.0
eye 0.7989673454372901 0.7629778048027414 0.9895437006251601 0.9489207312892519 0.9090474502736212 1.0
lying 0.7971216631891093 0.7600691370262774 0.9882108946546821 0.948813127509214 0.9121555378420407 1.0
cake 0.8076462126590401 0.7646829393746506 0.9941717587150316 0.9518552376178546 0.9144179335179647 1.0
currants 0.8004113250779517 0.7625350370492074 0.9869792497829568 0.9454375927475397 0.9089250044450661 1.0
makes 0.8009548797600395 0.7626136469966681 0.9906147134729815 0.9517644955483463 0.9140647545146215 1.0
grow 0.80010225284645 0.7623802191094148 0.9881881526873459 0.9485232691228982 0.9120843135396278 1.0
can 0.8006391028566274 0.7627592728917877 0.9879058831067113 0.9488374480081279 0.9130831229250652 1.0
smaller 0.7983950556134221 0.7623110262194527 0.9911268340396503 0.949928912469065 0.9131970505528563 1.0
creep 0.799469078846035 0.7630703446953465 0.9905638902364784 0.9505595392396522 0.9151989801745429 1.0
