word v0 v1 v2 v3 v4 v5
alice 0.461084565916936 0.5544020433093527 0.8271137780844416 1.0 0.4593459896516945 0.8849428106965727
was 0.46125803267785065 0.5538514573008633 0.8271689057237245 1.0 0.45999149737205924 0.8854702449800831
beginning 0.45349954102938106 0.5471201348844366 0.8306941815528015 1.0 0.46015108406509664 0.8800666851108717
to 0.4610274799157261 0.5540720299241217 0.8279899536645248 1.0 0.4595481379928735 0.8855283700983696
get 0.46187304394378 0.5550133176342393 0.8280665047120085 1.0 0.4608794916251458 0.8858583795305705
very 0.4603501934834905 0.5533502765072954 0.8283820177452254 1.0 0.46087238716116263 0.8856188141083808
tired 0.45855050592308133 0.5529582411694913 0.8295157304947678 1.0 0.4604862899755447 0.8805777863514519
of 0.4610407125892645 0.5532983783285635 0.8278488411801486 1.0 0.4600229778151067 0.8851855017826267
sitting 0.4534284267604277 0.5487450480042897 0.8293622761847317 1.0 0.4591727881429224 0.8805989423036804
by 0.45989884796502256 0.5521357391732682 0.8279891555477394 1.0 0.46027003427386354 0.8864265192147662
her 0.4599113339829511 0.5527791453128853 0.8284737032072832 1.0 0.45972774178354814 0.8841298549694141
sister 0.4537727181518006 0.5486155528683416 0.8285448874194701 1.0 0.45751807457787536 0.8787614575857164
on 0.46049189545483793 0.5556762924343486 0.8271792665313695 1.0 0.46015018723213724 0.885279074942569
the 0.46134917618960336 0.553335110947332 0.8275252889042951 1.0 0.460750588088062 0.8857454446852002
bank 0.45384556936403275 0.5482236715386023 0.8301150139394423 1.0 0.4554400500815073 0.8779178147031687
and 0.4615320404523968 0.5547099945345649 0.8271490327636367 1.0 0.46028415439801457 0.8856161285965657
having 0.45917713338496957 0.5546124933032108 0.8271778643020499 1.0 0.45523519185985695 0.8802086224847157
nothing 0.4591794904937815 0.552093801923695 0.8287179507413384 1.0 0.4601442239199965 0.8855466349648707
do 0.4600477256784844 0.5533285934977235 0.8277668214100535 1.0 0.4579170557581871 0.8854901818411279
once 0.45940284972461315 0.5542471635978173 0.8267104418370932 1.0 0.45414962342099296 0.8795609292767532
or 0.4594139788798232 0.552256136730916 0.8281576603393025 1.0 0.4592410847639516 0.8855699387173134
twice 0.4535090716591349 0.5483095674628793 0.8278285345384119 1.0 0.4546198837959974 0.8754597805035507
she 0.46142125925998734 0.5543623529844616 0.8275162836349915 1.0 0.4603125000332547 0.884586187017264
peeped 0.45411755813920496 0.5484858513940434 0.8277261962218965 1.0 0.4558607243820037 0.876921045008243
into 0.4624088516000958 0.5546994378188916 0.8277525954816258 1.0 0.46098226943752124 0.8849184808434383
book 0.4576655021434292 0.5513657541232154 0.8273216828613167 1.0 0.4599613363583127 0.8817663877509868
reading 0.4576642091402514 0.550427222971004 0.8315264950061595 1.0 0.4589778915760402 0.8805969075775237
but 0.46133733976365265 0.5530914710795112 0.8280980655406298 1.0 0.46067548736092345 0.8856411320462473
it 0.46155427786046593 0.5544774322025421 0.8276746657321528 1.0 0.46004088923555825 0.8847936945985769
had 0.46188895794621637 0.5538534739686145 0.828068827130099 1.0 0.46057339243704604 0.8868740820426941
no 0.4617709359480578 0.5529927659976258 0.8278251366882314 1.0 0.45959323436837135 0.8859908202952365
pictures 0.4574290176023361 0.5506772124722094 0.8281959606473154 1.0 0.4604342381518637 0.8824894548874778
conversations 0.45527874267400675 0.5497312910633817 0.8294926941962736 1.0 0.45792542720807106 0.8810169464535413
in 0.46098977477806863 0.5547252305692919 0.8267714101861485 1.0 0.4582396915935175 0.8854845994458194
what 0.4598576852140723 0.5516260266328206 0.8272016944315194 1.0 0.46021904228998173 0.8854273790117044
s 0.46154510745078514 0.5541541003107799 0.8271518930284824 1.0 0.45974718130437847 0.8854198745336593
use 0.4625545271569442 0.5562024140352823 0.8281285136220431 1.0 0.459596711611367 0.8837556028327099
a 0.4613412966363716 0.5547028277823918 0.8271507078443794 1.0 0.4593781207261418 0.8856623111419599
thought 0.4606025336615093 0.5532388902822889 0.827796883125337 1.0 0.460125521391991 0.8829052717421392
without 0.4601013657826985 0.5535629481904023 0.8301750642783852 1.0 0.4613421510115843 0.8817892499380423
conversation 0.4550843223434921 0.5503456069588477 0.8288166720563044 1.0 0.45884000714340456 0.8797713365354457
so 0.46059810318849564 0.5530442686231507 0.8273313931515761 1.0 0.4600171892788192 0.8867624566763546
considering 0.45618046884119284 0.552079875783607 0.8279439387923498 1.0 0.4539279626208399 0.8827081787012259
own 0.4591177790379894 0.5526651728021692 0.8278420582125403 1.0 0.45661051616545195 0.8801554351203028
mind 0.45430828760031994 0.5512827220339332 0.8275170622825749 1.0 0.45861273815419507 0.8850611700388687
as 0.4610802916907922 0.5521577777441937 0.8297685703933697 1.0 0.46073309281448915 0.8867752956430361
well 0.45974660058276756 0.5532059878032481 0.8280819604121911 1.0 0.4620811192013395 0.8851586686841798
could 0.46265696165184783 0.5553264032023131 0.8285094963466894 1.0 0.46107461619164947 0.8831813673443846
for 0.46123188507218044 0.5551966613067487 0.8281993995944762 1.0 0.4585380142051666 0.8844864161519244
hot 0.4618928385666032 0.5531277041468176 0.8299801452539776 1.0 0.46074411423696915 0.8841991389810129
day 0.45671095123289596 0.5500032035350493 0.8327058710463469 1.0 0.45991167543849676 0.8821048465351702
made 0.46055586067175175 0.5525794281942963 0.8293479585744552 1.0 0.4621895956856384 0.8863182292845456
feel 0.4564196835371165 0.5487262045113743 0.8315638663929054 1.0 0.4590639675724966 0.8845614002986646
sleepy 0.45850348692824455 0.5548694757607306 0.8301625249798936 1.0 0.4592995332669394 0.8881530599871078
stupid 0.4564196835371165 0.5487262045113743 0.8315638663929054 1.0 0.4590639675724966 0.8845614002986646
whether 0.4588288497752919 0.5514428511179117 0.8285780878382699 1.0 0.45866362493195545 0.8818099098618979
pleasure 0.4544983989313596 0.5468032062306221 0.8304102460969296 1.0 0.4590811315170412 0.880974660620001
making 0.4544983989313596 0.5468032062306221 0.8304102460969296 1.0 0.4590811315170412 0.880974660620001
daisy 0.453421557247179 0.5474273558892532 0.8302600029815475 1.0 0.458475419228061 0.8769829823981217
chain 0.453421557247179 0.5474273558892532 0.8302600029815475 1.0 0.458475419228061 0.8769829823981217
would 0.4626816861027088 0.55397027446207 0.8306187661041814 1.0 0.46204997242973933 0.883778122948784
be 0.4620296694321531 0.554975940508524 0.8282821798349199 1.0 0.45958161588805385 0.8841365129936031
worth 0.453421557247179 0.5474273558892532 0.8302600029815475 1.0 0.458475419228061 0.8769829823981217
trouble 0.45521233706867625 0.5478488864767862 0.828842380277784 1.0 0.4571749987892072 0.8782559915220853
getting 0.45988461361285105 0.5516187395412198 0.8295315887056964 1.0 0.45950380298592347 0.8830201681624972
up 0.4626031909817439 0.5544804831727423 0.8276838383777846 1.0 0.46022618908115953 0.884830071249692
picking 0.45521233706867625 0.5478488864767862 0.828842380277784 1.0 0.4571749987892072 0.8782559915220853
daisies 0.45521233706867625 0.5478488864767862 0.828842380277784 1.0 0.4571749987892072 0.8782559915220853
when 0.4600793915485289 0.5527513631615978 0.8272548560578037 1.0 0.459604173808975 0.8845131743644249
suddenly 0.45906928028552135 0.5537146700772541 0.8279143398613373 1.0 0.45968634564021954 0.8853284517125003
white 0.46055703895665884 0.5523651385032593 0.8289788043773039 1.0 0.46011117191948797 0.8815779154495049
rabbit 0.4582492697572136 0.5516414178606776 0.827698336813841 1.0 0.45732628094054406 0.8814045925171612
with 0.4608796168542913 0.5535439676612084 0.8278878719155338 1.0 0.4590929097500833 0.8847395544713125
pink 0.4564553250935874 0.5483964715050934 0.830753981492074 1.0 0.45732727826921676 0.8853375381931022
eyes 0.46037162175157076 0.5508765120490389 0.8313918933993018 1.0 0.4588161852987203 0.8879424780716049
ran 0.4549141811980064 0.5515269891479958 0.8257167425516788 1.0 0.4548119082339842 0.8782694413213663
close 0.45734322048280507 0.5511034961693921 0.8271362400172729 1.0 0.45936159588896386 0.8851725409365853
there 0.4612968881946875 0.5530261374670207 0.827364391722204 1.0 0.460812528832878 0.886941293948089
remarkable 0.45402956148507784 0.5478948649544209 0.8275258948811031 1.0 0.4606280137708315 0.8803732427936288
that 0.46179925669156197 0.5544009885196128 0.8275657600144575 1.0 0.46026800651490296 0.8855277251083039
nor 0.45402956148507784 0.5478948649544209 0.8275258948811031 1.0 0.4606280137708315 0.8803732427936288
did 0.4603009027942652 0.5532642511547684 0.8286555371069454 1.0 0.4610527169167076 0.8825297961323658
think 0.4603451865582492 0.5516607399608536 0.8285051649370254 1.0 0.46079291342154416 0.8853136332095114
much 0.4604081364000048 0.5531458708446945 0.828794433132689 1.0 0.46011759512948264 0.8882500940529986
out 0.4608476854943769 0.5544094385428655 0.8272051508055961 1.0 0.45974020727600984 0.8845390518806525
way 0.4604036875714021 0.5539002183583169 0.8271000584964757 1.0 0.4596897008403258 0.8845741155559834
hear 0.45950104066746933 0.5517171272272967 0.8255194944867624 1.0 0.4589417725621453 0.8868153161302005
say 0.46186063438036035 0.5524288134670894 0.8286564900590204 1.0 0.46130838818603714 0.8846980321814133
itself 0.4559211630559403 0.547212460419806 0.8262623855172894 1.0 0.45980566921027527 0.877083102430645
oh 0.46125064975939556 0.553443421980001 0.8271535657791637 1.0 0.45946027980736615 0.8825808388132274
dear 0.45769533704086807 0.5506376367323302 0.8271343413486083 1.0 0.4589062430643177 0.8815654251341069
i 0.4621737649375302 0.5537742387427074 0.8283719545808492 1.0 0.46076505556329844 0.885870799954262
shall 0.4605560475343466 0.5506719211579487 0.8292636514002659 1.0 0.46062906382712754 0.8836403349550597
late 0.45884797425956025 0.5526299376215875 0.8269102768532275 1.0 0.4590230777401047 0.8831597824183262
over 0.4602944562177758 0.551103597821471 0.8270035177750535 1.0 0.45996945262153727 0.8817769994913645
afterwards 0.45453832552901585 0.5472277838693036 0.828356778465711 1.0 0.45860053718429505 0.8753855717277119
occurred 0.45453832552901585 0.5472277838693036 0.828356778465711 1.0 0.45860053718429505 0.8753855717277119
ought 0.4545305739536876 0.5464617345997378 0.8295199772893279 1.0 0.4581108652300146 0.8783765786504426
have 0.4577175734439948 0.5479432198020864 0.8297737260040936 1.0 0.46118116799017256 0.8831602738860954
wondered 0.4545305739536876 0.5464617345997378 0.8295199772893279 1.0 0.4581108652300146 0.8783765786504426
at 0.4597723471870106 0.5517382068474366 0.8277483254907451 1.0 0.46044958406322894 0.8860877069952904
this 0.4620162484537112 0.552393598404629 0.8284301122842777 1.0 0.4590244267418855 0.8851423948104595
time 0.4606816339970385 0.5525974153597134 0.8275909652694485 1.0 0.4595736574940871 0.8858719636197556
all 0.46219573233812633 0.553174765640823 0.8285830123065426 1.0 0.46177495023298487 0.8873320649920011
seemed 0.4606953066995797 0.551785899962951 0.8279001002958452 1.0 0.4604798260706919 0.8864023170832943
quite 0.458650106357978 0.5520857070010452 0.828157370876591 1.0 0.4580990410475074 0.8790167433905006
natural 0.4536035418286472 0.547340949588589 0.8266300079687744 1.0 0.45835610592143616 0.8825642823744598
actually 0.45585004734618684 0.5467571218061976 0.8287048003973568 1.0 0.45826026255706587 0.882224837076453
took 0.45722657170197656 0.5487686225543 0.8269485683952996 1.0 0.460559709545326 0.884611442194258
watch 0.45518601404315046 0.5505471062494478 0.8289402246919693 1.0 0.45558666367774725 0.881158319875173
its 0.456434009969628 0.5487941809039633 0.827868265976536 1.0 0.4581827764447078 0.8839743786597395
waistcoat 0.45518601404315046 0.5505471062494478 0.8289402246919693 1.0 0.45558666367774725 0.881158319875173
pocket 0.4529759428767755 0.5507071751345964 0.8284009412358954 1.0 0.45527353914079044 0.8811078577823436
looked 0.4596842807702567 0.5524485521137817 0.8274356537028427 1.0 0.4618898890032111 0.8844742690437234
then 0.4576087292026012 0.5527770272001353 0.8291353327933736 1.0 0.4584250856827537 0.8835279621682739
hurried 0.45042282946563905 0.5547339556680544 0.8290293804002176 1.0 0.4565771521169748 0.879341010357056
started 0.45416005978831675 0.5577655005750617 0.8251503716412943 1.0 0.457359497013574 0.8813182880836588
feet 0.45828243832554894 0.5558553034249831 0.8256626968603721 1.0 0.4597256950774964 0.8822230825547861
flashed 0.45386600113879166 0.5535061223706403 0.8263665695203609 1.0 0.4574740160809203 0.8850229753067792
across 0.4561880411429964 0.5541904168260562 0.8278076621795851 1.0 0.4548151638106304 0.8837851782680567
she'd 0.45386600113879166 0.5535061223706403 0.8263665695203609 1.0 0.4574740160809203 0.8850229753067792
never 0.460513274581307 0.5531048307938727 0.8286409987219946 1.0 0.4580551303517648 0.8857117786550404
before 0.460975486047017 0.5536100024165349 0.8268730340801009 1.0 0.46064191393209003 0.884066665794052
seen 0.4592981557014138 0.5551862062163918 0.8259051191690551 1.0 0.45772515555182036 0.8847692032466035
either 0.4606515257897022 0.5539598270614753 0.8266308416160423 1.0 0.46029888779906736 0.8857121654982749
take 0.4628439982804749 0.566792159915415 0.82776771405613 1.0 0.45558112204372564 0.8845930066690968
burning 0.4628439982804749 0.566792159915415 0.82776771405613 1.0 0.45558112204372564 0.8845930066690968
curiosity 0.45523551979765 0.5543089616321574 0.8221768469751339 1.0 0.4520867373241963 0.8727462093392395
field 0.45853786596736246 0.5548828993395362 0.8292659985126049 1.0 0.4521244965276654 0.8825325701287268
after 0.4604194069206284 0.555685188216579 0.8285550900503417 1.0 0.4571049503667784 0.88360302705179
fortunately 0.4596078468670028 0.5568301563742553 0.8285147267478198 1.0 0.4515088948583676 0.8807499305602335
just 0.461776381888505 0.557650569588651 0.8275170393595725 1.0 0.45672161201786515 0.8872895946169261
see 0.4613448057414951 0.5543665343726496 0.8281096804354754 1.0 0.45900433502304705 0.8821314835269461
pop 0.4577619314883033 0.5561762880850804 0.8264895041650706 1.0 0.4510306403700118 0.8792361204063978
down 0.4602114104553511 0.5529835732213941 0.8278416434351509 1.0 0.46054458210389004 0.885577542423709
large 0.4606221693733112 0.5546497288660168 0.8257900109363121 1.0 0.4586563465470358 0.8840041600866779
hole 0.4600961930752813 0.5541136502171364 0.826821904953247 1.0 0.4544944656236862 0.8832553986693175
under 0.46244044026488923 0.5580522909968662 0.8252195235540246 1.0 0.4566798744098865 0.8860219658718539
hedge 0.4576844757423371 0.5553569326881893 0.82457221599941 1.0 0.44678311777469704 0.8799072262168661
another 0.46025040340445245 0.5553032403615726 0.825628002783307 1.0 0.4562568144875613 0.880625188204276
moment 0.459457001135543 0.5548952004694202 0.8258102003106214 1.0 0.45581293503767184 0.8831560598479592
went 0.45985838917575766 0.5557036845242568 0.826893438040872 1.0 0.45707384257792755 0.8847030010372536
how 0.4625882341515587 0.5537879880882782 0.8283412197531738 1.0 0.4604030809798221 0.8858577108793667
world 0.458766350607352 0.5563250642624273 0.8283786516135233 1.0 0.4517148254038716 0.8798455147382718
again 0.46104696113123295 0.5537159457377737 0.8297730557534991 1.0 0.4598210252171382 0.8862285446999456
straight 0.45792779963246527 0.5540461982504762 0.8305620440738808 1.0 0.45433698831440045 0.8817391944628525
like 0.46226181901504804 0.5560818350766517 0.8276644039688614 1.0 0.45925285079569145 0.8845036555665471
tunnel 0.45792779963246527 0.5540461982504762 0.8305620440738808 1.0 0.45433698831440045 0.8817391944628525
some 0.4566847331038049 0.5544745826618573 0.8303308724898071 1.0 0.45659125361887215 0.8839401305393249
dipped 0.4566847331038049 0.5544745826618573 0.8303308724898071 1.0 0.45659125361887215 0.8839401305393249
not 0.462957333109506 0.555011292170346 0.8272365667515843 1.0 0.4605467194204892 0.8856064359647157
about 0.46133748099968275 0.5527503189130766 0.8277586330902073 1.0 0.4599582078520446 0.8858374482766984
stopping 0.45548902869031954 0.551238133026401 0.8283678396315237 1.0 0.45868263954070443 0.8832445223003977
herself 0.46149563057796533 0.5556460019819843 0.8275483507380758 1.0 0.45736241027771335 0.8849396697644447
found 0.4619538064800638 0.556106030629913 0.8267920154834569 1.0 0.4602260060719843 0.8849658480979322
falling 0.4575688975762322 0.549793749113795 0.8261311671790869 1.0 0.4614604430913849 0.8880435483268165
deep 0.45604308341279143 0.5508009309080515 0.826782057019527 1.0 0.460750444375638 0.8868975878346511
fell 0.46022070109078506 0.5531832548697263 0.8289470078472216 1.0 0.46198896236265097 0.8867087707698258
slowly 0.45554453457783844 0.5505816650402919 0.827561325809846 1.0 0.46124075767144324 0.888075067389141
plenty 0.4576795802777079 0.5512882764714331 0.82680666919467 1.0 0.4623175688704761 0.8888652581274215
look 0.4598807785091202 0.5521305442900837 0.8254571606366058 1.0 0.46091616111954176 0.8841489994011497
wonder 0.4610455221168903 0.5525116879279536 0.829421747692508 1.0 0.45997809008503837 0.8854425309499561
going 0.46192848185236307 0.55584050272118 0.8270285820152158 1.0 0.4598518243588476 0.8854673250762428
happen 0.4572572989326626 0.5515387520470434 0.8296752837939518 1.0 0.46330610284710183 0.8870027892323965
next 0.4572572989326626 0.5515387520470434 0.8296752837939518 1.0 0.46330610284710183 0.8870027892323965
first 0.46179316224730615 0.5546079171737569 0.8248127952134465 1.0 0.46115908332426 0.8849463500998862
tried 0.4614851411002587 0.5533693321117231 0.8270247520685169 1.0 0.4600053605239295 0.8853177615634689
make 0.4604733970206991 0.5554208197489487 0.8262992188822513 1.0 0.46246362397603336 0.8865658977646435
coming 0.45727859586451247 0.5510272927846984 0.8243764496038999 1.0 0.46359074279744994 0.8830408583024446
too 0.462083389506196 0.5536766092194687 0.8258271368200801 1.0 0.4626605703793241 0.8848025981083242
dark 0.46271908969744213 0.5531672718639662 0.8273046021870742 1.0 0.46260464790493366 0.8829247279925042
anything 0.4588594915117971 0.5503685571560367 0.8296388546243361 1.0 0.46206515623112876 0.885542443027941
sides 0.4579827674978262 0.5499668435218366 0.8264442914462679 1.0 0.4625595728917748 0.8836240092491727
noticed 0.46017715248903546 0.5510374966559298 0.8248739441833195 1.0 0.4629472132696823 0.8874736777485941
they 0.46131192967606544 0.5526301224765465 0.8291723038800732 1.0 0.4609344872731515 0.886001043707309
were 0.461562824748597 0.5538026045135627 0.8272220950317487 1.0 0.46242047228729444 0.8880132095203563
filled 0.4576275167139118 0.5502088164282172 0.8263106125450069 1.0 0.46229952495433796 0.8838439376618017
cupboards 0.4592014434913835 0.5510002340572283 0.8281686829364178 1.0 0.4634050013934804 0.8832419539957175
shelves 0.45843399019605596 0.5512949487487517 0.828850621522127 1.0 0.46256701720145527 0.8854583371903346
here 0.4612883498510476 0.5540026699830343 0.8283533756512024 1.0 0.46239725271611964 0.88816590270462
saw 0.46118557083653966 0.551391491946632 0.826479224484832 1.0 0.4619243029661195 0.8846611612038415
maps 0.45730587342077494 0.549093583724247 0.8249314344061403 1.0 0.4634347999317565 0.8846222874646992
hung 0.4595402007632488 0.5512593045741376 0.8242411611789493 1.0 0.46348743875370213 0.8871040516116362
upon 0.46206785105420456 0.5535547338044583 0.8243816299333859 1.0 0.4630549447698993 0.8885914703113649
pegs 0.4595402007632488 0.5512593045741376 0.8242411611789493 1.0 0.46348743875370213 0.8871040516116362
jar 0.4597685915412759 0.5517771096307009 0.8279348371288309 1.0 0.46251583418247744 0.8837719324378508
from 0.46095639624456164 0.5528109596022532 0.8267862641462971 1.0 0.4620824307653285 0.891240769899476
one 0.46258055040906937 0.5535473892476209 0.8289618008230638 1.0 0.46164158265332467 0.8860149044412948
passed 0.4591141496228335 0.5508484034130562 0.8321839527889349 1.0 0.46176616409888915 0.8870268646845758
labled 0.46050017765573614 0.5514730746372221 0.8288099091893347 1.0 0.4612669092130084 0.8837173684869427
orange 0.46050017765573614 0.5514730746372221 0.8288099091893347 1.0 0.4612669092130084 0.8837173684869427
marmalade 0.46050017765573614 0.5514730746372221 0.8288099091893347 1.0 0.4612669092130084 0.8837173684869427
great 0.46152894920544846 0.5532505381833214 0.8270651922340019 1.0 0.4607864952303703 0.8866262266791328
disappointment 0.4596854347946111 0.5507596389572228 0.8282577025638896 1.0 0.45942078275172327 0.8807608831451377
empty 0.4595770113267491 0.5527638739661755 0.8288814973660757 1.0 0.46046092355901097 0.8780618846202769
drop 0.46092992390323817 0.5527677730462583 0.8306840831907244 1.0 0.46216478103733033 0.8805368208666641
fear 0.46092992390323817 0.5527677730462583 0.8306840831907244 1.0 0.46216478103733033 0.8805368208666641
killing 0.46092992390323817 0.5527677730462583 0.8306840831907244 1.0 0.46216478103733033 0.8805368208666641
somebody 0.4597517849437787 0.5504322189288101 0.8295596089645959 1.0 0.4622367306273246 0.8844104488674998
managed 0.4597517849437787 0.5504322189288101 0.8295596089645959 1.0 0.4622367306273246 0.8844104488674998
put 0.4602900418258923 0.5538927115943816 0.8287816621086188 1.0 0.4605975956032531 0.8848771542259192
past 0.46078294197459957 0.5517954589671713 0.8300356919661805 1.0 0.4645157959595041 0.8826370743606166
such 0.4629198642057398 0.5555848193110032 0.8301185651666121 1.0 0.46011330183390065 0.8841019937479452
fall 0.4620145717272026 0.5522148220893847 0.8283162352366337 1.0 0.46091234411842236 0.8839933807487893
tumbling 0.46232404827374873 0.5528420689984332 0.8325626056560244 1.0 0.4607930869419687 0.8839785499063855
stairs 0.46232404827374873 0.5528420689984332 0.8325626056560244 1.0 0.4607930869419687 0.8839785499063855
brave 0.46088046602023586 0.5517611990809469 0.8313996830947522 1.0 0.45951984573014937 0.8850435691772484
ll 0.4623373454721148 0.5536040196041151 0.8283730065592221 1.0 0.46080126053475706 0.8887117116881539
me 0.46291871017021313 0.5556601144085236 0.8282664120852562 1.0 0.46226274539698864 0.8878802593271368
home 0.4620491577370282 0.5524364909474085 0.8316959336385055 1.0 0.46172957131519016 0.8868955527603307
why 0.4624890175902752 0.556631019830212 0.8290988132797068 1.0 0.4599997924543133 0.890349177457529
n't 0.46070721313802193 0.5528524942922287 0.8314598017137582 1.0 0.4620364885477655 0.8861798144632733
even 0.4635298987920141 0.5545013016281404 0.8305991210010789 1.0 0.4629119192221935 0.8867705695884154
if 0.46413853869217053 0.5552748844362139 0.8283436760896072 1.0 0.46152613962403444 0.8860521939121322
off 0.4624699244987055 0.5537898487274049 0.8288521307576602 1.0 0.461093930506711 0.8867826149560643
top 0.46226470769746997 0.5513956508080344 0.831114627877621 1.0 0.4636656667347898 0.8883872689744386
house 0.46226470769746997 0.5513956508080344 0.831114627877621 1.0 0.4636656667347898 0.8883872689744386
which 0.46177666845581156 0.5556613517121296 0.8279414695522046 1.0 0.4610089130862352 0.8881267917591426
likely 0.45993443856052707 0.5498082503303738 0.8287010833269489 1.0 0.46074248278612384 0.8877520366066848
true 0.45993443856052707 0.5498082503303738 0.8287010833269489 1.0 0.46074248278612384 0.8877520366066848
come 0.4625685175450297 0.553130392105609 0.8287969699858048 1.0 0.4612287993563234 0.8844012216944844
an 0.4596733083898364 0.5501605399519303 0.8276269332489469 1.0 0.4621433183348119 0.8821700094160562
end 0.4617935158381938 0.5528434628251374 0.8286071064915836 1.0 0.45786717984782166 0.8838435956204375
many 0.461944736087762 0.5519613667686918 0.8274130528519292 1.0 0.46251185536753586 0.8815956120647571
miles 0.4617443657446691 0.5511942513639096 0.8309590623386818 1.0 0.46267838517072674 0.8808107143272821
ve 0.4604893025527903 0.5496674762818395 0.8293308948364075 1.0 0.46118680198352957 0.8849937820810184
fallen 0.4617580187819759 0.5509353121906617 0.8302178443422439 1.0 0.46407854245197455 0.8790086687471329
said 0.4636107381511705 0.5560313723441666 0.8270188868771772 1.0 0.45996542257784717 0.8830132897530402
aloud 0.4623069333473333 0.5506356219471461 0.8318310550266055 1.0 0.46136949328826876 0.8765365032029128
must 0.4629888276663814 0.5532843394870486 0.8286495674211876 1.0 0.46111603065603846 0.8799546393275736
somewhere 0.46165906391583456 0.5513618634681438 0.8303916069416653 1.0 0.4609084025513756 0.8840827564563344
near 0.4631137421052566 0.5517361805994929 0.8334845676748818 1.0 0.4618606464625873 0.8814217623317103
centre 0.4631137421052566 0.5517361805994929 0.8334845676748818 1.0 0.4618606464625873 0.8814217623317103
earth 0.46313331501354754 0.551908232629523 0.8299621432803125 1.0 0.4618630393663546 0.8841631234104209
let 0.46284075930846097 0.5526173116857817 0.8315987175607956 1.0 0.4641282553189725 0.8832651320779742
four 0.46173069920941273 0.5514534465349832 0.8317010131334563 1.0 0.4612768436368947 0.882614541483176
thousand 0.46173069920941273 0.5514534465349832 0.8317010131334563 1.0 0.4612768436368947 0.882614541483176
you 0.46265410398938617 0.5542006973908845 0.8284361971305062 1.0 0.4605496759384446 0.8869820843134565
learnt 0.4616322929791668 0.5493725222071608 0.8319868444300992 1.0 0.4621825749604231 0.884150478424411
several 0.46175507112512953 0.551717611223738 0.8255564410669867 1.0 0.45972006876585914 0.8855487785145983
things 0.4616924382765659 0.5521102452012294 0.8262502355062568 1.0 0.4601005122040707 0.8852741642852124
sort 0.46080553118249845 0.5511627738079488 0.826467244653466 1.0 0.4583867006908884 0.8852107257116194
lessons 0.4590473621133954 0.5472606819362504 0.8265199030948939 1.0 0.4605711743314628 0.8852584393340088
schoolroom 0.461857787977113 0.5479485609371193 0.8283414542662906 1.0 0.46258524710131493 0.8862559442155142
though 0.4632321142386232 0.5555140172079881 0.8293925163335086 1.0 0.4620645306454307 0.8850901949253968
good 0.4633138953182294 0.5537541830867214 0.8299694294809327 1.0 0.4608093755233473 0.8847838687219763
opportunity 0.463361876426351 0.550895225061307 0.8315329624921867 1.0 0.4629695961173107 0.8898421235535869
showing 0.46166971104336957 0.5485159999807893 0.8301598260328628 1.0 0.46163202794116565 0.8878812289762555
knowledge 0.46166971104336957 0.5485159999807893 0.8301598260328628 1.0 0.46163202794116565 0.8878812289762555
listen 0.46381211954897955 0.5518269034179469 0.8321762932063183 1.0 0.46130259329253076 0.8851251505867603
still 0.4640068498141579 0.5548223441605822 0.8289495978335095 1.0 0.4620569326621819 0.8838562188347484
practice 0.4639233538168809 0.5514625903107763 0.8303542870536431 1.0 0.4615284129440947 0.8828141374421141
yes 0.4607154704050612 0.5476640097441525 0.828024053168642 1.0 0.4593246622245988 0.8831709058602892
right 0.46204714006006015 0.550887656210661 0.8289220871776302 1.0 0.4611221538595487 0.8861319953201228
distance 0.4607154704050612 0.5476640097441525 0.828024053168642 1.0 0.4593246622245988 0.8831709058602892
latitude 0.4613492697384702 0.54986486896483 0.8309405830479709 1.0 0.4612588282884854 0.8912866929191369
longitude 0.4601611699051173 0.5483226607008614 0.8283707166600461 1.0 0.4602491431055743 0.8880509387991703
got 0.4609088580187006 0.552476017171684 0.8265523705895833 1.0 0.45830320439349664 0.8908173557550464
idea 0.4608296071458878 0.5508846204938976 0.8295658082388011 1.0 0.4617174837586143 0.8927627124435774
nice 0.4635256978233053 0.5542724514070214 0.8276536298933912 1.0 0.46056778018757893 0.8846413108020238
grand 0.4627837462365231 0.5514931028360138 0.8309766481222755 1.0 0.46374544565776105 0.8792949918120051
words 0.4638871690952298 0.5553826224510705 0.8281976981484969 1.0 0.4637451131814209 0.8851611422910851
presently 0.4629897613109539 0.5527575143342529 0.8324542744038376 1.0 0.4609671589835826 0.8817626622323929
began 0.4612558195282831 0.5553753732161871 0.8306970337691313 1.0 0.4600181719989924 0.8897980883988441
through 0.4629346595652099 0.5541847667217633 0.8285877459402198 1.0 0.4608553831318459 0.8841454945313533
funny 0.46383409370464623 0.5507014413739306 0.8312246342743632 1.0 0.4599333852540754 0.8900200193406314
seem 0.46383409370464623 0.5507014413739306 0.8312246342743632 1.0 0.4599333852540754 0.8900200193406314
among 0.4649299838889534 0.5533298880020652 0.82861760947591 1.0 0.4615598014507964 0.8891759912025022
people 0.46397900834784644 0.5580827057177685 0.8288447742276664 1.0 0.4578986671394746 0.8906055390206645
walk 0.46335779332351945 0.550846335378592 0.8296404282679517 1.0 0.46085781413616833 0.8933150857680211
their 0.4643779303397073 0.5534898388123582 0.8296863242813909 1.0 0.45975833315870307 0.8874664331102669
heads 0.4616322885945058 0.5504974877945605 0.8303134694409335 1.0 0.4585280152504291 0.8891369835737157
downward 0.4616322885945058 0.5504974877945605 0.8303134694409335 1.0 0.4585280152504291 0.8891369835737157
antipathies 0.4616322885945058 0.5504974877945605 0.8303134694409335 1.0 0.4585280152504291 0.8891369835737157
rather 0.46227973555486634 0.5563861338426532 0.8292250493258697 1.0 0.45967016113227244 0.8859343404015104
glad 0.46241374569834864 0.5505831653632269 0.8306831824129993 1.0 0.46179316814481397 0.880903509571941
listening 0.4636263222556931 0.5492095150640488 0.8291468838759324 1.0 0.46229836186182643 0.8835321793381391
sound 0.46199293709152073 0.5496477234271179 0.831011661837797 1.0 0.4647946079875413 0.886066449214984
word 0.46199293709152073 0.5496477234271179 0.831011661837797 1.0 0.4647946079875413 0.886066449214984
ask 0.46162852568376017 0.5503124622404759 0.8296850260973683 1.0 0.4631702972548544 0.8890708033015701
them 0.4641297865701242 0.5537574361652702 0.8284798059934072 1.0 0.4619429773520107 0.8863237188082491
name 0.46116289898756496 0.5487549277307493 0.8267758741774714 1.0 0.46177253322045936 0.8886239328675353
country 0.46116289898756496 0.5487549277307493 0.8267758741774714 1.0 0.46177253322045936 0.8886239328675353
is 0.4611519490183134 0.5532797309282623 0.8267124205768723 1.0 0.4612761534675686 0.8875123968368309
know 0.4622887461053882 0.5528601614793165 0.8277311317113532 1.0 0.4598728086645959 0.8857689844937865
please 0.46179932790439737 0.5500275141241329 0.8260531953544247 1.0 0.4612311981423499 0.8885321389570735
ma'am 0.46179932790439737 0.5500275141241329 0.8260531953544247 1.0 0.4612311981423499 0.8885321389570735
new 0.4610447473262399 0.5520045361549675 0.8276885139698872 1.0 0.4610632450947585 0.889515411893588
zeland 0.4610447473262399 0.5520045361549675 0.8276885139698872 1.0 0.4610632450947585 0.889515411893588
australia 0.4610447473262399 0.5520045361549675 0.8276885139698872 1.0 0.4610632450947585 0.889515411893588
curtsey 0.45932791684387486 0.5487992674175953 0.8265088267785416 1.0 0.4595404891753258 0.8873651451467139
spoke 0.46063801290158723 0.5494100786088277 0.8273190487627674 1.0 0.4602841887076833 0.8891338459987778
fancy 0.4607485993273254 0.5519397121830014 0.8259880085300946 1.0 0.45881126092475555 0.8862903836810094
curtseying 0.46063801290158723 0.5494100786088277 0.8273190487627674 1.0 0.4602841887076833 0.8891338459987778
re 0.4600059285091904 0.5496632859100856 0.8259079264157535 1.0 0.46278054940207164 0.8908560217128418
air 0.4607020638200561 0.5510496316914107 0.8279277252444914 1.0 0.46153060727079287 0.8895183017745959
manage 0.4614242129280452 0.5516873060177185 0.8278148232098634 1.0 0.463931081207652 0.8902810636388097
ignorant 0.45904152332574744 0.5490729697237965 0.8257123930994856 1.0 0.46079100857846755 0.882088446310718
little 0.46312529391709534 0.5558046823545426 0.827288346896375 1.0 0.4610347521042367 0.8862388434542573
girl 0.45904152332574744 0.5490729697237965 0.8257123930994856 1.0 0.46079100857846755 0.882088446310718
asking 0.45907194839326587 0.5504255456475654 0.8292381591639992 1.0 0.46121945052400426 0.884641697732237
perhaps 0.46020850762723636 0.5509886069824435 0.8273074102618914 1.0 0.45995885686922283 0.8867362105257395
written 0.46020850762723636 0.5509886069824435 0.8273074102618914 1.0 0.45995885686922283 0.8867362105257395
else 0.45878063765284466 0.55031207471119 0.8320791452425025 1.0 0.4595247056812102 0.8944008727841929
soon 0.46103450978946325 0.5539415159622443 0.8275563874216473 1.0 0.4602256961284057 0.888384303987025
talking 0.4601595387840562 0.5523206329676955 0.8308772525465062 1.0 0.4595446542740885 0.8958825781559928
dinah 0.46092086691220135 0.554597538622872 0.8289434896943403 1.0 0.4599602988409531 0.8918758711953821
miss 0.46043287843858716 0.5518646540994008 0.8318171940700806 1.0 0.46048039786067263 0.897894094051153
night 0.45848272108951255 0.5524096333141673 0.8289150684854448 1.0 0.4602711186785015 0.8950818727739113
should 0.4603341842063632 0.5541496471478898 0.8281995189579772 1.0 0.4579606293245329 0.8892137577030614
cat 0.45883560368660087 0.551797538986684 0.8275137843777418 1.0 0.457275932885173 0.8948301756420204
hope 0.4592493151787751 0.553600270049192 0.8282962770002263 1.0 0.46013990604590665 0.8924422933575156
remember 0.4611620228481129 0.5559372241838793 0.8280437275851352 1.0 0.45998821016241853 0.8879149545598712
saucer 0.4592493151787751 0.553600270049192 0.8282962770002263 1.0 0.46013990604590665 0.8924422933575156
milk 0.4579840745937421 0.550312202217413 0.826047401919221 1.0 0.4590276269460328 0.8932634918093381
tea 0.4579840745937421 0.550312202217413 0.826047401919221 1.0 0.4590276269460328 0.8932634918093381
my 0.4621846066024344 0.5560937835922176 0.8284306891811068 1.0 0.46036550140375215 0.8880677284761118
wish 0.4616496516031592 0.5562192596558696 0.8286483560868627 1.0 0.46228767429772194 0.888871379495099
are 0.4600514170610657 0.5517825153069114 0.827785086056297 1.0 0.4595455657760875 0.8898532683468732
mice 0.46140082843436697 0.552441213701501 0.8299551528544966 1.0 0.4602759441074089 0.8881755292674205
m 0.46140082843436697 0.552441213701501 0.8299551528544966 1.0 0.4602759441074089 0.8881755292674205
afraid 0.46140082843436697 0.552441213701501 0.8299551528544966 1.0 0.4602759441074089 0.8881755292674205
might 0.4616483740686906 0.5541608272434554 0.8267132469261013 1.0 0.45941962598893904 0.886378750828313
catch 0.46027165176297546 0.5511264627275204 0.8277948665707596 1.0 0.4597433140442548 0.8881739168424548
bat 0.46210315107368777 0.5549786883498737 0.8277848695373808 1.0 0.4613624213780919 0.8884827986063755
mouse 0.4604199993141752 0.5532980661916242 0.8300398203139026 1.0 0.46048313767124766 0.8864818026956645
cats 0.46021996507606155 0.5560612752622985 0.8279035438455811 1.0 0.4569072985797886 0.8829903462356652
eat 0.4614760631087397 0.5577424578820696 0.8273255202526819 1.0 0.4594718616911743 0.8858845148398893
bats 0.4597662334261449 0.5566626741052724 0.8268634391484975 1.0 0.4559716756679923 0.8825509264817184
saying 0.4604008030645644 0.5567928000075676 0.8279505585245749 1.0 0.4576444175765254 0.8873881887949134
dreamy 0.45800584591821636 0.5568923095837095 0.8276150827343087 1.0 0.4566054086677251 0.8894216163394076
sometimes 0.4631861495059245 0.5607341901325397 0.828197703943685 1.0 0.4582904172048412 0.8864392872885088
couldn't 0.4614669556292635 0.5599828613464247 0.8297447364303296 1.0 0.45771879345089306 0.8798789504327788
answer 0.4614669556292635 0.5599828613464247 0.8297447364303296 1.0 0.45771879345089306 0.8798789504327788
question 0.4614669556292635 0.5599828613464247 0.8297447364303296 1.0 0.45771879345089306 0.8798789504327788
matter 0.4592657234083589 0.558201904198696 0.8306074211119355 1.0 0.459610596858715 0.8825209510529992
felt 0.4620382096088353 0.5562964688886773 0.8285408630575112 1.0 0.45694915201258224 0.884980765476345
dozing 0.4632115319500881 0.5589602540065169 0.8309868766253687 1.0 0.4602108623183438 0.8869267500026717
begun 0.4626718207308269 0.556913103504632 0.82808451608124 1.0 0.45963551687144893 0.886611969401134
dream 0.46284258482968804 0.5586586178932418 0.829638204233036 1.0 0.45768580895015404 0.88843923890313
walking 0.46284258482968804 0.5586586178932418 0.829638204233036 1.0 0.45768580895015404 0.88843923890313
hand 0.4628076453993977 0.5576742431486598 0.8289590066728018 1.0 0.45818075004224496 0.8869033092407549
earnestly 0.46407174633566495 0.5575129850900085 0.8290423385267145 1.0 0.46056374632470254 0.8851853136921723
now 0.4637553554847145 0.5573549479545791 0.8273559916977596 1.0 0.45840870763989605 0.886253455401831
tell 0.46562666098418704 0.5594035945414001 0.8290278758059052 1.0 0.46246367821498024 0.8877765707862209
truth 0.46562666098418704 0.5594035945414001 0.8290278758059052 1.0 0.46246367821498024 0.8877765707862209
ever 0.4629675420325312 0.5559779072432167 0.826819878467483 1.0 0.46227648922171466 0.8875738225112002
thump 0.46357608141119694 0.5581111115248742 0.8260078648087048 1.0 0.46267895253392644 0.8874012295797573
came 0.4632793233717154 0.5553357269726593 0.8257543641159396 1.0 0.463539160034314 0.8890787901003558
heap 0.4629310060723288 0.5551418192725718 0.8222446032583421 1.0 0.4601668145908975 0.8858282638618947
sticks 0.4629310060723288 0.5551418192725718 0.8222446032583421 1.0 0.4601668145908975 0.8858282638618947
dry 0.4629310060723288 0.5551418192725718 0.8222446032583421 1.0 0.4601668145908975 0.8858282638618947
leaves 0.4629310060723288 0.5551418192725718 0.8222446032583421 1.0 0.4601668145908975 0.8858282638618947
bit 0.46351592212507925 0.5571542195685778 0.8276618143423935 1.0 0.4628423023035749 0.8819627287334189
hurt 0.46351592212507925 0.5571542195685778 0.8276618143423935 1.0 0.4628423023035749 0.8819627287334189
jumped 0.46351592212507925 0.5571542195685778 0.8276618143423935 1.0 0.4628423023035749 0.8819627287334189
overhead 0.46393246578228214 0.5562485878111064 0.8289754144047968 1.0 0.46389263262797675 0.882671033315725
long 0.46451932453233274 0.5557653103583543 0.826721447492176 1.0 0.46151039479233064 0.8848516225462524
passage 0.4644696370476727 0.5558742831887202 0.8274316539641315 1.0 0.4620071370211263 0.8841822448612672
sight 0.4642018562668611 0.5578220333612778 0.8257183260123103 1.0 0.46281234191751963 0.882585487346473
hurrying 0.4642018562668611 0.5578220333612778 0.8257183260123103 1.0 0.46281234191751963 0.882585487346473
lost 0.46181577805844154 0.5544018744237655 0.8239604198485349 1.0 0.45781131692158755 0.8875372171689505
away 0.46181577805844154 0.5544018744237655 0.8239604198485349 1.0 0.45781131692158755 0.8875372171689505
wind 0.46249126416983916 0.5571557947638714 0.8230660880380211 1.0 0.4584006791782763 0.8941271495657372
turned 0.46160959223973563 0.5548551313894647 0.8249086594109507 1.0 0.45965306939391326 0.8916326908869484
corner 0.46160959223973563 0.5548551313894647 0.8249086594109507 1.0 0.45965306939391326 0.8916326908869484
ears 0.46337381643865 0.5568916353432822 0.8257385024984046 1.0 0.45408794052571905 0.8854195349530752
whiskers 0.4624784983810791 0.5558381424767033 0.8260766844566098 1.0 0.4583448147466328 0.8950866770346466
it's 0.4620791867184591 0.5584983518244497 0.8263684627398672 1.0 0.4562860650409916 0.8890942535363341
behind 0.46001331327168254 0.5540254341220258 0.8236162165171114 1.0 0.46242532004367737 0.8885378318029076
longer 0.4612329623305147 0.5521364248598502 0.8246924738283982 1.0 0.4616160106616479 0.8885152420173933
low 0.4636301861513208 0.5552028229491356 0.8256945945482551 1.0 0.46157215926126627 0.8941964212876716
hall 0.46359661965367266 0.5543385194558587 0.8261923230123678 1.0 0.4611357201721123 0.8910204775611326
lit 0.46067442641847206 0.5512129925293467 0.8257181481127227 1.0 0.4598304158201507 0.8943577273455987
row 0.46067442641847206 0.5512129925293467 0.8257181481127227 1.0 0.4598304158201507 0.8943577273455987
lamps 0.46067442641847206 0.5512129925293467 0.8257181481127227 1.0 0.4598304158201507 0.8943577273455987
hanging 0.46067442641847206 0.5512129925293467 0.8257181481127227 1.0 0.4598304158201507 0.8943577273455987
roof 0.46095919883195086 0.553557033402088 0.8256828339147556 1.0 0.46263706841374297 0.8927173251990113
doors 0.4617983699608798 0.5540966999904781 0.8248500495708918 1.0 0.4627668786967298 0.8923543139706305
around 0.46128580983441975 0.5530402766439968 0.8286280481099745 1.0 0.46204611509497673 0.8935513125194863
locked 0.4625974183103084 0.5522743699535257 0.8282042998216055 1.0 0.4604498879658058 0.8910502069161522
been 0.4612878730799852 0.5534566544329442 0.8253830708584966 1.0 0.46078895987468527 0.8913851033393531
side 0.4612878730799852 0.5534566544329442 0.8253830708584966 1.0 0.46078895987468527 0.8913851033393531
other 0.4626490211643891 0.5536061263818217 0.827155326408975 1.0 0.4603707188203029 0.8893829245016867
trying 0.46294982685180547 0.5556807077278452 0.8272652413591522 1.0 0.45948343479765347 0.8822606964501536
every 0.46164515992244487 0.5535761107336664 0.8251016119923663 1.0 0.4631688706660229 0.8910275597290236
door 0.4630294329848965 0.5558920833659711 0.8251486347671259 1.0 0.4618512003749446 0.8891567530214264
walked 0.4623306461795808 0.5535835645447453 0.8254463714172612 1.0 0.4638987110272816 0.8917850478916574
sadly 0.4623306461795808 0.5535835645447453 0.8254463714172612 1.0 0.4638987110272816 0.8917850478916574
middle 0.4623306461795808 0.5535835645447453 0.8254463714172612 1.0 0.4638987110272816 0.8917850478916574
wondering 0.463376854672351 0.553673225251101 0.8254842815833975 1.0 0.4653328773558207 0.8898548343049882
three 0.46343643643488713 0.5533090756008586 0.8287342178996476 1.0 0.46610822291731474 0.8897746073853496
legged 0.46343643643488713 0.5533090756008586 0.8287342178996476 1.0 0.46610822291731474 0.8897746073853496
table 0.4639447313400631 0.5573642482533085 0.827759524362831 1.0 0.4618863702308487 0.8844222180070134
solid 0.4646943221459045 0.5564347799464091 0.8271308269482153 1.0 0.4653169500294475 0.88807602853687
glass 0.4638841853412646 0.5574698173366169 0.8270693263227604 1.0 0.4611043106122185 0.8829984557466769
except 0.4631160766563454 0.5541679420488355 0.8244950660315629 1.0 0.46364308787061126 0.8866314789306694
tiny 0.4631160766563454 0.5541679420488355 0.8244950660315629 1.0 0.46364308787061126 0.8866314789306694
golden 0.4627321076985141 0.5547142431983364 0.8253814975514914 1.0 0.4606364111684297 0.8851450848572906
key 0.46271074436781107 0.5551031296810971 0.8251920421738648 1.0 0.4617607517376307 0.886193160778107
belong 0.462635592597503 0.5546351135136006 0.8240191988896988 1.0 0.46289638756999363 0.891992145627045
alas 0.4625384243743097 0.5557653396460838 0.8238083068545141 1.0 0.4618778944575567 0.8891092706344306
locks 0.46220162874582654 0.5542960157323682 0.8238511285456639 1.0 0.46391516510319725 0.8885643698179552
small 0.4638014792122597 0.5572181332386723 0.8259087161796063 1.0 0.46167890775931275 0.8880942839349103
any 0.4646058539911792 0.5562916715081222 0.8263475891678725 1.0 0.46099668300369046 0.8863978534948053
rate 0.46383448357254975 0.5558079348324165 0.8264086434941702 1.0 0.461822428739455 0.8869463863129233
open 0.46610302628097416 0.5557320048744534 0.8256753897515233 1.0 0.46290426329337675 0.8894133359549646
however 0.4637920443093252 0.5561193116112547 0.8255842416438153 1.0 0.46043173710048013 0.889233997147399
second 0.4642051991805088 0.5564294747327426 0.8251941886055231 1.0 0.46352436334747504 0.8935815571977025
round 0.4650414364212416 0.555572266731742 0.8260527782488387 1.0 0.464106047147921 0.8903311914993942
curtain 0.46403066260460624 0.5542885150819681 0.8260726941468979 1.0 0.4643465393717274 0.8948444340004525
fifteen 0.4609122574863875 0.5547633799562656 0.8240695063951446 1.0 0.46127081607250137 0.8872329397536429
inches 0.46279221043564306 0.5560037249034862 0.8263571981567651 1.0 0.46111591317234113 0.8868237563890109
high 0.46279221043564306 0.5560037249034862 0.8263571981567651 1.0 0.46111591317234113 0.8868237563890109
lock 0.4633826282966921 0.5557551716088431 0.8258661066984562 1.0 0.4621597379082881 0.8925239102600223
delight 0.4633826282966921 0.5557551716088431 0.8258661066984562 1.0 0.4621597379082881 0.8925239102600223
fitted 0.4628266647347395 0.5555078553538532 0.8256188031711205 1.0 0.4612099366603879 0.8892623833081492
opened 0.46320224894405065 0.5562209450489587 0.8237921163173363 1.0 0.4614009883293051 0.8863690273351538
led 0.4639597102389546 0.5568238377453559 0.8275683479789551 1.0 0.45957684375595004 0.8870098297289817
larger 0.46482399589354606 0.5565886151760696 0.8249659376915686 1.0 0.4623265717866361 0.887722896049743
than 0.46460165827050426 0.5529640427599611 0.8253214222146148 1.0 0.4621946894660256 0.8880315976027267
rat 0.46460165827050426 0.5529640427599611 0.8253214222146148 1.0 0.4621946894660256 0.8880315976027267
knelt 0.46460165827050426 0.5529640427599611 0.8253214222146148 1.0 0.4621946894660256 0.8880315976027267
along 0.4647762649799784 0.554455960876095 0.8275288061981365 1.0 0.4635339255754255 0.8877359695184202
loveliest 0.4648407770252643 0.5556147538885471 0.8277274902217173 1.0 0.46159587696912097 0.8841805156032885
garden 0.46343345987098394 0.5563980242335754 0.8265304897171667 1.0 0.4615828428485466 0.8845397564317287
longed 0.4672366219256548 0.5535655276459063 0.8268069269490398 1.0 0.4608049833460141 0.8850103160149951
wander 0.46650485102479067 0.5558176687411327 0.8275930493895449 1.0 0.46226298386130604 0.8850298500497219
those 0.46597386064585894 0.5564338035863183 0.8293481839147967 1.0 0.4634552170269664 0.8862483046427788
beds 0.46544259007923394 0.557050263547378 0.8311042445718837 1.0 0.4646480792983015 0.8874674021777711
bright 0.46544259007923394 0.557050263547378 0.8311042445718837 1.0 0.4646480792983015 0.8874674021777711
flowers 0.46544259007923394 0.557050263547378 0.8311042445718837 1.0 0.4646480792983015 0.8874674021777711
cool 0.46544259007923394 0.557050263547378 0.8311042445718837 1.0 0.4646480792983015 0.8874674021777711
fountains 0.4660326858295235 0.5566730393350829 0.8285144830258401 1.0 0.46558116908668173 0.8913059796560502
head 0.46487090953713633 0.5563777239448647 0.8295195021986884 1.0 0.46352831393706084 0.8851894447111408
doorway 0.4649459261902614 0.55573799194156 0.8293395464874861 1.0 0.4640467211478321 0.8882602237421531
go 0.4664533840260967 0.558966153531607 0.8315065234848206 1.0 0.4629625564453674 0.8813079975484046
poor 0.4639091758692233 0.5589071976037716 0.828625123139885 1.0 0.45951968643760766 0.8860530939099803
shoulders 0.46512284131460074 0.5567831316446215 0.8315346565140436 1.0 0.4638465052918717 0.8838089459800282
shut 0.46639531503417947 0.5592547013716183 0.8292157249375139 1.0 0.46368121158179165 0.8841655606067573
telescope 0.4654132281840189 0.5576464028827421 0.8266327220109806 1.0 0.46183612766043636 0.8825585115527304
only 0.4642652721532087 0.5554468905193553 0.8272080059880683 1.0 0.46117949925935203 0.8864153561054376
begin 0.4638469986476941 0.5536430793504526 0.825757811920368 1.0 0.4613988198964168 0.8864186670174723
happened 0.46194201667477286 0.5562191480395526 0.8247625972610608 1.0 0.4613004882939173 0.8866130652912871
lately 0.46250219160125244 0.5551791905312711 0.8265411543876697 1.0 0.4615722662222751 0.8847968446929031
few 0.46291396387952605 0.5555767383613787 0.8257221253550165 1.0 0.4593370887644451 0.8828253626406797
indeed 0.46271550272959133 0.5542361572207716 0.8252624513421419 1.0 0.4602245925254554 0.8836075518579382
really 0.46495236252591127 0.5550338663977978 0.8278156082889258 1.0 0.46102717640686647 0.8848626798141992
impossible 0.46495236252591127 0.5550338663977978 0.8278156082889258 1.0 0.46102717640686647 0.8848626798141992
waiting 0.46485361504848544 0.557287351504949 0.8266773104230996 1.0 0.4644364452931659 0.8903309872139306
back 0.46393837150240363 0.5590237131987539 0.8279790550160095 1.0 0.46137287487547063 0.8837700035140583
half 0.4633993305657689 0.558055228635208 0.8259397882551774 1.0 0.46255532467166116 0.8894322254363437
hoping 0.4633993305657689 0.558055228635208 0.8259397882551774 1.0 0.46255532467166116 0.8894322254363437
find 0.46015668574397484 0.5532332661228785 0.8264427545759861 1.0 0.4599242310903034 0.8848622152855428
rules 0.46447073736336736 0.5562825156377851 0.828691655887768 1.0 0.4602140650215286 0.8843170288100617
shutting 0.46355278154113533 0.555257487407787 0.8268894914249951 1.0 0.4604099333699059 0.8831736411465371
telescopes 0.4642456627744741 0.555681908655752 0.829990338474773 1.0 0.4604500576154137 0.8878882205670174
bottle 0.46409575197902686 0.5554875440456919 0.8279830810959437 1.0 0.4611654470503202 0.8890422411057539
certainly 0.4629325890697761 0.5543083096790524 0.8288372967091868 1.0 0.46248224341728256 0.8854373191917453
neck 0.4658774693583963 0.5547152681577476 0.8269111581275951 1.0 0.464687588835488 0.8870816199074827
paper 0.4658774693583963 0.5547152681577476 0.8269111581275951 1.0 0.464687588835488 0.8870816199074827
label 0.4653474708848992 0.5547525447907466 0.8273767856322156 1.0 0.46407766619705065 0.8848023659032057
drink 0.4653203980568384 0.5559814775807913 0.8281078087507403 1.0 0.46346678661423246 0.8879197903203585
beautifully 0.4641280927513903 0.5580395676280191 0.8262637936923815 1.0 0.46366098094770297 0.8882419808487209
printed 0.463784088429707 0.5557089157819398 0.8256510139027321 1.0 0.4629373633239612 0.8862620849304698
letters 0.46185258121275724 0.5535033552944186 0.8270430157465025 1.0 0.46088807508573265 0.8841264170827342
wise 0.46409506959727576 0.5559725365643429 0.8264732521476957 1.0 0.45932897200319966 0.8825179973656667
hurry 0.4646245974491881 0.5580480743947744 0.8256396945690461 1.0 0.4553948447462075 0.884885593562311
marked 0.46345017957190954 0.5565901028524737 0.8265643329321406 1.0 0.4596595001824406 0.8890919882096833
poison 0.4631154396830246 0.5549787975533873 0.8264546836425689 1.0 0.45849601032730763 0.8884239493328591
read 0.4639842312740939 0.5559535468804259 0.8266129788568627 1.0 0.4589938722197242 0.886068965688762
histories 0.46449452101864674 0.5562267864745166 0.8245816849398252 1.0 0.45885898618979165 0.8858425211708082
children 0.4649783324306375 0.5578447328050793 0.8268999668852111 1.0 0.45696227872321854 0.8895346571283692
who 0.4649783324306375 0.5578447328050793 0.8268999668852111 1.0 0.45696227872321854 0.8895346571283692
d 0.4632640712774423 0.5571670040307208 0.8263892977637456 1.0 0.4578901489956463 0.8881412877847871
gotten 0.4649783324306375 0.5578447328050793 0.8268999668852111 1.0 0.45696227872321854 0.8895346571283692
burnt 0.4649783324306375 0.5578447328050793 0.8268999668852111 1.0 0.45696227872321854 0.8895346571283692
eaten 0.4641694715634005 0.5559147311392924 0.8267024917454108 1.0 0.4565738988205405 0.8906819333151643
wild 0.4641694715634005 0.5559147311392924 0.8267024917454108 1.0 0.4565738988205405 0.8906819333151643
beasts 0.4641694715634005 0.5559147311392924 0.8267024917454108 1.0 0.4565738988205405 0.8906819333151643
unpleasant 0.4636551913695484 0.5536362110684304 0.8292137645372324 1.0 0.45756613099577215 0.8877345064783981
because 0.4636551913695484 0.5536362110684304 0.8292137645372324 1.0 0.45756613099577215 0.8877345064783981
simple 0.46475244743577937 0.5564770117870944 0.8298555766558489 1.0 0.4594405650342395 0.8843767122778932
friends 0.46540193389680096 0.5561433616984126 0.8297323942506916 1.0 0.45865468490948236 0.8815956127883798
taught 0.46540193389680096 0.5561433616984126 0.8297323942506916 1.0 0.45865468490948236 0.8815956127883798
red 0.46739125883562144 0.5572469303740176 0.8312729243026895 1.0 0.45918657606342406 0.8838163806375181
poker 0.4658050659453226 0.5569252587900329 0.8301655891476771 1.0 0.45910977078345444 0.880534550549515
will 0.4658050659453226 0.5569252587900329 0.8301655891476771 1.0 0.45910977078345444 0.880534550549515
burn 0.4658050659453226 0.5569252587900329 0.8301655891476771 1.0 0.45910977078345444 0.880534550549515
hold 0.4658050659453226 0.5569252587900329 0.8301655891476771 1.0 0.45910977078345444 0.880534550549515
cut 0.4656475788262656 0.554831905230775 0.8276405393504819 1.0 0.4628284942200112 0.8832617602256987
your 0.4638899859799792 0.556557307256326 0.8290844252146445 1.0 0.46174019589679244 0.8877852621818527
finger 0.4638899859799792 0.556557307256326 0.8290844252146445 1.0 0.46174019589679244 0.8877852621818527
deeply 0.4638899859799792 0.556557307256326 0.8290844252146445 1.0 0.46174019589679244 0.8877852621818527
knife 0.4638899859799792 0.556557307256326 0.8290844252146445 1.0 0.46174019589679244 0.8877852621818527
usually 0.46593281126595204 0.5560127030288448 0.8303501059709317 1.0 0.4640796138063503 0.8921074862097773
bleeds 0.46593281126595204 0.5560127030288448 0.8303501059709317 1.0 0.4640796138063503 0.8921074862097773
forgotten 0.46378625402761237 0.5561288018774891 0.8280143613683769 1.0 0.46106221315312423 0.8916175847614094
almost 0.4648168186704498 0.5563478748005679 0.8300316593351859 1.0 0.4604646261805237 0.8908396219236946
certain 0.4648168186704498 0.5563478748005679 0.8300316593351859 1.0 0.4604646261805237 0.8908396219236946
disagree 0.4648168186704498 0.5563478748005679 0.8300316593351859 1.0 0.4604646261805237 0.8908396219236946
sooner 0.46505633600836516 0.5561008307726849 0.8287190618650858 1.0 0.4583263424616384 0.8891984290554913
later 0.46505633600836516 0.5561008307726849 0.8287190618650858 1.0 0.4583263424616384 0.8891984290554913
ventured 0.46424086512555063 0.5557479838651044 0.8266936218636229 1.0 0.45743567500374954 0.888865276778937
taste 0.46424086512555063 0.5557479838651044 0.8266936218636229 1.0 0.45743567500374954 0.888865276778937
finding 0.4629946011849338 0.5576055719733537 0.8258059781874493 1.0 0.45955016702592216 0.8889560640016677
fact 0.4616748253029742 0.55312792462979 0.8254245923650031 1.0 0.4573527715876071 0.8861079665560437
mixed 0.4616748253029742 0.55312792462979 0.8254245923650031 1.0 0.4573527715876071 0.8861079665560437
flavor 0.4616748253029742 0.55312792462979 0.8254245923650031 1.0 0.4573527715876071 0.8861079665560437
cherry 0.46351685809842763 0.5543116415503927 0.825615562838554 1.0 0.4595745514059318 0.8892685007951916
tart 0.46351685809842763 0.5543116415503927 0.825615562838554 1.0 0.4595745514059318 0.8892685007951916
custard 0.4627567376816333 0.5517987792397168 0.8247344128686104 1.0 0.4611790301593807 0.8870439702743471
pine 0.4627567376816333 0.5517987792397168 0.8247344128686104 1.0 0.4611790301593807 0.8870439702743471
apple 0.4627567376816333 0.5517987792397168 0.8247344128686104 1.0 0.4611790301593807 0.8870439702743471
roast 0.4627567376816333 0.5517987792397168 0.8247344128686104 1.0 0.4611790301593807 0.8870439702743471
turkey 0.4631776441777145 0.5524624153884704 0.827058877095686 1.0 0.4632154797820138 0.8899691258150005
toffee 0.4631776441777145 0.5524624153884704 0.827058877095686 1.0 0.4632154797820138 0.8899691258150005
buttered 0.4631776441777145 0.5524624153884704 0.827058877095686 1.0 0.4632154797820138 0.8899691258150005
toast 0.4634856458267797 0.5536316319657626 0.8276991419471551 1.0 0.46389421799217073 0.8868280854281697
finished 0.4620212834060058 0.5525420727495377 0.8235291961495136 1.0 0.4626064350991894 0.8830526762491727
curious 0.4635350427714022 0.5589615048081629 0.8235954937566978 1.0 0.4534296479111373 0.8871884508006741
feeling 0.46286007510372634 0.5569837793139943 0.8230788100690685 1.0 0.45832208762357746 0.8849247837776201
ten 0.46468378599767074 0.5572517381538049 0.8286590333337821 1.0 0.4609600526011782 0.886412043290961
face 0.46468378599767074 0.5572517381538049 0.8286590333337821 1.0 0.4609600526011782 0.886412043290961
brightened 0.46311104928926444 0.554454675061419 0.8280620905861601 1.0 0.45892455874642574 0.885227695673446
size 0.4620589830376069 0.5550580374735137 0.8283196886253763 1.0 0.46076095504615383 0.8902452006781455
lovely 0.46352297335532106 0.5565498236186509 0.8278029770048583 1.0 0.46058503367454573 0.8844593490819191
waited 0.4635755776066929 0.5561125310378645 0.8252612903687344 1.0 0.4600489842212536 0.881807135359558
minutes 0.46388140258864424 0.556582588899119 0.8267766922990623 1.0 0.45734690707509695 0.8817039035240836
shrink 0.4646520283002684 0.5578322491107927 0.8269024566305326 1.0 0.45740637584788085 0.8822493222880201
further 0.4646520283002684 0.5578322491107927 0.8269024566305326 1.0 0.45740637584788085 0.8822493222880201
nervous 0.463250390541321 0.5552199433511514 0.8290836257434483 1.0 0.4549394499140412 0.8846141439221498
altogether 0.4616004597766921 0.5576480843386162 0.8267338239414052 1.0 0.45568065213275843 0.8857825293419331
candle 0.46226194836245216 0.5567898451688594 0.8271727304242227 1.0 0.4590894284761176 0.8854932995088959
flame 0.46085941450281265 0.5544745783437349 0.8246542150199104 1.0 0.4573352863677024 0.8834410396170234
blown 0.4595017301997333 0.5571428305430424 0.8263773118120734 1.0 0.4606257445362059 0.886982921027337
thing 0.46147915262189887 0.5576663465848746 0.8279044644367419 1.0 0.46090722060329153 0.8836076383895014
while 0.46176763672550625 0.5593635641466899 0.8255358643408727 1.0 0.4629009289320227 0.8876884689648624
more 0.4617518583688405 0.5594579117559236 0.824920842410136 1.0 0.4616586848804472 0.8890465947192506
decided 0.46193568726551393 0.5570302548619468 0.8240615975107792 1.0 0.46256644323392937 0.8849795778620984
possibly 0.46391635477542187 0.5569201630011958 0.8287481597406726 1.0 0.45834402846867595 0.8744108790758945
reach 0.4648101611206765 0.55792994917524 0.8267260368621244 1.0 0.46158276167451184 0.881375455262536
plainly 0.46274399846380576 0.5560624604970293 0.8288902473692544 1.0 0.4581742092992099 0.8732314784029697
best 0.4657143575922541 0.5567884475234286 0.830539202307069 1.0 0.4582115444200016 0.8762663173476608
climb 0.4657143575922541 0.5567884475234286 0.830539202307069 1.0 0.4582115444200016 0.8762663173476608
legs 0.46535281782794574 0.5568687618457968 0.8303081250307203 1.0 0.45731995038209466 0.8788327800315467
slippery 0.4633671386340577 0.5552745836912608 0.8276663970920163 1.0 0.4595145322689672 0.8825166016584675
sat 0.4634760585746804 0.5576180833414026 0.8298208422805408 1.0 0.4614334584212916 0.8802576547304265
cried 0.46315245581691805 0.5575213845448111 0.8293434468056678 1.0 0.46019377175828813 0.8766798107186036
crying 0.46367504164873197 0.5591467150993618 0.825080529207396 1.0 0.45902577559055446 0.8810830876592373
sharply 0.46380882349113306 0.5575464562092151 0.8282357963345213 1.0 0.45766692609434667 0.8851660814359974
advise 0.4631948736739508 0.5576114510513394 0.8284910000102521 1.0 0.45731918901656793 0.887675883485077
leave 0.4631948736739508 0.5576114510513394 0.8284910000102521 1.0 0.45731918901656793 0.887675883485077
minute 0.46186439982779504 0.5555090938203308 0.8272769128880193 1.0 0.4583042881147235 0.8863975441898175
generally 0.46265386218074545 0.5589278349315471 0.8280117598707842 1.0 0.4579165737593502 0.8816777453066238
gave 0.46265386218074545 0.5589278349315471 0.8280117598707842 1.0 0.4579165737593502 0.8816777453066238
advice 0.46265386218074545 0.5589278349315471 0.8280117598707842 1.0 0.4579165737593502 0.8816777453066238
seldom 0.4628983796770253 0.5629023656731 0.8305031982687905 1.0 0.4595550995188519 0.8807419038996068
followed 0.4628983796770253 0.5629023656731 0.8305031982687905 1.0 0.4595550995188519 0.8807419038996068
scolded 0.46680675343228883 0.5641915323859555 0.8305907227763213 1.0 0.46231655711576986 0.8920487340114553
severely 0.46437956955119736 0.5543341544896023 0.8308807262897856 1.0 0.45903056489722366 0.898942276792464
bring 0.46437956955119736 0.5543341544896023 0.8308807262897856 1.0 0.45903056489722366 0.898942276792464
tears 0.4643458239634625 0.5533932219604899 0.8320392373402998 1.0 0.4603271070001935 0.8905859340533898
remembered 0.46350641025840683 0.5562725824002916 0.8270202024134754 1.0 0.45346324121743775 0.8751906081509636
box 0.4638598166052138 0.5580928364802322 0.826106066866679 1.0 0.45665584518381214 0.8814441408308901
cheated 0.46427423798580325 0.5579511333270643 0.8253983928363116 1.0 0.4498068012818271 0.8756972882542259
game 0.46449908884979946 0.5584826079987176 0.8220552131711824 1.0 0.4471139159210843 0.8817240037458398
croquet 0.46449908884979946 0.5584826079987176 0.8220552131711824 1.0 0.4471139159210843 0.8817240037458398
playing 0.46449908884979946 0.5584826079987176 0.8220552131711824 1.0 0.4471139159210843 0.8817240037458398
against 0.46449908884979946 0.5584826079987176 0.8220552131711824 1.0 0.4471139159210843 0.8817240037458398
child 0.4540770847553931 0.5583079614817161 0.8272663495499482 1.0 0.45033089734226184 0.8873633827403526
fond 0.4540770847553931 0.5583079614817161 0.8272663495499482 1.0 0.45033089734226184 0.8873633827403526
pretending 0.4540770847553931 0.5583079614817161 0.8272663495499482 1.0 0.45033089734226184 0.8873633827403526
two 0.4641598246243845 0.5629538134150872 0.82786657549328 1.0 0.4551186893349795 0.890597200963057
pretend 0.46308739048447745 0.562495834816034 0.828502243855332 1.0 0.4553123385008858 0.8921031884247493
hardly 0.46293024413591044 0.5608385815703085 0.8264936233855793 1.0 0.458264638982444 0.8938135329421603
enough 0.46293024413591044 0.5608385815703085 0.8264936233855793 1.0 0.458264638982444 0.8938135329421603
respectable 0.46368150433984945 0.5598326455001702 0.8282299963839973 1.0 0.46133181076958824 0.8901056188133463
person 0.46368150433984945 0.5598326455001702 0.8282299963839973 1.0 0.46133181076958824 0.8901056188133463
eye 0.4622892635452241 0.5589466056804916 0.827082910338588 1.0 0.45854482555017845 0.8877287819390894
lying 0.46421024055389304 0.5598977294258607 0.8251996457148499 1.0 0.4598215067475447 0.8876448999137244
cake 0.46352412047387326 0.5598958749510543 0.8262475825841692 1.0 0.4634113417835118 0.8913749230484299
currants 0.46444878380792265 0.5613969882898141 0.8268914413786627 1.0 0.46313045161808886 0.8910848981507128
makes 0.46419367538823275 0.5579996587782345 0.8252592961440159 1.0 0.46295029404626886 0.8875993871638506
grow 0.46507946507079656 0.5583514273993537 0.8248922459400095 1.0 0.46415294377051775 0.888244247284445
can 0.46550937441389156 0.558884401829651 0.8252966939881019 1.0 0.4640082396965628 0.8893279744171411
smaller 0.4644612701867689 0.5577705670899169 0.825062947940553 1.0 0.4635116229055923 0.8882107010749514
creep 0.4653219264751829 0.5588378935325157 0.8258740072530036 1.0 0.4632203800728076 0.8903830542459192
