word v0 v1 v2 v3 v4 v5
alice 0.6417011672461916 0.6934308786546147 0.8314527876803123 1.0 0.5389027482905123 0.6825280375943242
was 0.6419966150626941 0.693305347857216 0.8319258511560216 1.0 0.5394700576411133 0.6829667291676731
beginning 0.6456832662467785 0.700477023738797 0.8373712842247334 1.0 0.537383039665575 0.6845496310470046
to 0.6411017121549941 0.6929977386233583 0.8317892945651089 1.0 0.538977317316467 0.6823959157876106
get 0.6410556399368136 0.6940818281847645 0.8311523645090424 1.0 0.5390514535674715 0.6826672965478372
very 0.6427406743839811 0.6949669330667123 0.832671759165694 1.0 0.5388911945672841 0.6830195521501798
tired 0.643164207719222 0.6962508838787287 0.8333758944446706 1.0 0.5390778211926405 0.6823922129345832
of 0.6417269474302545 0.6937508682500947 0.8317714967670132 1.0 0.538706795253255 0.6821613973087368
sitting 0.6429161615972482 0.6989228630460467 0.833931947389084 1.0 0.535383189222921 0.6795278904218579
by 0.6429196635743545 0.6946590715103792 0.8324378127515493 1.0 0.5393060991579338 0.6825070398072358
her 0.6410671179510522 0.693766303207625 0.832259569953222 1.0 0.5377881530559624 0.6817632557056192
sister 0.6430871083271483 0.6990620519238998 0.8342803360567683 1.0 0.535196842793475 0.6802716222276692
on 0.64198527551043 0.6937008993886595 0.8321006101728353 1.0 0.5394097090442523 0.6819961364803994
the 0.6412763706349192 0.6926432465985646 0.8313757395476223 1.0 0.5387008408278882 0.6815884936193543
bank 0.6405699413821311 0.6971756099801766 0.8328514519961717 1.0 0.5357767364625435 0.678487352778671
and 0.6415298973286717 0.6934305566075 0.8312048263185267 1.0 0.5388693441831983 0.682043883990139
having 0.6413158331055805 0.6954056109292897 0.8332730896905504 1.0 0.5393758910888777 0.6834237214338899
nothing 0.6422646026765718 0.6933498349123921 0.8331288898081513 1.0 0.5401774576364742 0.682184132342582
do 0.6418082416744701 0.6922220814882918 0.8290706295680633 1.0 0.5386261619624536 0.6818782921664311
once 0.6389339745559711 0.6935647151221661 0.8313171617484607 1.0 0.5386187345307245 0.6811339123903233
or 0.6412254468641528 0.6935984762763756 0.832034662234823 1.0 0.5377296219117874 0.6812453610946092
twice 0.6411848559416468 0.6957326502236676 0.8327883465239041 1.0 0.5361882250677785 0.6802007860947721
she 0.6408222253076052 0.6925696754224017 0.8317367404181395 1.0 0.5392107102114926 0.6818357044731227
peeped 0.6432581121457528 0.6992012872847286 0.834628841070976 1.0 0.5350104341325005 0.6810156024072598
into 0.6399335721591527 0.6929121400732702 0.8299136092705488 1.0 0.5381905483226527 0.6798365177730552
book 0.6439726974154744 0.6988160745802909 0.8335316297086435 1.0 0.5375385060013235 0.6830256198875849
reading 0.6414149925991051 0.6996309202396068 0.8333150784890694 1.0 0.5353873352192985 0.6795412490025909
but 0.6414195474038638 0.6933005326078341 0.8316976848558661 1.0 0.5395753635267585 0.6826879586921446
it 0.6420986312668918 0.6937858907951161 0.832077673297864 1.0 0.5390236009420664 0.682428694364224
had 0.6407169085526623 0.6909351480968278 0.8310279977440973 1.0 0.5383432175993863 0.680238054825956
no 0.6432263531442424 0.6935125220009779 0.8323869511719622 1.0 0.5397990906107233 0.6842763733703889
pictures 0.6412128784711684 0.6985819934141315 0.8336730414593048 1.0 0.5365255460599583 0.6818002882832181
conversations 0.643608691842883 0.7008767938473209 0.8320651246616328 1.0 0.5359833107893343 0.6820744785128193
in 0.6413283784563366 0.6935214151520742 0.8313088694054311 1.0 0.5390877629402271 0.6828573308714189
what 0.6387124435987973 0.6913056454909432 0.830538932451344 1.0 0.5372702259214183 0.6799569476542536
s 0.6433804711529443 0.6943787151137245 0.8326495086422679 1.0 0.5402980885061046 0.6850920416339589
use 0.6440978644695841 0.6963457493988149 0.8316212196430216 1.0 0.5406163559965458 0.6841688349749323
a 0.6413886560613418 0.6929446512926157 0.8313163531935597 1.0 0.5388860120985214 0.681716397058293
thought 0.6397928215185961 0.6927764461520113 0.8301789667610148 1.0 0.538840972099719 0.6817076844078269
without 0.644760549181852 0.6976268328354991 0.8332433667526953 1.0 0.5397092663878352 0.6829390833226103
conversation 0.6421992822689884 0.7001561750553318 0.8339770675110628 1.0 0.5358640758134008 0.681614985043535
so 0.6416777613383531 0.6949389072186872 0.8326457712567071 1.0 0.5392060313408796 0.682572260978951
considering 0.637775143224799 0.6942124654104982 0.830338146044117 1.0 0.5349428071861178 0.6804395609250639
own 0.6403353976732583 0.696692392390606 0.8318219058242893 1.0 0.5384353486409083 0.6817834077079521
mind 0.6415536070872823 0.6975303811381236 0.8332979495641732 1.0 0.5347533780010978 0.6821677527929764
as 0.6403373189500955 0.6912367425003048 0.8312413821408012 1.0 0.5385879604675855 0.6817557630887534
well 0.6401414752511239 0.694150144763468 0.831983420268929 1.0 0.5383559390546194 0.6832338808439291
could 0.6432381646778997 0.693520861021774 0.8331610725832074 1.0 0.5408310475773207 0.6830303014249461
for 0.6399284909829157 0.6919621139140404 0.8312754633958317 1.0 0.5387355035179463 0.6825710449138059
hot 0.6430860734861793 0.6944844881199126 0.83126153535446 1.0 0.5380847019431169 0.6821909263883141
day 0.6411243952135993 0.6948759179952474 0.8325686390069219 1.0 0.537251491730771 0.6819642146619541
made 0.6421351856857122 0.6938654811041454 0.8324626298097387 1.0 0.5390745428495557 0.6829404093724882
feel 0.6406154587449965 0.6960567078327295 0.8335952713229856 1.0 0.5350715054849429 0.6814201602034282
sleepy 0.6384156100179993 0.6931768686834173 0.8290439115263564 1.0 0.5359712875742775 0.6804862363827504
stupid 0.6406154587449965 0.6960567078327295 0.8335952713229856 1.0 0.5350715054849429 0.6814201602034282
whether 0.6475875033037941 0.698183536661848 0.8382132660966738 1.0 0.5409112201870916 0.6859308291111876
pleasure 0.6449130858284282 0.6986808088151534 0.840730791950467 1.0 0.5381317079776797 0.6842613628953536
making 0.6449130858284282 0.6986808088151534 0.840730791950467 1.0 0.5381317079776797 0.6842613628953536
daisy 0.6455958619082455 0.6988606690543382 0.8415095865990229 1.0 0.5390044488667303 0.6858409367483121
chain 0.6455958619082455 0.6988606690543382 0.8415095865990229 1.0 0.5390044488667303 0.6858409367483121
would 0.644227784355098 0.693568012400472 0.8337815603202126 1.0 0.5397431787767457 0.6813984407201277
be 0.6422063613692236 0.6948343108294714 0.8321313745917515 1.0 0.5395712902355699 0.6828643882454242
worth 0.6455958619082455 0.6988606690543382 0.8415095865990229 1.0 0.5390044488667303 0.6858409367483121
trouble 0.6440230315449998 0.6976315187211496 0.8373667941330507 1.0 0.5356134579333173 0.6819376699868791
getting 0.6414691237165225 0.6948852529307529 0.8315835459990987 1.0 0.5370557432945315 0.6825322866916802
up 0.6435618779545059 0.6942890406417205 0.8316100461739778 1.0 0.5401740823681501 0.6829290014376849
picking 0.6440230315449998 0.6976315187211496 0.8373667941330507 1.0 0.5356134579333173 0.6819376699868791
daisies 0.6440230315449998 0.6976315187211496 0.8373667941330507 1.0 0.5356134579333173 0.6819376699868791
when 0.6410147243035464 0.6925503143828303 0.8315795566925516 1.0 0.5393158862845908 0.6821496553386586
suddenly 0.6414358170455361 0.6924067432270428 0.8324228811640817 1.0 0.5394888866728158 0.6812518636474383
white 0.6405301139824569 0.6944401944990222 0.832975397292968 1.0 0.5398279513809808 0.6821663041457225
rabbit 0.642116931730698 0.6958923024482093 0.8330226822615346 1.0 0.5389307944220902 0.6826555435894381
with 0.6420336553879934 0.6937204895780844 0.8317774385564326 1.0 0.5381571076349942 0.6816348417157377
pink 0.6374280343150438 0.6916588978098034 0.832318801174693 1.0 0.5365901414282425 0.6789290401775641
eyes 0.6379665950170588 0.6914219552527905 0.830086044424028 1.0 0.537621552469408 0.6803889469881991
ran 0.6415486286092473 0.6958471022011921 0.8338719906340227 1.0 0.5361946725630813 0.6808339048133123
close 0.6445215571946346 0.6951731818846192 0.8336293563640579 1.0 0.5414637991342334 0.6841753493109319
there 0.643574538354206 0.6933451284938423 0.8332051809791755 1.0 0.5408903104804044 0.6845182227297928
remarkable 0.6482271544614024 0.7013166110127449 0.8388176994910552 1.0 0.5404920416024129 0.6870696187639456
that 0.6421374378686434 0.6932229034503034 0.8316411510318318 1.0 0.5394204258547001 0.6827200759904835
nor 0.6482271544614024 0.7013166110127449 0.8388176994910552 1.0 0.5404920416024129 0.6870696187639456
did 0.6429381431176379 0.6929850892661986 0.8335956157340304 1.0 0.5389094530982019 0.6841904716756179
think 0.6421563194383166 0.6927398793101751 0.8330398751351572 1.0 0.5391276689481216 0.6828118121832455
much 0.6441302945197375 0.6953452584597283 0.8318509744084773 1.0 0.5386715587158755 0.682479875168286
out 0.6404148105531258 0.6921048496723422 0.8321472673902248 1.0 0.5388701576496948 0.6818702915136005
way 0.641629785536112 0.6926270425702774 0.8308800136915234 1.0 0.5392793938792171 0.6815721136878382
hear 0.6447992430455006 0.6954810039715495 0.8337480010151048 1.0 0.5414605823760996 0.6854251803046357
say 0.6421417594548313 0.6919127888662302 0.8322314446472799 1.0 0.5391478351513729 0.6811977851679702
itself 0.646001104354199 0.6985514272628552 0.8369741335938224 1.0 0.5398800742095451 0.6843758411085896
oh 0.6433278894950849 0.694272197298548 0.8335346899455193 1.0 0.5404467179041491 0.6834310723514957
dear 0.6421417691813804 0.6937369296111265 0.8334887448909283 1.0 0.5385972699455172 0.6831616422740766
i 0.6412139279265133 0.6932415230673591 0.8314650689518357 1.0 0.5395463598406599 0.6823813965989428
shall 0.6395195935929503 0.6909957192670548 0.8327019551889074 1.0 0.5384641939172149 0.6812060464317978
late 0.6414951295336022 0.6942075824670717 0.8311771935158407 1.0 0.5387642139491743 0.6832355191253805
over 0.6407249350054901 0.6907418091488611 0.8323680322156763 1.0 0.5375202610580668 0.6817058879497221
afterwards 0.639237392902171 0.6928687953814109 0.8331898511290327 1.0 0.5371896793430412 0.6826459337335538
occurred 0.639237392902171 0.6928687953814109 0.8331898511290327 1.0 0.5371896793430412 0.6826459337335538
ought 0.6435984364308034 0.6962621423248191 0.8355520485615555 1.0 0.5384869428254405 0.6828423589534692
have 0.6414347257043482 0.6926514273004516 0.8341338830217119 1.0 0.5385802359805391 0.6808337777686089
wondered 0.6435984364308034 0.6962621423248191 0.8355520485615555 1.0 0.5384869428254405 0.6828423589534692
at 0.6417252808486189 0.6937877034310378 0.832352409174823 1.0 0.5391451523028339 0.6825720430445255
this 0.6388405614732178 0.691051491974469 0.8311046126761477 1.0 0.5380881856533463 0.681344283978784
time 0.6406538699955743 0.6924182704857238 0.8314649327163094 1.0 0.5381196118729271 0.6810328016389418
all 0.642886497393078 0.6919765276029048 0.8314043384770531 1.0 0.5399431205358598 0.6820370316348459
seemed 0.6441797659014944 0.6963633073665721 0.8335095447961308 1.0 0.5407004860329117 0.6830307713980713
quite 0.644497451276436 0.6984073934961492 0.8368866925564233 1.0 0.5401575709264255 0.6840579822880875
natural 0.64366750331476 0.6998208586379975 0.8361022966573586 1.0 0.5393257357416188 0.6836329769953504
actually 0.642531083402445 0.6980563050525407 0.8339750634259802 1.0 0.5373781027873117 0.6844558018725867
took 0.6400444515177636 0.6959982594728557 0.8311891976924215 1.0 0.536585028093445 0.6830911590359147
watch 0.6435747436923851 0.6985177401678834 0.8346118157623754 1.0 0.537639803699437 0.6829040100257794
its 0.6461076242982012 0.6982329671127339 0.8342612586686848 1.0 0.5379727045634259 0.6837455854218347
waistcoat 0.6435747436923851 0.6985177401678834 0.8346118157623754 1.0 0.537639803699437 0.6829040100257794
pocket 0.643875167205924 0.6993301349256604 0.8355036931342728 1.0 0.5366880853747841 0.683563543673682
looked 0.6455029568902376 0.6971517235492648 0.8326633036747982 1.0 0.5383501336965346 0.6829718301068461
then 0.6387890714754728 0.6928425522372051 0.8313875339425988 1.0 0.5371397696901543 0.6798365944130416
hurried 0.6442498675674357 0.7006357808888999 0.83551724797657 1.0 0.5364292809491565 0.6854405628933029
started 0.6414148350717744 0.6974939546990752 0.8337076938256325 1.0 0.5353183903652605 0.6839665353130444
feet 0.6432250108347185 0.6959336595860298 0.8332090870000504 1.0 0.5381845686763779 0.6851432520262737
flashed 0.6419428512171215 0.6993560083256587 0.8335517625360173 1.0 0.5344256974467486 0.683599230148168
across 0.6389337008743354 0.6970805228985878 0.8306686272974165 1.0 0.5344999898841082 0.6809245071710929
she'd 0.6419428512171215 0.6993560083256587 0.8335517625360173 1.0 0.5344256974467486 0.683599230148168
never 0.6425012359470242 0.6958682124035487 0.8315825264553529 1.0 0.5381251222671514 0.6825248019201305
before 0.6406251108367144 0.6937400141729866 0.8326770273015376 1.0 0.5377838458233186 0.6800553806920583
seen 0.6412329017739801 0.6928063485855955 0.8328218669431869 1.0 0.5401177504184059 0.6823171984152143
either 0.6394961239711815 0.6942429897309805 0.8311681492148901 1.0 0.5383160052952929 0.6820319374278727
take 0.6377598593713942 0.6954274557371402 0.8318430873078453 1.0 0.5358505551379179 0.6822033163319249
burning 0.6377598593713942 0.6954274557371402 0.8318430873078453 1.0 0.5358505551379179 0.6822033163319249
curiosity 0.6399834077230621 0.6954541447017981 0.8313225452920179 1.0 0.5342445187321295 0.6797589527885434
field 0.6359560666750916 0.6948288696225158 0.8278156883912287 1.0 0.5345735042243793 0.6782777977339469
after 0.6368520721052202 0.6903565083326656 0.8304389109413907 1.0 0.537274219171292 0.6791045411246773
fortunately 0.6374172041069588 0.6973248644655716 0.8306542679298741 1.0 0.5366620490705553 0.6801294154995263
just 0.641700806679868 0.6952909109414743 0.8319220280388148 1.0 0.5407061178577146 0.6842595994517404
see 0.6405048022963814 0.693271002828514 0.8318148829919186 1.0 0.5388205340029046 0.6813500777963961
pop 0.6390582612968313 0.6972870514314429 0.8310377633619608 1.0 0.5373854100464286 0.6797557835908535
down 0.6422090096022742 0.6944341405751465 0.8313041357119192 1.0 0.5385373497681157 0.6816884603464775
large 0.643911603576385 0.695224211248016 0.8320968935853437 1.0 0.5398991561955435 0.6837145211430632
hole 0.6388783231976396 0.6917838236914997 0.8285060430112844 1.0 0.5370390563085788 0.6792985612954123
under 0.6392462654698565 0.6970146245458841 0.8328639477815623 1.0 0.5413921168973436 0.6847877491319964
hedge 0.6343398289928265 0.6930678400348239 0.8309324022351872 1.0 0.5374663062489906 0.6813416883659184
another 0.6424210646457766 0.6948487941184318 0.8322368685602058 1.0 0.539362040130185 0.6840280919480776
moment 0.6414485719605386 0.6931825145716474 0.8305229075197024 1.0 0.5389892089224694 0.6831598844860902
went 0.640373321907378 0.6917018857560369 0.8299062154097051 1.0 0.5381680067368931 0.6810501756735374
how 0.643338694706598 0.6932786814238031 0.8322234500416078 1.0 0.5397293922373456 0.6820410202458663
world 0.635970550175837 0.6928143279831868 0.828870110358075 1.0 0.5361646380831195 0.677514274784319
again 0.6386919219896571 0.6911334636682415 0.8305163482355353 1.0 0.5391628043519777 0.6812100842674529
straight 0.6402739229491445 0.69123456359258 0.8303649877267972 1.0 0.5375621237141303 0.6804399004918467
like 0.6400656564515821 0.6913799601840543 0.8302409168309516 1.0 0.5391732713742443 0.6815496100018447
tunnel 0.6402739229491445 0.69123456359258 0.8303649877267972 1.0 0.5375621237141303 0.6804399004918467
some 0.6421888765618419 0.6928745989778041 0.8339323794053363 1.0 0.5396242299253822 0.682876398392982
dipped 0.6421888765618419 0.6928745989778041 0.8339323794053363 1.0 0.5396242299253822 0.682876398392982
not 0.6413417048244933 0.6907000444462505 0.8312709577952916 1.0 0.5393269435156061 0.680589693370027
about 0.6402899163609 0.691834398551137 0.8316131033888196 1.0 0.5379135543022739 0.6811995960413508
stopping 0.6392207479691345 0.6975945413077098 0.8338928600537966 1.0 0.537127095560691 0.6816826376105827
herself 0.6395138241569456 0.6928087564016403 0.830726445272379 1.0 0.5396655170227258 0.6831557740830041
found 0.6417155699490257 0.6934735233267507 0.8316276431077279 1.0 0.5398010285172095 0.6814724127522509
falling 0.6414481763029187 0.6965013490465345 0.8335936664229882 1.0 0.5377844028824895 0.6827660917318241
deep 0.6406749618204397 0.6970963153231008 0.8336751210080918 1.0 0.535817036413828 0.6821199224967666
fell 0.64158928986452 0.6945153531391003 0.8327437675928111 1.0 0.5386557848589865 0.6819110816195209
slowly 0.6395939403520615 0.6927850564901574 0.8319999208002393 1.0 0.5353525766064325 0.6821066393839992
plenty 0.6394586697088159 0.6927102258455209 0.831541480041634 1.0 0.5350161717528448 0.6795012736192463
look 0.6400683350750938 0.6941565984597686 0.8329452231162933 1.0 0.5390997122678515 0.6846432756213219
wonder 0.6386659876343604 0.6923217799180575 0.830274029287595 1.0 0.5377051310226504 0.6813630317678429
going 0.6387222462012153 0.6920835833230786 0.8305977533034339 1.0 0.5393851443328987 0.6826314407098792
happen 0.6389963105533577 0.6947218646985669 0.8318778335498223 1.0 0.5363521577560582 0.6842773192094621
next 0.6389963105533577 0.6947218646985669 0.8318778335498223 1.0 0.5363521577560582 0.6842773192094621
first 0.6417018227413122 0.6928976913760567 0.8305321277974035 1.0 0.5396014348714226 0.6835361617274143
tried 0.6375271282287924 0.6876238046294066 0.8303180286129331 1.0 0.5370557161790624 0.6788047981819905
make 0.6407212077550231 0.696132731631215 0.833795171523844 1.0 0.5402331943536614 0.687107385363877
coming 0.6336333825416988 0.6909555910190487 0.830840429415897 1.0 0.5370414525413678 0.6798544224834117
too 0.6410685434265815 0.6917192949638477 0.8306302859141086 1.0 0.5392972650889241 0.6825065687172844
dark 0.6438031300487895 0.6956199884560612 0.8332833400325794 1.0 0.540661234625672 0.6832703099695003
anything 0.641661942813616 0.6950331813399411 0.832634178486445 1.0 0.5387139971839503 0.6793029812631666
sides 0.6372684168334879 0.694294253653873 0.8282528138056906 1.0 0.5362032426010362 0.6811113993875342
noticed 0.6361128167915961 0.687199231013967 0.8310092588106832 1.0 0.5367019625185062 0.6759589947725848
they 0.6400489395633245 0.6895851327516315 0.8294340694417316 1.0 0.5382213514636458 0.679737879081941
were 0.6408150998401726 0.6916127435699778 0.8301056461480035 1.0 0.5393226899581428 0.6820241867681156
filled 0.6429178176205838 0.6963339380433551 0.8340959774256939 1.0 0.5395330712957493 0.6849436946386824
cupboards 0.6384772680065421 0.6921729394635786 0.8317011162469966 1.0 0.5387908556954304 0.6805249342601998
shelves 0.6426404959345272 0.6968705398715519 0.8336521697628865 1.0 0.5388993187646133 0.6838910689336611
here 0.6423498997926544 0.6958159804244324 0.8316068252657276 1.0 0.5390243666529977 0.6829937372815604
saw 0.6468704253804392 0.6994396730625547 0.8350988793615718 1.0 0.5412092156519587 0.6847912826567112
maps 0.6438066732807427 0.6987056723753327 0.8377220948537781 1.0 0.5423420765474027 0.6872925514851326
hung 0.6400195138147005 0.6959487559480628 0.8337268697409086 1.0 0.5383317822099427 0.6842528621371562
upon 0.6385933672861182 0.688414335642978 0.8324830427685526 1.0 0.5389601432036375 0.6797337709746688
pegs 0.6400195138147005 0.6959487559480628 0.8337268697409086 1.0 0.5383317822099427 0.6842528621371562
jar 0.6349978817188157 0.6911181416039024 0.8284328012155296 1.0 0.5363036933289133 0.6808594065814653
from 0.6412611679929222 0.6927906413944602 0.8309125786139586 1.0 0.5384962213772372 0.6816391917422084
one 0.6419905564273167 0.6919289136380105 0.8320791768840332 1.0 0.5390902441869391 0.6826076503117677
passed 0.6396997989401344 0.6936346609511262 0.8297821769523454 1.0 0.5369856382298867 0.679773021108828
labled 0.636873663979918 0.6912446559196721 0.8284200275538821 1.0 0.5377499215547842 0.6821287702731854
orange 0.636873663979918 0.6912446559196721 0.8284200275538821 1.0 0.5377499215547842 0.6821287702731854
marmalade 0.636873663979918 0.6912446559196721 0.8284200275538821 1.0 0.5377499215547842 0.6821287702731854
great 0.6370090524777883 0.687260521164074 0.8288764622033051 1.0 0.5357352875523163 0.6774336337929387
disappointment 0.6352702424276452 0.6924561302419091 0.8293339895670147 1.0 0.5371731030519903 0.6818790307906858
empty 0.6342190305492912 0.6897554977880836 0.8282074810505583 1.0 0.5378118104158061 0.6789605586146296
drop 0.6324382961211912 0.688295214285262 0.8284673886785312 1.0 0.5368177108699158 0.6799933669825139
fear 0.6324382961211912 0.688295214285262 0.8284673886785312 1.0 0.5368177108699158 0.6799933669825139
killing 0.6324382961211912 0.688295214285262 0.8284673886785312 1.0 0.5368177108699158 0.6799933669825139
somebody 0.6335480331763654 0.6886104104844627 0.8315183859831824 1.0 0.5359046120590516 0.6807309280955676
managed 0.6335480331763654 0.6886104104844627 0.8315183859831824 1.0 0.5359046120590516 0.6807309280955676
put 0.6385490254892681 0.6915703128229334 0.8349173598241441 1.0 0.5402296941209308 0.684450440612293
past 0.6340358210000842 0.6880110999859641 0.8293057710898624 1.0 0.5380484901004692 0.6761052808926956
such 0.6394000570959345 0.6885298109489485 0.8316779070302882 1.0 0.5399414689548723 0.681526828621109
fall 0.6405030331093418 0.6906167033145897 0.8324976843300168 1.0 0.5388157199675927 0.6819443563690913
tumbling 0.6380477442241956 0.6885205281597301 0.8307716752068951 1.0 0.5383736902399215 0.6785484773826511
stairs 0.6380477442241956 0.6885205281597301 0.8307716752068951 1.0 0.5383736902399215 0.6785484773826511
brave 0.6397884124914514 0.6882814654273691 0.8346599117880441 1.0 0.5392038201617018 0.6789548362322487
ll 0.6429852260263764 0.6950353355834935 0.8317984467582782 1.0 0.5400019084724882 0.6846258335908977
me 0.6433146922568501 0.6962158923360117 0.8326697850383808 1.0 0.5403000002375198 0.6848513909175317
home 0.6436164824567736 0.6938745337311355 0.8347303493811227 1.0 0.5396534938204752 0.6820843072925218
why 0.644058645244266 0.6962745407884161 0.8354659870014648 1.0 0.5412426969440114 0.6877650368040314
n't 0.6439724647656322 0.6931957126075687 0.8336886411126414 1.0 0.5401545990275062 0.6838764077350074
even 0.6433962624526892 0.692924751018098 0.8303911438780942 1.0 0.5391126564935946 0.6818023305605582
if 0.6419930400585171 0.6932672060231101 0.8307894544161198 1.0 0.5390972050328672 0.6819153825632394
off 0.6430707824263079 0.6937109210550036 0.8335065401271714 1.0 0.5393249218722268 0.6824492978919257
top 0.6429815194683459 0.6920109348944129 0.83114231545339 1.0 0.5378289850855366 0.6813942880880264
house 0.6429815194683459 0.6920109348944129 0.83114231545339 1.0 0.5378289850855366 0.6813942880880264
which 0.6433705915644311 0.6947698863379317 0.8321801685965313 1.0 0.5406546292957856 0.6836011564560192
likely 0.6408806045790201 0.6925336759258202 0.8313117406293062 1.0 0.5389451386835548 0.6806225359134799
true 0.6408806045790201 0.6925336759258202 0.8313117406293062 1.0 0.5389451386835548 0.6806225359134799
come 0.641092471101275 0.6904825085140087 0.8308960427147591 1.0 0.5385111226783132 0.6809196288028531
an 0.6482279947839679 0.6977175412208207 0.833651643186448 1.0 0.5409372704954974 0.685178664056455
end 0.640969583930349 0.6939955962743831 0.8291434699302129 1.0 0.5383249248123615 0.6834443367871689
many 0.6414751875543684 0.692521035782143 0.8289759152832903 1.0 0.5385715253459342 0.682187392616781
miles 0.6380373645253727 0.691910830762663 0.8317283714880548 1.0 0.535633044603177 0.6810641055180283
ve 0.6368152729555234 0.6891354224895252 0.8278782533716013 1.0 0.536135351089953 0.6787009728445267
fallen 0.6388283328072782 0.6938321279410141 0.8280008135011784 1.0 0.5370264056379381 0.6819415054906733
said 0.6431541638012352 0.6952515324972265 0.8318426294397021 1.0 0.540213120492434 0.6838039718908041
aloud 0.6397887074386432 0.6942565853276527 0.8291232817987971 1.0 0.5384804166693048 0.6822861513860526
must 0.6388798055126728 0.6950718925684353 0.828499340295189 1.0 0.5362106130338932 0.6791179464672892
somewhere 0.6430244292888071 0.6972826702848158 0.83112957700037 1.0 0.5383876285885902 0.6837959047224565
near 0.6383621928982336 0.694665384512095 0.8292951254227551 1.0 0.5346001200356855 0.680563470470162
centre 0.6383621928982336 0.694665384512095 0.8292951254227551 1.0 0.5346001200356855 0.680563470470162
earth 0.6362968864653715 0.6882934589370229 0.8331107176306087 1.0 0.5356250456386221 0.6770422731080263
let 0.6372144832856127 0.6920180714962662 0.8335817386738654 1.0 0.535463090918089 0.6757034677583742
four 0.6372365425445686 0.6899655985109046 0.8355023665254049 1.0 0.5342223254007019 0.680175775100583
thousand 0.6372365425445686 0.6899655985109046 0.8355023665254049 1.0 0.5342223254007019 0.680175775100583
you 0.6415180535045963 0.6918952537916642 0.8305485080518547 1.0 0.5389177371195905 0.68226073138955
learnt 0.629702894515525 0.6843399129739279 0.830431031983111 1.0 0.5329861902170261 0.6758536313486754
several 0.637412655628717 0.6874306995826406 0.8301715524213121 1.0 0.5388482470454607 0.6790081201187278
things 0.6402107552847599 0.6890456963505592 0.8304959593008466 1.0 0.5392749591224556 0.6812134260341939
sort 0.637740240096317 0.6899546932505317 0.8292890330531275 1.0 0.5369509325253935 0.6777422920890743
lessons 0.6273219611273779 0.6816181545592792 0.8271315235095807 1.0 0.5356282411385485 0.6729415318751627
schoolroom 0.632836878827589 0.6830148984570397 0.827942176662583 1.0 0.5353779657729026 0.6750764976874201
though 0.6373757544798386 0.68849163555634 0.8282145188577843 1.0 0.5378374084511703 0.6795977487898406
good 0.6366474301147701 0.6853845268496828 0.8301229831362762 1.0 0.5363906886369098 0.6786187668653617
opportunity 0.6364487976953931 0.6824932974027826 0.8311019219119471 1.0 0.5363003026212034 0.6760992312092031
showing 0.6409452455336929 0.6869847563381467 0.8356966495062791 1.0 0.5365480268073194 0.6801464717558487
knowledge 0.6409452455336929 0.6869847563381467 0.8356966495062791 1.0 0.5365480268073194 0.6801464717558487
listen 0.6396952066576511 0.685336285483893 0.8321093003194143 1.0 0.5353523801961261 0.6787054495737049
still 0.641763083343317 0.6894988610661326 0.831077729185765 1.0 0.5387805885162028 0.6812457533648859
practice 0.6375624337730015 0.685256498647783 0.8303553424430051 1.0 0.5339776071196989 0.6770124111372064
yes 0.6351802943851897 0.6858753430921803 0.8291636748468864 1.0 0.5368690079240837 0.6783630564661334
right 0.636788220285631 0.6886707341253911 0.8296693541556461 1.0 0.5368487047432657 0.6798192958060705
distance 0.6351802943851897 0.6858753430921803 0.8291636748468864 1.0 0.5368690079240837 0.6783630564661334
latitude 0.6354707623844699 0.6877415037205266 0.8295901238916155 1.0 0.5358343700119969 0.6778911678935272
longitude 0.6338787818443552 0.6853121492029792 0.8286459511407038 1.0 0.535486686838068 0.6764779166886453
got 0.6382991363553117 0.688560598064904 0.8312258251845176 1.0 0.537971435492719 0.6798450942910438
idea 0.6355423921967418 0.6870831755354635 0.8297948062877061 1.0 0.5357576486925927 0.6779464005883316
nice 0.6431175339140922 0.6923573126603628 0.8321675450607472 1.0 0.5387352601701035 0.681252580067595
grand 0.6324747410715997 0.6840271342528679 0.827321424752286 1.0 0.5349556437518964 0.6745251163676229
words 0.640105982607217 0.6925012704346466 0.8313732356346702 1.0 0.53931020725403 0.6817552615345532
presently 0.6326997777753288 0.685849945908036 0.8293252118823768 1.0 0.5367635410381373 0.6766739998620616
began 0.6367557719177358 0.6914109929304965 0.8276036631843385 1.0 0.538383598950223 0.6801275374739876
through 0.6405124655906651 0.6921268730525267 0.8315150083716087 1.0 0.5388284704540659 0.682027275696924
funny 0.6345373349028671 0.6829791992262109 0.8306289904371676 1.0 0.5339940494689966 0.6757668352160074
seem 0.6345373349028671 0.6829791992262109 0.8306289904371676 1.0 0.5339940494689966 0.6757668352160074
among 0.6388891666799238 0.6883810670472305 0.8281970933443623 1.0 0.5362855962756868 0.679040467438923
people 0.6410092139589993 0.6938827692533415 0.8310607554570263 1.0 0.5399768970134261 0.6846948556779008
walk 0.6334298593499175 0.6815541839060966 0.828107867392136 1.0 0.5352594801251889 0.6735544885953529
their 0.6390029474682402 0.6856306622859555 0.8294274345308198 1.0 0.538360568455206 0.6774171213615117
heads 0.6364239511490537 0.6839657038577619 0.8282665499327054 1.0 0.5366184892803006 0.6758922205680806
downward 0.6364239511490537 0.6839657038577619 0.8282665499327054 1.0 0.5366184892803006 0.6758922205680806
antipathies 0.6364239511490537 0.6839657038577619 0.8282665499327054 1.0 0.5366184892803006 0.6758922205680806
rather 0.6411149191368628 0.6909547518214758 0.8312118222276275 1.0 0.5389525427276732 0.6818808542265041
glad 0.6461730062576889 0.6910641910878791 0.8381413403512096 1.0 0.5393976343464726 0.6841771722702229
listening 0.645774717629524 0.6921934033503176 0.8362090927997387 1.0 0.5375964033354625 0.6864004139618026
sound 0.6402973888854665 0.6902402594367294 0.8309865424626119 1.0 0.5379608362228256 0.683155960144664
word 0.6402973888854665 0.6902402594367294 0.8309865424626119 1.0 0.5379608362228256 0.683155960144664
ask 0.6442463419095166 0.6939583682780835 0.833734108799063 1.0 0.5402958731698326 0.6836672392885358
them 0.6412799621174379 0.6881647007771762 0.8328183924208231 1.0 0.5391881697583771 0.6787824906589022
name 0.6379906662831657 0.6866573645979647 0.831086036688873 1.0 0.5378885421039616 0.6800350859882858
country 0.6379906662831657 0.6866573645979647 0.831086036688873 1.0 0.5378885421039616 0.6800350859882858
is 0.6367090546603196 0.6860875626555509 0.8302342518816972 1.0 0.5385246316870947 0.6786585310188977
know 0.6418856650356025 0.6922413405727268 0.8318142578720333 1.0 0.540576696267354 0.6834996820111948
please 0.6335881498489887 0.6825003059515594 0.8276288374217583 1.0 0.5378323976044533 0.6762746473248035
ma'am 0.6335881498489887 0.6825003059515594 0.8276288374217583 1.0 0.5378323976044533 0.6762746473248035
new 0.6342863343392813 0.6818569303592512 0.8253733163542998 1.0 0.5376655593035191 0.6753509328259116
zeland 0.6342863343392813 0.6818569303592512 0.8253733163542998 1.0 0.5376655593035191 0.6753509328259116
australia 0.6342863343392813 0.6818569303592512 0.8253733163542998 1.0 0.5376655593035191 0.6753509328259116
curtsey 0.632552292506421 0.6834108573470664 0.8266668115809841 1.0 0.5376144233878865 0.6764726932949607
spoke 0.6388030002346606 0.6896011996575169 0.8296949573005673 1.0 0.5394548559688279 0.6812071547566378
fancy 0.6378025504323456 0.6875975429066747 0.8292771849124471 1.0 0.5380814212248483 0.6788851594819668
curtseying 0.6388030002346606 0.6896011996575169 0.8296949573005673 1.0 0.5394548559688279 0.6812071547566378
re 0.6421359998342884 0.6930500120252521 0.8328522198838754 1.0 0.5392935192263254 0.6843298746831045
air 0.6421590289327292 0.694002239927713 0.8323358899947711 1.0 0.5405569755337725 0.6856380585430256
manage 0.6449978455800961 0.6936741774201935 0.8335019104999493 1.0 0.5421202834919432 0.6854631755158845
ignorant 0.6495609314781374 0.6970830530361691 0.834457293282245 1.0 0.5429201278717568 0.6868529045194174
little 0.642521072357881 0.6924286503859115 0.8318803122621582 1.0 0.5405916812829282 0.6825955011745788
girl 0.6495609314781374 0.6970830530361691 0.834457293282245 1.0 0.5429201278717568 0.6868529045194174
asking 0.647103877618748 0.6963633879609448 0.8356220208155845 1.0 0.5415653946059075 0.6885049376878931
perhaps 0.64769598740364 0.6999051890861171 0.8329676963996786 1.0 0.542182709925756 0.6870348019376432
written 0.64769598740364 0.6999051890861171 0.8329676963996786 1.0 0.542182709925756 0.6870348019376432
else 0.6447125939959106 0.6961191376133852 0.8285260153704197 1.0 0.5400575026593217 0.6847852463589517
soon 0.6470584868969358 0.7003842642761977 0.833835570016781 1.0 0.5411991771752931 0.6856798997966694
talking 0.6413250570914713 0.6980507272456383 0.8290137876079825 1.0 0.5415107984492592 0.6841343602327181
dinah 0.6426240306466792 0.6927282509830633 0.8296720775503618 1.0 0.5393149047257384 0.684484964608119
miss 0.6425736407585989 0.69808739140042 0.8269339862519389 1.0 0.5380731502831141 0.6835437056547362
night 0.6407955693816312 0.693199439065102 0.827944385596998 1.0 0.5407452628078864 0.683554988860248
should 0.6376458083774144 0.6900554522670616 0.8281701489937553 1.0 0.5389701880867486 0.6795122146537466
cat 0.6387877196709905 0.6912924264790989 0.8262057670811505 1.0 0.5360612015773192 0.6830233081358462
hope 0.6398589895686704 0.6910602828814321 0.8245904612036906 1.0 0.53732411499665 0.6804454675657567
remember 0.6427078587487456 0.6905440325635441 0.829672176373203 1.0 0.5401624341823159 0.6817574408457353
saucer 0.6398589895686704 0.6910602828814321 0.8245904612036906 1.0 0.53732411499665 0.6804454675657567
milk 0.6387804760098231 0.6886164651698614 0.8280232796089187 1.0 0.5398012415282806 0.6828812847493237
tea 0.6387804760098231 0.6886164651698614 0.8280232796089187 1.0 0.5398012415282806 0.6828812847493237
my 0.6414193717577473 0.6924642227046688 0.8299987178608808 1.0 0.5408085815347244 0.6835616688395739
wish 0.6450534407437587 0.6935985366689627 0.8321915268839823 1.0 0.5415417955933409 0.6850437910937649
are 0.6408520490409454 0.6937153185760817 0.8293843004479108 1.0 0.5390194557791791 0.6834060922903262
mice 0.6421819129305989 0.694948468081073 0.8318228133707516 1.0 0.5418124711200258 0.686937999864667
m 0.6421819129305989 0.694948468081073 0.8318228133707516 1.0 0.5418124711200258 0.686937999864667
afraid 0.6421819129305989 0.694948468081073 0.8318228133707516 1.0 0.5418124711200258 0.686937999864667
might 0.6427329942834882 0.6928550412994297 0.8306587244972838 1.0 0.5402950554046584 0.6843832229354961
catch 0.6406964623808542 0.6930513981734694 0.8304762235511067 1.0 0.5426966362704667 0.689083217509551
bat 0.6413461419459264 0.6912372202627199 0.8300957232448837 1.0 0.5405346497122309 0.6852241902770125
mouse 0.6433725198634046 0.6944731589417805 0.8304268894067538 1.0 0.5407893460630242 0.686095819591249
cats 0.6380695862434821 0.6892662090797145 0.8254934192832865 1.0 0.537485631196065 0.6786381565194297
eat 0.6392661191639663 0.6918016869667555 0.8284955353170195 1.0 0.5388722072209436 0.6821121712249099
bats 0.6376601331489035 0.6878307870591786 0.8258417472676285 1.0 0.5379032390448737 0.6792167011349324
saying 0.641852731380932 0.6906586215742337 0.8288194576086588 1.0 0.5385388852562496 0.6818137056744835
dreamy 0.6378300060781826 0.689440583574154 0.8238325046211282 1.0 0.5356353171269292 0.676790538203746
sometimes 0.6367481978288894 0.6890511465548933 0.8263674736909276 1.0 0.5383287725733523 0.678410420270198
couldn't 0.6430056258923631 0.6912736374371079 0.8286667152883744 1.0 0.540643238136867 0.6826357409646948
answer 0.6430056258923631 0.6912736374371079 0.8286667152883744 1.0 0.540643238136867 0.6826357409646948
question 0.6430056258923631 0.6912736374371079 0.8286667152883744 1.0 0.540643238136867 0.6826357409646948
matter 0.6458663571757938 0.6946348211690424 0.8344890353072414 1.0 0.5415954275909985 0.6874243252391071
felt 0.6405363330580647 0.6943643275497271 0.833628175855318 1.0 0.5410930358752031 0.6857727399533414
dozing 0.6444498523436837 0.6966916056934639 0.8346413560448567 1.0 0.5432767053948032 0.6867972374659534
begun 0.6447191832629304 0.6916876284696116 0.8309370863721169 1.0 0.5408021415849701 0.6834811648193431
dream 0.6454381617174498 0.6938937481940423 0.8318832207844195 1.0 0.5438666735364791 0.6848991035513999
walking 0.6454381617174498 0.6938937481940423 0.8318832207844195 1.0 0.5438666735364791 0.6848991035513999
hand 0.6456755399014014 0.6928900357546254 0.8328685754920782 1.0 0.5426670129416564 0.6858919209298758
earnestly 0.6453321310590643 0.6927500491278207 0.8341949859777069 1.0 0.5406222327789382 0.684574013241274
now 0.6405563003687242 0.6943866758577416 0.8285539249985804 1.0 0.5395213174425852 0.6824411361270717
tell 0.6445866973547121 0.6906142400986204 0.8313898831735421 1.0 0.5405930236645223 0.6831604372178595
truth 0.6445866973547121 0.6906142400986204 0.8313898831735421 1.0 0.5405930236645223 0.6831604372178595
ever 0.6441583561269724 0.6925935606277771 0.8325801061810308 1.0 0.5405626605668393 0.6824640665628618
thump 0.6401381991208603 0.6899393287395251 0.8290349581081748 1.0 0.5399236366694224 0.6800556449716165
came 0.6385105780851863 0.6862433053760687 0.8313214738663419 1.0 0.5392420274019466 0.6773582459555542
heap 0.6392686958818068 0.6893961273931675 0.8316417915986114 1.0 0.5396932552520274 0.6829207141606991
sticks 0.6392686958818068 0.6893961273931675 0.8316417915986114 1.0 0.5396932552520274 0.6829207141606991
dry 0.6392686958818068 0.6893961273931675 0.8316417915986114 1.0 0.5396932552520274 0.6829207141606991
leaves 0.6392686958818068 0.6893961273931675 0.8316417915986114 1.0 0.5396932552520274 0.6829207141606991
bit 0.6422152092386186 0.692203519101881 0.8326377743165966 1.0 0.5408535678149033 0.6858579744774409
hurt 0.6422152092386186 0.692203519101881 0.8326377743165966 1.0 0.5408535678149033 0.6858579744774409
jumped 0.6422152092386186 0.692203519101881 0.8326377743165966 1.0 0.5408535678149033 0.6858579744774409
overhead 0.6498165786061391 0.6967831249212443 0.8361564931744785 1.0 0.5437504102752995 0.687321749549885
long 0.6425819585542825 0.6933952539284691 0.8301902264405094 1.0 0.5402793438400934 0.6821171952705017
passage 0.6440922330944573 0.693642414640374 0.8295040651220675 1.0 0.5382431609595948 0.6785723752162665
sight 0.6438271392697174 0.6936537455711751 0.8300480640579206 1.0 0.5422024626294125 0.6837813635061435
hurrying 0.6438271392697174 0.6936537455711751 0.8300480640579206 1.0 0.5422024626294125 0.6837813635061435
lost 0.6434931545275233 0.6896650300958627 0.8297459597736248 1.0 0.5405115513687555 0.6853723146176364
away 0.6434931545275233 0.6896650300958627 0.8297459597736248 1.0 0.5405115513687555 0.6853723146176364
wind 0.6432719949340846 0.6918475028945703 0.8304873817496765 1.0 0.5422141031553568 0.6858871043999571
turned 0.6447595773397334 0.6932508725161718 0.8306620391282633 1.0 0.5439145640423502 0.6864613592651213
corner 0.6447595773397334 0.6932508725161718 0.8306620391282633 1.0 0.5439145640423502 0.6864613592651213
ears 0.6411662324795305 0.6959041353875014 0.8314372279401169 1.0 0.5424711276733977 0.6882323797496167
whiskers 0.6393778652778962 0.6921514256066975 0.8293370293541232 1.0 0.5437413601906569 0.6858001231965819
it's 0.6427094357808955 0.6969486103022006 0.8305899412004929 1.0 0.5420413488835217 0.687180761795759
behind 0.6380944798278411 0.6859214683809105 0.8297359977607572 1.0 0.539108563843295 0.6766063397228806
longer 0.6463691440964552 0.6933872712984537 0.8316242934126775 1.0 0.5426707967426408 0.6858965142629171
low 0.6368349318907516 0.6844481278047223 0.8307464953518467 1.0 0.5375107851656584 0.6750157790538701
hall 0.6442110375237565 0.6930724471703007 0.8304373703723669 1.0 0.5404749061182563 0.6826430446604363
lit 0.6431557044637422 0.6938892130693706 0.8310608130082914 1.0 0.5405837454859864 0.6823903771444663
row 0.6431557044637422 0.6938892130693706 0.8310608130082914 1.0 0.5405837454859864 0.6823903771444663
lamps 0.6431557044637422 0.6938892130693706 0.8310608130082914 1.0 0.5405837454859864 0.6823903771444663
hanging 0.6431557044637422 0.6938892130693706 0.8310608130082914 1.0 0.5405837454859864 0.6823903771444663
roof 0.6427313089809045 0.6910796659599079 0.8303121327334382 1.0 0.5404887111742364 0.6805675331646631
doors 0.6440847082913629 0.6922305666825539 0.8305862866124459 1.0 0.5411132741875331 0.6830883617918196
around 0.6406997806792419 0.6882308281432673 0.8268423965316352 1.0 0.5375541070390664 0.6781061680855186
locked 0.6374255061458618 0.6865892101985509 0.82492549847573 1.0 0.5363448520713835 0.6759127548892181
been 0.6380743227134621 0.6852776170642831 0.8258662184275815 1.0 0.5375559213323692 0.6759198109845448
side 0.6380743227134621 0.6852776170642831 0.8258662184275815 1.0 0.5375559213323692 0.6759198109845448
other 0.642590437434265 0.6905660742031898 0.8303445788690114 1.0 0.5398591115996243 0.681519668602739
trying 0.6412324450551067 0.6937279221682936 0.8302334326708487 1.0 0.5410216855437566 0.6816576138994688
every 0.6407803271073276 0.6899622510712107 0.8273025126421093 1.0 0.5384626055309255 0.6768860447865497
door 0.6389348478434712 0.6895761804473824 0.8293907945002722 1.0 0.5385141936115756 0.6782235122475772
walked 0.6449756553774991 0.693865043938924 0.8329196621280202 1.0 0.5404292399857181 0.6803347833445965
sadly 0.6449756553774991 0.693865043938924 0.8329196621280202 1.0 0.5404292399857181 0.6803347833445965
middle 0.6449756553774991 0.693865043938924 0.8329196621280202 1.0 0.5404292399857181 0.6803347833445965
wondering 0.6442582216321562 0.6914208631716855 0.8346915580848179 1.0 0.5425989446464052 0.6850298406154839
three 0.6445091033330634 0.6923165002063882 0.834675566076491 1.0 0.5444249580351981 0.6830071485910808
legged 0.6445091033330634 0.6923165002063882 0.834675566076491 1.0 0.5444249580351981 0.6830071485910808
table 0.642965339864237 0.6939485975173554 0.8330898568073203 1.0 0.5415965007915974 0.6844511339571204
solid 0.6436607847160281 0.6916657876705626 0.8313256118705215 1.0 0.543093047594162 0.6844665326489923
glass 0.6444729500409208 0.6965738261126443 0.8349538338026795 1.0 0.542780257529565 0.6866043329991525
except 0.6434629158626737 0.6893138317822247 0.8309034570052944 1.0 0.5442968772169633 0.684668846596502
tiny 0.6434629158626737 0.6893138317822247 0.8309034570052944 1.0 0.5442968772169633 0.684668846596502
golden 0.6431048301268052 0.6906364826260019 0.8327306638718185 1.0 0.5402596341800848 0.6827676819932909
key 0.643167219104326 0.6933861633938689 0.8323379753166241 1.0 0.5402100682324633 0.6838356622210001
belong 0.6454337164349221 0.6933777332543708 0.8308595509864645 1.0 0.5417358107771356 0.6856010114734569
alas 0.642253937195774 0.6912656434746841 0.8325487164522358 1.0 0.5409202734126198 0.6833416968501194
locks 0.6443278948210165 0.6921958513323186 0.8321206185820423 1.0 0.5412524142173837 0.6858709160153577
small 0.6416720985167788 0.6911256464135584 0.8300646380529959 1.0 0.5385287335099929 0.6808360612313045
any 0.6416296769254658 0.6905868019295384 0.8324105617806226 1.0 0.5394487458169958 0.6812450545020898
rate 0.644216387150998 0.6920599596128887 0.8322890182510573 1.0 0.5401966299447251 0.6834442594642572
open 0.6399851112089583 0.6857564922188716 0.8350512008911225 1.0 0.5373979331967609 0.6762251727937287
however 0.6382695383181275 0.6902627551919348 0.8315057963970766 1.0 0.537263866707559 0.6766473887948745
second 0.6325349277057539 0.682237999605409 0.8312753634879585 1.0 0.5350154725288744 0.667165502123193
round 0.6407185805458939 0.6900222843968682 0.83197223047599 1.0 0.5368258892285144 0.67554530138144
curtain 0.629591898536319 0.6766299879187581 0.8306654783559886 1.0 0.5336467368364998 0.6675484616933253
fifteen 0.6343058305967492 0.6784757472002837 0.8298566501719732 1.0 0.5343980971729827 0.6711328758791164
inches 0.6358779708835923 0.685361752408934 0.827775093643578 1.0 0.5362085780256787 0.6741790646148572
high 0.6358779708835923 0.685361752408934 0.827775093643578 1.0 0.5362085780256787 0.6741790646148572
lock 0.6387635680453182 0.6820179835970106 0.8284148022985135 1.0 0.534284485219303 0.6729480844738761
delight 0.6387635680453182 0.6820179835970106 0.8284148022985135 1.0 0.534284485219303 0.6729480844738761
fitted 0.6374107747870151 0.6814880361683868 0.8251789561084844 1.0 0.5344808256290752 0.6719419836617679
opened 0.6416135259433597 0.6909868947347287 0.829452562522586 1.0 0.5375182741696858 0.6812447376630436
led 0.6403516657068302 0.6860483984884373 0.824664524735362 1.0 0.5342447222156853 0.6719208928500001
larger 0.6407063032629379 0.6958944709165352 0.827852963218408 1.0 0.537846740574357 0.6784991714298486
than 0.6420094306001918 0.6910530017334632 0.8242169266697505 1.0 0.5360873077329225 0.6761125309066242
rat 0.6420094306001918 0.6910530017334632 0.8242169266697505 1.0 0.5360873077329225 0.6761125309066242
knelt 0.6420094306001918 0.6910530017334632 0.8242169266697505 1.0 0.5360873077329225 0.6761125309066242
along 0.6482913004050094 0.6976852685236102 0.8302441325831948 1.0 0.5374283005078286 0.678419336701155
loveliest 0.6495417574866863 0.6981828921519965 0.8310601104776991 1.0 0.5405752927551675 0.682439638015962
garden 0.6419441666309674 0.6935122223284047 0.8304906561304419 1.0 0.5396863456094851 0.6815082292287971
longed 0.6467001087679196 0.6984812780227476 0.8332219286902436 1.0 0.5412774654681999 0.6844533964555917
wander 0.6443331372305731 0.6951887714914889 0.8282860686349829 1.0 0.5373088297679933 0.6845110345751106
those 0.6438401985327993 0.6937105345034138 0.8271843583363567 1.0 0.5379081494992951 0.6822311662839768
beds 0.6433468255586041 0.6922309951962625 0.8260816774367042 1.0 0.5385079972281541 0.6799492894407704
bright 0.6433468255586041 0.6922309951962625 0.8260816774367042 1.0 0.5385079972281541 0.6799492894407704
flowers 0.6433468255586041 0.6922309951962625 0.8260816774367042 1.0 0.5385079972281541 0.6799492894407704
cool 0.6433468255586041 0.6922309951962625 0.8260816774367042 1.0 0.5385079972281541 0.6799492894407704
fountains 0.6441372667700549 0.693693861441299 0.8283873743436224 1.0 0.539899438521159 0.6801404242754531
head 0.6422243078731261 0.6920366116142729 0.827797185024372 1.0 0.5382188897948662 0.6821767356451239
doorway 0.6406135888102577 0.6904208293485162 0.8278834469418327 1.0 0.5389365238738689 0.6828222999886796
go 0.6436324815474321 0.6921296052396056 0.8289198686352282 1.0 0.5408020413433398 0.6821903675158647
poor 0.6439986012740371 0.6959348471207091 0.8333228041742979 1.0 0.5418871164555352 0.6868131569876271
shoulders 0.6473242059650578 0.6950951305336591 0.8325089813918468 1.0 0.5435580448378126 0.6842644170930715
shut 0.6488069917249099 0.6954616912889127 0.8343573250704395 1.0 0.542673309554353 0.6842647999267734
telescope 0.6435616487984543 0.694459360036978 0.8309455035696067 1.0 0.5402150704189512 0.6817509671311275
only 0.6435163339843579 0.6949346878545755 0.8306430930152376 1.0 0.5408115438201403 0.681135539731865
begin 0.6496536706277388 0.6977300978682006 0.8356088301532034 1.0 0.5436502810896898 0.6851169479877468
happened 0.6431000360595426 0.690613236996466 0.8320852448451597 1.0 0.5406817804268507 0.682640315384804
lately 0.6440043476207625 0.689494220586525 0.8299964036632763 1.0 0.537755267715899 0.682071396365625
few 0.6419165540651575 0.6916048727791965 0.8302275993203945 1.0 0.5390578505587025 0.6818701772106271
indeed 0.6415027493143457 0.692044521028734 0.8284005106527172 1.0 0.5380050732079369 0.6810779345879329
really 0.6442803343179078 0.6911031023430729 0.8286152801453628 1.0 0.5402674585156885 0.6816701996386382
impossible 0.6442803343179078 0.6911031023430729 0.8286152801453628 1.0 0.5402674585156885 0.6816701996386382
waiting 0.6432456758539348 0.6915765145242095 0.8323854889174442 1.0 0.5423583789357905 0.6831422225790778
back 0.6429156741724179 0.6932693816034992 0.8324679922539329 1.0 0.5407514424208477 0.682620984631057
half 0.6433124311818423 0.691535125244189 0.8318379562911047 1.0 0.5419869708709152 0.685269044797648
hoping 0.6433124311818423 0.691535125244189 0.8318379562911047 1.0 0.5419869708709152 0.685269044797648
find 0.6457527163185167 0.6960817178999414 0.8324392026373645 1.0 0.538817765844937 0.6837815763183723
rules 0.6448171051865749 0.6926314551178551 0.8308350545338531 1.0 0.5409538905085505 0.682569183946165
shutting 0.6405535308625905 0.6935446184401972 0.8279414382212311 1.0 0.5380312946044081 0.6808816194869879
telescopes 0.6417048318136428 0.6916170066415194 0.8281796631017176 1.0 0.5382383699648055 0.6840817144457118
bottle 0.6453729462029192 0.6955869649347914 0.8333206964273926 1.0 0.539297496368147 0.6828516567308702
certainly 0.6460799618283258 0.697733901525993 0.8306323993164849 1.0 0.5382744219375842 0.6800127189673263
neck 0.6487970571822235 0.697706525657677 0.832660141338219 1.0 0.5386130384754041 0.6838174035645677
paper 0.6487970571822235 0.697706525657677 0.832660141338219 1.0 0.5386130384754041 0.6838174035645677
label 0.6478308601398549 0.6967412121043299 0.8331578593172511 1.0 0.5398477394172652 0.6831980774194153
drink 0.6452212778877936 0.6943046787005065 0.8314053863037725 1.0 0.5399969349046522 0.6818073948354686
beautifully 0.6435952821913311 0.6970352318109619 0.8324332462117174 1.0 0.5408696780228153 0.6858481897783326
printed 0.6460633626782571 0.694173231115855 0.8313873385445564 1.0 0.5403746290789784 0.6847492131484558
letters 0.6483521240824341 0.6961727911004004 0.833132691900665 1.0 0.5410676115339644 0.6855295477429825
wise 0.6443080370455677 0.6931934124871448 0.8312110001917132 1.0 0.5436370156116671 0.6877244777408957
hurry 0.6471846756520289 0.6929629414507067 0.8317431780793797 1.0 0.5413443869452566 0.6870721481124993
marked 0.6454111270760252 0.6963128596778146 0.8343618103399846 1.0 0.5407915313691123 0.6854314449358484
poison 0.6464693460030685 0.6952288900885805 0.8347224913948317 1.0 0.5404915062561572 0.684083748668823
read 0.6467796782215905 0.6941792430241149 0.8349378168478302 1.0 0.5439332975464232 0.6869232556011515
histories 0.6475093046234057 0.6932466745741457 0.8332133752464296 1.0 0.5420701530697293 0.6850782882406995
children 0.6466889288529836 0.6935385499528746 0.8332335121646065 1.0 0.5407256802674422 0.6847817474326083
who 0.6466889288529836 0.6935385499528746 0.8332335121646065 1.0 0.5407256802674422 0.6847817474326083
d 0.6454039687965881 0.6926043807940039 0.8346369114903588 1.0 0.5415582241504789 0.684603651991699
gotten 0.6466889288529836 0.6935385499528746 0.8332335121646065 1.0 0.5407256802674422 0.6847817474326083
burnt 0.6466889288529836 0.6935385499528746 0.8332335121646065 1.0 0.5407256802674422 0.6847817474326083
eaten 0.6462775404779587 0.6934687692284724 0.8328211909842055 1.0 0.542371925032971 0.6861440745983606
wild 0.6462775404779587 0.6934687692284724 0.8328211909842055 1.0 0.542371925032971 0.6861440745983606
beasts 0.6462775404779587 0.6934687692284724 0.8328211909842055 1.0 0.542371925032971 0.6861440745983606
unpleasant 0.6444011165280241 0.6911700870664569 0.833387600963803 1.0 0.5412560564737959 0.6861547483807284
because 0.6444011165280241 0.6911700870664569 0.833387600963803 1.0 0.5412560564737959 0.6861547483807284
simple 0.6478185772455372 0.6912269109952084 0.8310364083276659 1.0 0.541965838421719 0.683651529115103
friends 0.6445609755422983 0.6896961248800347 0.8307434358296863 1.0 0.5414532767764154 0.6812693162126041
taught 0.6445609755422983 0.6896961248800347 0.8307434358296863 1.0 0.5414532767764154 0.6812693162126041
red 0.6434876648072609 0.6908557782880969 0.8306752354551844 1.0 0.5395416124603718 0.6830092692533661
poker 0.6431529303926856 0.6898867463211272 0.8281061348621509 1.0 0.5371136890004288 0.6816235662264728
will 0.6431529303926856 0.6898867463211272 0.8281061348621509 1.0 0.5371136890004288 0.6816235662264728
burn 0.6431529303926856 0.6898867463211272 0.8281061348621509 1.0 0.5371136890004288 0.6816235662264728
hold 0.6431529303926856 0.6898867463211272 0.8281061348621509 1.0 0.5371136890004288 0.6816235662264728
cut 0.6400968204173942 0.6907657779470272 0.8261262974962187 1.0 0.5364314663646131 0.6785315865708549
your 0.6414797599273881 0.6910476027387767 0.8248304588045463 1.0 0.5356711472130997 0.6769512983503093
finger 0.6414797599273881 0.6910476027387767 0.8248304588045463 1.0 0.5356711472130997 0.6769512983503093
deeply 0.6414797599273881 0.6910476027387767 0.8248304588045463 1.0 0.5356711472130997 0.6769512983503093
knife 0.6414797599273881 0.6910476027387767 0.8248304588045463 1.0 0.5356711472130997 0.6769512983503093
usually 0.6397831828021558 0.6891130179750496 0.8262216968430085 1.0 0.5351303058184815 0.675955011245585
bleeds 0.6397831828021558 0.6891130179750496 0.8262216968430085 1.0 0.5351303058184815 0.675955011245585
forgotten 0.6422259189649595 0.6906495794788192 0.8322224207660425 1.0 0.540199191015168 0.6814392665951
almost 0.645344297302035 0.6972216453721852 0.8362237877683225 1.0 0.5389331382667208 0.6831055854687575
certain 0.645344297302035 0.6972216453721852 0.8362237877683225 1.0 0.5389331382667208 0.6831055854687575
disagree 0.645344297302035 0.6972216453721852 0.8362237877683225 1.0 0.5389331382667208 0.6831055854687575
sooner 0.6475669927432888 0.6992820041010688 0.8354642911809926 1.0 0.5384099008216802 0.6831496072622399
later 0.6475669927432888 0.6992820041010688 0.8354642911809926 1.0 0.5384099008216802 0.6831496072622399
ventured 0.6468410692912451 0.6968830888797913 0.8359204357705068 1.0 0.5392957986577523 0.6808886764605038
taste 0.6468410692912451 0.6968830888797913 0.8359204357705068 1.0 0.5392957986577523 0.6808886764605038
finding 0.6444442109554962 0.693445110019198 0.8350734753453181 1.0 0.5402708761242415 0.6818698436029544
fact 0.6482882625745687 0.7007614827725129 0.837230475634965 1.0 0.5395917291738157 0.6856331061982424
mixed 0.6482882625745687 0.7007614827725129 0.837230475634965 1.0 0.5395917291738157 0.6856331061982424
flavor 0.6482882625745687 0.7007614827725129 0.837230475634965 1.0 0.5395917291738157 0.6856331061982424
cherry 0.6470145001999371 0.697798010637358 0.834179467531138 1.0 0.5397922753219588 0.682765017767111
tart 0.6470145001999371 0.697798010637358 0.834179467531138 1.0 0.5397922753219588 0.682765017767111
custard 0.6487106562096617 0.7009405188636266 0.8350281421271233 1.0 0.5388095696939966 0.6803070113385391
pine 0.6487106562096617 0.7009405188636266 0.8350281421271233 1.0 0.5388095696939966 0.6803070113385391
apple 0.6487106562096617 0.7009405188636266 0.8350281421271233 1.0 0.5388095696939966 0.6803070113385391
roast 0.6487106562096617 0.7009405188636266 0.8350281421271233 1.0 0.5388095696939966 0.6803070113385391
turkey 0.6449971454166532 0.6987188258611327 0.8331202220540932 1.0 0.5399026440094752 0.6829907988037053
toffee 0.6449971454166532 0.6987188258611327 0.8331202220540932 1.0 0.5399026440094752 0.6829907988037053
buttered 0.6449971454166532 0.6987188258611327 0.8331202220540932 1.0 0.5399026440094752 0.6829907988037053
toast 0.6484161017847396 0.6994807098146315 0.8358535091029944 1.0 0.5394903296473612 0.6841886552095438
finished 0.6466934954733952 0.6997461169926285 0.8344714153810974 1.0 0.5401371106528381 0.6841832195210128
curious 0.6428835271031046 0.6965958585754738 0.8311440302307638 1.0 0.5402668547586355 0.6859821785169795
feeling 0.6427326052043363 0.6952281599724265 0.8296567750753701 1.0 0.5390420705006652 0.6815285684578676
ten 0.6374307231501678 0.6921628377095668 0.8257192073816969 1.0 0.5379967315836922 0.6771876870027076
face 0.6374307231501678 0.6921628377095668 0.8257192073816969 1.0 0.5379967315836922 0.6771876870027076
brightened 0.6362566076542241 0.6934949246382704 0.8244883284745502 1.0 0.5384685849622608 0.6785482368897037
size 0.6363019267071395 0.6939707389174564 0.8259222271291893 1.0 0.5367749438368297 0.6793768050689777
lovely 0.6368950051185766 0.6938284530238797 0.8262872044338687 1.0 0.537749685061639 0.6798883360857764
waited 0.6367008579792752 0.6921511310990232 0.8265125818533106 1.0 0.5377361095283228 0.6783885023797412
minutes 0.6388618775025527 0.6910273186872021 0.8289504646878513 1.0 0.5380292731470758 0.6804289405403722
shrink 0.6380962279968128 0.6924132566983648 0.8300493833839568 1.0 0.5399802409646293 0.6818115343507933
further 0.6380962279968128 0.6924132566983648 0.8300493833839568 1.0 0.5399802409646293 0.6818115343507933
nervous 0.6375211465957302 0.6941850429230376 0.8289594078854782 1.0 0.5376366102068553 0.6833756142231092
altogether 0.6352307608691623 0.6896745273055396 0.8304067266086187 1.0 0.5388238872672967 0.6803827012417841
candle 0.6367269873600552 0.6889735888784789 0.8300840322986733 1.0 0.5385983987358203 0.6786911762072013
flame 0.6368081413770018 0.6856059842975091 0.8288619350469786 1.0 0.536716279322499 0.6765771844868641
blown 0.6369480913133102 0.6865617613431426 0.8312052961675405 1.0 0.5397812355145984 0.6796781345720445
thing 0.6430926068793499 0.6932488022690908 0.8334678814688539 1.0 0.5413167539111613 0.6847285506052286
while 0.6413701738991556 0.6901501199199682 0.8348432068288425 1.0 0.5393614787552349 0.678053262161915
more 0.6420559515161746 0.6900194651475183 0.8342295534497186 1.0 0.5412424554323214 0.6828474907398587
decided 0.6393872412019681 0.6884974034119496 0.8341493979551133 1.0 0.5407419957404913 0.682202313634088
possibly 0.6402584342445793 0.6935979376203004 0.833877442774791 1.0 0.5417743481191125 0.6807645432258079
reach 0.6399266133296032 0.6968559703973161 0.8325760167242094 1.0 0.5410952860420299 0.6829112753431192
plainly 0.6451183430852705 0.6968965565958117 0.8373001621233224 1.0 0.541482230009892 0.685867597717038
best 0.6454117147335218 0.6963227269471873 0.8358158711475052 1.0 0.5420266439267687 0.6840522859324465
climb 0.6454117147335218 0.6963227269471873 0.8358158711475052 1.0 0.5420266439267687 0.6840522859324465
legs 0.6419608624577929 0.6932590166327833 0.8319270967496112 1.0 0.540919548634741 0.6845562361254235
slippery 0.6416798935273893 0.691834252577829 0.8322977552796436 1.0 0.540586653689532 0.6842247815604967
sat 0.6457428638862468 0.6971354754986965 0.8335098903884105 1.0 0.541425749713417 0.688261519739469
cried 0.6440788226077037 0.6938441692759124 0.8349670454542651 1.0 0.5422088398623868 0.6863642629547603
crying 0.6434215677164373 0.6915466159080889 0.8328552886259795 1.0 0.5401967924625292 0.6841121886819311
sharply 0.6410075620009608 0.6915071895759023 0.8310716121947934 1.0 0.5406067434686056 0.6819373290941964
advise 0.6402802069106168 0.6931200365863456 0.8316034336779784 1.0 0.538848871199995 0.6797389514798312
leave 0.6402802069106168 0.6931200365863456 0.8316034336779784 1.0 0.538848871199995 0.6797389514798312
minute 0.638369230476123 0.6922901629453203 0.8301373191436348 1.0 0.5394770609593473 0.6802872794127925
generally 0.6359312924351858 0.6883926466053302 0.8289156605687475 1.0 0.5388912034364274 0.682733336167977
gave 0.6359312924351858 0.6883926466053302 0.8289156605687475 1.0 0.5388912034364274 0.682733336167977
advice 0.6359312924351858 0.6883926466053302 0.8289156605687475 1.0 0.5388912034364274 0.682733336167977
seldom 0.6386661164403471 0.6920317663006401 0.8288187461563256 1.0 0.5391937627174952 0.6808838127668325
followed 0.6386661164403471 0.6920317663006401 0.8288187461563256 1.0 0.5391937627174952 0.6808838127668325
scolded 0.6371055073899556 0.6925516883594357 0.8268357221133616 1.0 0.5382775800536123 0.6773397208228683
severely 0.6372667801154247 0.6913948168572375 0.8264102489569513 1.0 0.540472058844225 0.6807017050068856
bring 0.6372667801154247 0.6913948168572375 0.8264102489569513 1.0 0.540472058844225 0.6807017050068856
tears 0.6385055884408432 0.6911848223176047 0.8278514937020468 1.0 0.5386537922268333 0.6818500268020923
remembered 0.6394964790695082 0.6976784154883782 0.8305868836823297 1.0 0.5418225723540377 0.6828317942810428
box 0.6420674681569757 0.6994385912727517 0.8334213309267494 1.0 0.5427927304085137 0.6861613638735944
cheated 0.6429636713591949 0.6996758811777113 0.8335480800011653 1.0 0.5411944517700099 0.6906769741761684
game 0.6431958657620798 0.6982598990311171 0.8337234853085697 1.0 0.5427126649807502 0.6912625973823919
croquet 0.6431958657620798 0.6982598990311171 0.8337234853085697 1.0 0.5427126649807502 0.6912625973823919
playing 0.6431958657620798 0.6982598990311171 0.8337234853085697 1.0 0.5427126649807502 0.6912625973823919
against 0.6431958657620798 0.6982598990311171 0.8337234853085697 1.0 0.5427126649807502 0.6912625973823919
child 0.6438288737306879 0.699679662170732 0.8320578488279919 1.0 0.5411040513947571 0.6897692299307973
fond 0.6438288737306879 0.699679662170732 0.8320578488279919 1.0 0.5411040513947571 0.6897692299307973
pretending 0.6438288737306879 0.699679662170732 0.8320578488279919 1.0 0.5411040513947571 0.6897692299307973
two 0.6444771757974169 0.7012401140701591 0.8340043595404409 1.0 0.5432324406355081 0.6906184974166141
pretend 0.6447746783928632 0.7017547674065674 0.8361743936076517 1.0 0.5446103324030581 0.6925459005254524
hardly 0.6445035900459107 0.6986896482878594 0.8362062531304211 1.0 0.5428418990672501 0.6934815085135357
enough 0.6445035900459107 0.6986896482878594 0.8362062531304211 1.0 0.5428418990672501 0.6934815085135357
respectable 0.6478808744055794 0.7013623471861368 0.8367798625813342 1.0 0.5434572873191179 0.6944338634992817
person 0.6478808744055794 0.7013623471861368 0.8367798625813342 1.0 0.5434572873191179 0.6944338634992817
eye 0.6498074858003976 0.7053566316835459 0.8385838507121334 1.0 0.5434285424828109 0.6880966284874219
lying 0.6446457236829439 0.7012037418775745 0.8362637892267921 1.0 0.5437656304403373 0.6895003438960836
cake 0.640010872752332 0.6967612196732569 0.8336542692979572 1.0 0.5431508358102768 0.6875782959720459
currants 0.6422315930881296 0.6995697643340615 0.8332781048388174 1.0 0.5416929894884907 0.6894807451107565
makes 0.6406364156641178 0.6989992857987772 0.8330876765249962 1.0 0.5409691473272374 0.6859982887997146
grow 0.6393303540954746 0.6986110764086534 0.8319968323252124 1.0 0.5404597511801745 0.684987322046916
can 0.639197087143398 0.6984588704837446 0.8313462237553054 1.0 0.5416967785741408 0.6843044740481556
smaller 0.6390647901357207 0.697111798230043 0.8327178366936031 1.0 0.5405020307945035 0.6849207015563312
creep 0.6387983011465215 0.6968082935997822 0.8314153949759925 1.0 0.54297740256986 0.6835543095477723
