word v0 v1 v2 v3 v4 v5
alice 0.6500083144287653 0.4543224420605886 0.7347591104229321 1.0 0.7343082165762878 0.732836176858678
was 0.6502281842798332 0.45448149822161377 0.7348923209264545 1.0 0.7345701960731572 0.7329978780901516
beginning 0.6518793684057173 0.4528518441689276 0.7362259429629551 1.0 0.7379582439864373 0.7377470901881374
to 0.6502641748519561 0.45447376008555973 0.7349127030631516 1.0 0.7348368825918365 0.7334866653495362
get 0.651004895356295 0.4531449341496846 0.7355899229636959 1.0 0.7342623717075486 0.7326872872088125
very 0.6515499290732492 0.45475534682390084 0.7350055935236679 1.0 0.7353271145432924 0.7337409800195684
tired 0.6497736998374148 0.4519344990510945 0.7365808214022447 1.0 0.7352516342020973 0.7367757688582662
of 0.6498803633500261 0.45416509702774394 0.7349606419792221 1.0 0.7348982670374029 0.7331544152510447
sitting 0.6466340800395478 0.45103167016177076 0.736079981805925 1.0 0.7359740500459412 0.7352745462509118
by 0.6496309319470276 0.4553277952808838 0.7348068120196294 1.0 0.7358055258027653 0.7327816165101845
her 0.6500681044830788 0.4534915094605021 0.734850747614524 1.0 0.7348065443217826 0.7339704297368085
sister 0.6489340106978453 0.45115295581210857 0.7362293420281036 1.0 0.7365290912742634 0.7360063303085689
on 0.6498756280537183 0.4543986551048777 0.7358898764973533 1.0 0.7356807074999302 0.7331742133361482
the 0.650614136929298 0.4545485934305547 0.7355080027571129 1.0 0.7351933808358044 0.7334775254933946
bank 0.6476274514037221 0.4497163240517228 0.7362598790230016 1.0 0.7382883054943232 0.7365144569114869
and 0.6506060064320823 0.454416932136873 0.7352382500582979 1.0 0.7350005317211153 0.7330411743449564
having 0.6504694425661735 0.45255144997738456 0.7369088093944877 1.0 0.7361904674838936 0.7358051395035935
nothing 0.6488006641836446 0.4524399736961225 0.7352843623484406 1.0 0.7348970531459676 0.7329547885102744
do 0.6490533209752813 0.45435339331362895 0.7345816031636418 1.0 0.7335253835277582 0.732692521140533
once 0.6503041849696791 0.4525102714141118 0.7363415131585183 1.0 0.7355203069719392 0.7351383070230918
or 0.6504793082083153 0.4543606270616089 0.7349286093953803 1.0 0.7359425672199503 0.7338302806707364
twice 0.6501225093729832 0.45183600287658476 0.7367525380470119 1.0 0.7374078937908091 0.7350140330968343
she 0.6505880742076152 0.4542909848728601 0.7352853892167627 1.0 0.7349420663362882 0.7332859721570544
peeped 0.6512403153461119 0.4512745775915014 0.7363791161847433 1.0 0.7370856707347097 0.7367401424205181
into 0.6513731752644971 0.4536851477944606 0.7362437955643111 1.0 0.7346615967103505 0.7340305364924207
book 0.65126326614691 0.4545321300871261 0.7358192731534859 1.0 0.736291022431029 0.7348143545234342
reading 0.651339908992088 0.450297227717008 0.7342900488127109 1.0 0.7368317643463229 0.7359901547925776
but 0.6510192325198704 0.45454130104372403 0.7353483860129992 1.0 0.7352256956595091 0.7339362311265903
it 0.650962715495429 0.45474467739381236 0.7351749906208939 1.0 0.7353862963406728 0.7335163030409781
had 0.6505436304302501 0.45417034456904537 0.7351721449015505 1.0 0.7352880143972115 0.7330229743823562
no 0.6506418882984151 0.4563452995167911 0.7346007675953617 1.0 0.7344169395178826 0.7333672130929215
pictures 0.6473504634881526 0.4512247931370496 0.7327272037437262 1.0 0.7350198651036804 0.734207418358873
conversations 0.6504453789330544 0.452201992635101 0.7359250352205807 1.0 0.7355219618072901 0.7371747024594139
in 0.650182687125951 0.454883828137143 0.7351448916969517 1.0 0.7351369783839112 0.7333794091402644
what 0.6500410344871144 0.4535230269802224 0.7346769215391595 1.0 0.7347404188960422 0.7333146278257469
s 0.6513109603151804 0.45571753715387453 0.7359819004494427 1.0 0.7362809455749652 0.7346019645430423
use 0.6509459602560443 0.4571994389968973 0.7348969823403805 1.0 0.7346028171614388 0.7327710041246418
a 0.6506232216952418 0.45443386823755494 0.7354133991291897 1.0 0.7348889931541138 0.7328275329262676
thought 0.6497325365276759 0.4536273795997755 0.7341630002178825 1.0 0.7350146875031569 0.7333781329658194
without 0.649708679652326 0.45305840356400967 0.7346836912258945 1.0 0.7353362192729198 0.7322654277265168
conversation 0.6464188977600044 0.4512227355076407 0.7339919681123517 1.0 0.7367108599446646 0.735334270478253
so 0.6509671861260502 0.4541366061776469 0.7340641181074531 1.0 0.7347644250793504 0.7329211400682772
considering 0.6484920800225001 0.45023927117299445 0.7338890403710515 1.0 0.7356685980910672 0.7349954861177059
own 0.6522943464968586 0.4522683025936068 0.7350561615930933 1.0 0.734686102436343 0.7367596664336666
mind 0.649346721464399 0.45160141833629625 0.7326332344029113 1.0 0.7354150896056578 0.7340922079425974
as 0.6498676224081226 0.4544897521909686 0.7347644405208785 1.0 0.7344061229857489 0.7333295368536491
well 0.6489227345480176 0.4544455870775228 0.7341160118576532 1.0 0.7360523774619319 0.7339993876250103
could 0.6512405096842417 0.4538131959590143 0.7366468025742938 1.0 0.7344819368254387 0.7335184521375219
for 0.6504849493649374 0.4542427789799457 0.7351736136794224 1.0 0.735389567682978 0.7341681556850622
hot 0.654283101843875 0.4570031857672888 0.7373214872476628 1.0 0.7392269706932935 0.73651197202207
day 0.6512282920899621 0.4511261627700582 0.7368681643202574 1.0 0.7386156508772075 0.7363308391506915
made 0.6514691116467234 0.45278216651177183 0.7365182436394949 1.0 0.7366107720969003 0.7321811233669588
feel 0.6534383112818529 0.4536187498777343 0.7375570687851954 1.0 0.7392868692901238 0.7370674670160111
sleepy 0.6534347638555508 0.4553144227360463 0.7378273467979378 1.0 0.7375896181668997 0.7348577659276224
stupid 0.6534383112818529 0.4536187498777343 0.7375570687851954 1.0 0.7392868692901238 0.7370674670160111
whether 0.6524537770795261 0.451983133653166 0.7347705273050015 1.0 0.7370587285019925 0.7348045385310146
pleasure 0.651371020721323 0.4490463985933585 0.7358207349112684 1.0 0.7385034997796748 0.7369825084655096
making 0.651371020721323 0.4490463985933585 0.7358207349112684 1.0 0.7385034997796748 0.7369825084655096
daisy 0.6472217646865549 0.4503694012935219 0.7354847077979181 1.0 0.7362192046581736 0.735562554479255
chain 0.6472217646865549 0.4503694012935219 0.7354847077979181 1.0 0.7362192046581736 0.735562554479255
would 0.6508664885476139 0.4546625183906478 0.7352314342183476 1.0 0.7345286624798414 0.7320265269921015
be 0.6497089917926024 0.4541270547924568 0.7346816544475261 1.0 0.7343954077588313 0.7323026558835087
worth 0.6472217646865549 0.4503694012935219 0.7354847077979181 1.0 0.7362192046581736 0.735562554479255
trouble 0.6482391893785004 0.45168871446387193 0.7335406233974765 1.0 0.735590247060139 0.7333576920489981
getting 0.6483796604938299 0.4521753759477898 0.7333665669449936 1.0 0.7332760824537693 0.7307566627154866
up 0.6501018952003849 0.45433822209709523 0.7348172977575129 1.0 0.7341876692886072 0.7318791451345913
picking 0.6482391893785004 0.45168871446387193 0.7335406233974765 1.0 0.735590247060139 0.7333576920489981
daisies 0.6482391893785004 0.45168871446387193 0.7335406233974765 1.0 0.735590247060139 0.7333576920489981
when 0.6496024020812853 0.4532839884814731 0.7352298919770494 1.0 0.7349610324230774 0.7328707775530273
suddenly 0.6473050925224866 0.4514099303727552 0.7336596346108512 1.0 0.7343695938057572 0.7314011232297957
white 0.6513072414193322 0.4530839968733599 0.7357712486084408 1.0 0.7349867361064149 0.7329771376216517
rabbit 0.6495893732227775 0.45171032983127124 0.7345435374915745 1.0 0.7349803440411896 0.7328318317223596
with 0.651721490940638 0.4547339546648713 0.7351490714168396 1.0 0.7352065561193248 0.7343254399809013
pink 0.6529059581524352 0.45088503841123123 0.7374746787614113 1.0 0.7392074206484447 0.7369747602581493
eyes 0.652552445325099 0.45304076733318166 0.7370251984798435 1.0 0.7368964422284598 0.7366916543561414
ran 0.6500806856736309 0.4510807484812251 0.7348525696762995 1.0 0.7345871456447782 0.7334989205820055
close 0.6506322233953858 0.45297724451084986 0.7362452671945715 1.0 0.7350416062246145 0.732903701982693
there 0.6499643781455402 0.4556116664052439 0.7349790993454159 1.0 0.7337288306063489 0.7323589885326482
remarkable 0.6464687974681435 0.4524176023715406 0.7356978607949809 1.0 0.7360744613338325 0.7344411459794211
that 0.6514962441873658 0.4549141090215091 0.735620343577899 1.0 0.735403642189353 0.73282775293883
nor 0.6464687974681435 0.4524176023715406 0.7356978607949809 1.0 0.7360744613338325 0.7344411459794211
did 0.648801671744469 0.45407321493876157 0.7341344136618712 1.0 0.7336995166245007 0.7317722709503128
think 0.6487335402156309 0.4540193023684553 0.7347927710182257 1.0 0.7341961121584282 0.7323862139103527
much 0.6512966263462812 0.4564225363004252 0.7357663876524547 1.0 0.7350114212928626 0.7333378167736239
out 0.6494701128864443 0.4522918112746615 0.7344650060604894 1.0 0.7343575363715154 0.7332746466649532
way 0.6493050952134733 0.45403394313928247 0.7350221488989352 1.0 0.7343708492488935 0.7319057404166597
hear 0.6491195853723041 0.4537050663448642 0.7340922363931324 1.0 0.7342353615339444 0.7311351327273857
say 0.6497589126492348 0.45493370423039403 0.7344185191159293 1.0 0.7347153743183097 0.7330042686054509
itself 0.6487961311832856 0.45279364849714393 0.7349673381016755 1.0 0.7359959102371272 0.7331052159267328
oh 0.6489756723493668 0.4518907496939834 0.7328062177461905 1.0 0.7324473028701146 0.7299248836964702
dear 0.649104303857774 0.4534238920707163 0.7338438788281653 1.0 0.7342117533729022 0.732922112052556
i 0.6497726716612926 0.45427073018550795 0.7346033636342183 1.0 0.7342426515742498 0.7328537620135243
shall 0.6476578916022975 0.45343925107595434 0.7341597531804753 1.0 0.7335724771828421 0.732881334053656
late 0.6483380023384315 0.4512971262909895 0.7342269384550867 1.0 0.733652240099313 0.7317127370711174
over 0.6481465031104255 0.4535684304518938 0.7334955989014128 1.0 0.7345555980816995 0.7333507733800759
afterwards 0.6453307698964418 0.4506771701135623 0.7335713514493949 1.0 0.7367326199755713 0.7334590403347472
occurred 0.6453307698964418 0.4506771701135623 0.7335713514493949 1.0 0.7367326199755713 0.7334590403347472
ought 0.649555225973987 0.45217654677510644 0.7342662329363677 1.0 0.7373370692275226 0.7338074439374235
have 0.6477920999572491 0.45264501173168725 0.7347553950598366 1.0 0.735605985991751 0.7337997650710516
wondered 0.649555225973987 0.45217654677510644 0.7342662329363677 1.0 0.7373370692275226 0.7338074439374235
at 0.6504133237152938 0.45480106967399614 0.735615543053487 1.0 0.7355354921931112 0.7347168689269256
this 0.6500021463461273 0.45504978985083827 0.7346393700092184 1.0 0.7351912427571801 0.7342566228809069
time 0.6486392539089544 0.453630512490363 0.7342084381924154 1.0 0.7344159637856617 0.7329237855154215
all 0.6496134909439679 0.4539490934859273 0.7352381493950866 1.0 0.7340220377359983 0.731831205345149
seemed 0.6506033982231583 0.46041183398882896 0.7337255240233947 1.0 0.7346921466812902 0.7334811082642834
quite 0.6524485275713762 0.45526324386312195 0.7382788100508073 1.0 0.7372584745527436 0.7385439544252481
natural 0.6497721220205575 0.4539484479958305 0.7358249511820586 1.0 0.7364039721743109 0.7372384246328818
actually 0.6526989030001036 0.45380706844042584 0.7352596793427967 1.0 0.7368185507091654 0.7352888442817186
took 0.6504156301496418 0.4537134636550383 0.7330189655288497 1.0 0.7346640880116118 0.7325807669167773
watch 0.6467346034045853 0.4517136538286762 0.733163393605227 1.0 0.7345468199871498 0.7335136281322963
its 0.6474489636513812 0.45303492087555514 0.732256091073233 1.0 0.734608517780601 0.7330238064229984
waistcoat 0.6467346034045853 0.4517136538286762 0.733163393605227 1.0 0.7345468199871498 0.7335136281322963
pocket 0.6463220561623255 0.4517615578958178 0.7332711566666039 1.0 0.7341412655797379 0.7329923209512161
looked 0.6482490986056058 0.4546957340950749 0.736187298724973 1.0 0.734166485771147 0.7328821533964287
then 0.6489481813970289 0.4525092792260102 0.7345644413984596 1.0 0.7355111011285033 0.733963205931228
hurried 0.6478540210001078 0.4500704506601466 0.7331574300465472 1.0 0.7349534876614852 0.733009902869007
started 0.649867731802943 0.4516975851142786 0.7341159443397033 1.0 0.7358946512980139 0.7343900213202021
feet 0.6485727795994704 0.4526078267171495 0.7347265849702846 1.0 0.7349109648093144 0.7327766162702275
flashed 0.6476541301788811 0.4526821132079436 0.7322022698277868 1.0 0.7348925385325111 0.7314610120888422
across 0.6482464093824546 0.4512713309760976 0.733427557496314 1.0 0.7347266449937823 0.7320215910531295
she'd 0.6476541301788811 0.4526821132079436 0.7322022698277868 1.0 0.7348925385325111 0.7314610120888422
never 0.6510008405974953 0.4541241680740759 0.7350461128460832 1.0 0.7350527110439786 0.7333314747871073
before 0.6484120562829107 0.45324600564522727 0.7347534088035667 1.0 0.7346769835498802 0.732393823379489
seen 0.6490191921468852 0.45172709938235633 0.7343223971538388 1.0 0.7329335993124569 0.7315188730484705
either 0.6516936894344851 0.45611792994037376 0.7356713600415933 1.0 0.7361191331971589 0.7347140525351792
take 0.646816123012335 0.4514496222363681 0.7341657447425557 1.0 0.7346667229531266 0.7335062454816925
burning 0.646816123012335 0.4514496222363681 0.7341657447425557 1.0 0.7346667229531266 0.7335062454816925
curiosity 0.648939419599196 0.45076985753878834 0.7336530529971279 1.0 0.7332107142805152 0.731259711542749
field 0.6488428448389961 0.44985064873796593 0.734661443483807 1.0 0.7345595873157278 0.7325861038175066
after 0.6490112331991724 0.4516851403755379 0.7354955079752444 1.0 0.7352677600284417 0.7328302440828269
fortunately 0.6455267484283886 0.4512548213035667 0.7354322599305491 1.0 0.7359703191327948 0.7317224748180103
just 0.648172432159929 0.45338608359635074 0.7349520445436186 1.0 0.7341445157993275 0.7313509266196668
see 0.649308319398374 0.4538935348248508 0.7348635281659446 1.0 0.7343677504065624 0.7335658081927018
pop 0.6475062447922003 0.44827106291153607 0.7340792927274117 1.0 0.7349082957094689 0.7324752353628556
down 0.6482721786023176 0.45323414950484425 0.7343874348893081 1.0 0.7340256282901172 0.7321568878668563
large 0.6504526327344184 0.454092453005172 0.7355299941856698 1.0 0.7364098766337772 0.7334915028492446
hole 0.6492533625357685 0.45275847902096017 0.7366378450514895 1.0 0.736041149143274 0.7336067450195913
under 0.6510537485474566 0.45298812771978064 0.7357034828276844 1.0 0.7362070270254892 0.7337299617726925
hedge 0.6485028681378769 0.4500064588986213 0.7351548502137347 1.0 0.7370790861507457 0.7336685512464707
another 0.6504430036963658 0.45693820493637655 0.7365084140403341 1.0 0.7364337973150628 0.7337953095468811
moment 0.6483407560952545 0.4538587594472842 0.7357503177046274 1.0 0.7352097955132589 0.7318321582011439
went 0.6510868491995697 0.454769375360872 0.7360615402644483 1.0 0.7371774554105301 0.7346234863306169
how 0.6497264464918683 0.4530977800120308 0.7344093999482512 1.0 0.7328035804321428 0.7314514047203093
world 0.6500399950599721 0.45242023680047266 0.7350462675386872 1.0 0.7337815428800987 0.7316754091593155
again 0.6491897318676282 0.4530477961571616 0.7333590825624046 1.0 0.7330254874702087 0.7319609042387748
straight 0.6465639520849352 0.45116634194323735 0.7343813265669231 1.0 0.7360230874915932 0.7342407840005438
like 0.6501134637880372 0.45401150224824 0.7355944779141523 1.0 0.7358010894874436 0.7337836194336387
tunnel 0.6465639520849352 0.45116634194323735 0.7343813265669231 1.0 0.7360230874915932 0.7342407840005438
some 0.6480867114545619 0.45264974236271754 0.7330941079776996 1.0 0.735741185821108 0.732377719895963
dipped 0.6480867114545619 0.45264974236271754 0.7330941079776996 1.0 0.735741185821108 0.732377719895963
not 0.6513489885749607 0.4556785027239896 0.7360074215355279 1.0 0.7350282212712578 0.7326831160373156
about 0.6505276888528516 0.45425327569044366 0.7355256724555982 1.0 0.735171778962218 0.733201259778045
stopping 0.6494335582251858 0.45285173447679566 0.7362999214451337 1.0 0.7363587406400993 0.7335988707576386
herself 0.6512670980862342 0.455004353303773 0.7358457609256174 1.0 0.7344175770400473 0.7347776812595668
found 0.6516349532652173 0.45504237250633456 0.736837800815014 1.0 0.7353311002941514 0.7338739426116155
falling 0.6474241319859237 0.4542999689258339 0.7342180515408177 1.0 0.7331158016455835 0.7327797776691457
deep 0.6482804028393134 0.4518007467318793 0.7332588474928612 1.0 0.7340233272307495 0.7325751277652378
fell 0.647231483047965 0.4534974856124273 0.7329847480114171 1.0 0.7330522676453683 0.7318801086128669
slowly 0.6468467487997563 0.45366274845424337 0.7329188395965964 1.0 0.7333585735387602 0.7319713112548146
plenty 0.6451552396307003 0.45191465740334963 0.7323945647701795 1.0 0.7343446859893671 0.7322213064332612
look 0.6484610257447365 0.4536463060320962 0.7345834487639624 1.0 0.73604212413899 0.7326510921186842
wonder 0.6501540350933249 0.4539013112145765 0.7354974216377382 1.0 0.7351071453718443 0.7338118545476674
going 0.652490232427885 0.4545718119591098 0.7367739153526012 1.0 0.7375648480239964 0.7354678315993957
happen 0.6477827776867975 0.4527946933461019 0.7361271521224798 1.0 0.7350646729492114 0.7311286290126169
next 0.6477827776867975 0.4527946933461019 0.7361271521224798 1.0 0.7350646729492114 0.7311286290126169
first 0.6496550261610223 0.4554912861299472 0.7357302148553634 1.0 0.7360276225866927 0.7335633158926517
tried 0.6500070464588031 0.4541510169345992 0.7357786704862576 1.0 0.7345437088608419 0.7330309884842318
make 0.6480568136202172 0.4530654681171084 0.7354532716231945 1.0 0.7353378550636485 0.7340281630365889
coming 0.6464516808042777 0.45138819929411655 0.733113143191696 1.0 0.7354681306161212 0.732538801900954
too 0.651320287656654 0.45592826607230535 0.7369848906661502 1.0 0.7373497307957793 0.7353993391484426
dark 0.6471852942086032 0.45271567922641626 0.7338498785496059 1.0 0.7327693445657629 0.7312877154789382
anything 0.6483405499742502 0.4522217583306514 0.7338709443753286 1.0 0.7348131551946776 0.7350592514317473
sides 0.6463169817333477 0.45440096422601656 0.7347843214813974 1.0 0.7355994212324708 0.7355469172769581
noticed 0.6482426478117264 0.4520440602699088 0.7345638385641501 1.0 0.7351161644580915 0.7324135212489022
they 0.6501052605174804 0.4545399242718856 0.7339466075576716 1.0 0.7337398705522443 0.7326335600290994
were 0.6510859294833892 0.45508741940673053 0.736609939857284 1.0 0.7362398911593576 0.7330925571184946
filled 0.6502600856766677 0.4517158253782828 0.7337753438542891 1.0 0.7346815496772907 0.7336504071928387
cupboards 0.6474232062427373 0.45164268267828195 0.7320793402998229 1.0 0.732661715856429 0.7319432099134293
shelves 0.6484713136909687 0.45419386221594477 0.7342489921992771 1.0 0.734534374030935 0.733124695676362
here 0.6506784018555564 0.4557910865814103 0.7349525619709137 1.0 0.7344204629019336 0.7333167845006007
saw 0.6474987314783238 0.45242461314779164 0.7345058104349937 1.0 0.73265888254095 0.7302684709674437
maps 0.6445960309913845 0.451002572052672 0.7310736990706882 1.0 0.7326757556920012 0.7284911723128547
hung 0.6443098124689519 0.45214848009286374 0.7299207311142335 1.0 0.7315434597123428 0.7313191520007278
upon 0.6472558868076136 0.4531709472981765 0.7329063872934565 1.0 0.7325179938504037 0.7299855765570957
pegs 0.6443098124689519 0.45214848009286374 0.7299207311142335 1.0 0.7315434597123428 0.7313191520007278
jar 0.6483131596166608 0.45400396341831045 0.7315524571934219 1.0 0.7327411778863835 0.7313578930800013
from 0.6527469766314177 0.4569513124256052 0.7354197175539376 1.0 0.7357665069863296 0.7324730415776807
one 0.6504728652521508 0.45491713267882355 0.7357564902041652 1.0 0.734690087237261 0.7339640106377682
passed 0.6496667154205519 0.4541084748058905 0.7358650406167323 1.0 0.734672565886777 0.734163238793941
labled 0.6438581227331188 0.4523113993772528 0.732632002248526 1.0 0.7340321231041149 0.7324481149132093
orange 0.6438581227331188 0.4523113993772528 0.732632002248526 1.0 0.7340321231041149 0.7324481149132093
marmalade 0.6438581227331188 0.4523113993772528 0.732632002248526 1.0 0.7340321231041149 0.7324481149132093
great 0.6476246769961064 0.4532160889547187 0.7319230025316952 1.0 0.7321244367389612 0.7298425434944259
disappointment 0.6472014933771421 0.45338888125542454 0.7313186918009376 1.0 0.732924488079756 0.731983946431515
empty 0.6441204281783672 0.45107833730942154 0.7298759121355417 1.0 0.7313641859011335 0.732167294938728
drop 0.6484801994182281 0.4543873090065163 0.7323128481441826 1.0 0.7329597128391202 0.7328261165686534
fear 0.6484801994182281 0.4543873090065163 0.7323128481441826 1.0 0.7329597128391202 0.7328261165686534
killing 0.6484801994182281 0.4543873090065163 0.7323128481441826 1.0 0.7329597128391202 0.7328261165686534
somebody 0.6485579819230981 0.45270663735757055 0.7305208760193166 1.0 0.7323962583121644 0.7311202398264892
managed 0.6485579819230981 0.45270663735757055 0.7305208760193166 1.0 0.7323962583121644 0.7311202398264892
put 0.65008053579664 0.45389728267764595 0.7330315491161207 1.0 0.7344392111177973 0.7318927326623017
past 0.6446073170521678 0.45157008116556424 0.7303958855787418 1.0 0.7306568269087761 0.7302486442904559
such 0.6516094959843247 0.455488122484215 0.7360926863117109 1.0 0.7354657068842292 0.7322606589552705
fall 0.6503405110977594 0.4548693471121268 0.7337082261172446 1.0 0.733631625718303 0.7319997811263937
tumbling 0.6504942510816496 0.45475963805091163 0.7353097991574051 1.0 0.7353497560448928 0.7329466885190992
stairs 0.6504942510816496 0.45475963805091163 0.7353097991574051 1.0 0.7353497560448928 0.7329466885190992
brave 0.6466576235517678 0.4544227009100765 0.7343226316808403 1.0 0.7339412445553277 0.7335875448233364
ll 0.6505727390946319 0.4554953445339951 0.734263445824344 1.0 0.7347459551302831 0.7336509462435304
me 0.6511045698481506 0.45578314782977575 0.7351042367976309 1.0 0.7352088339109834 0.7335528352016794
home 0.6476782962670878 0.454684113541178 0.7356250385871438 1.0 0.7346844265407269 0.7349278347809831
why 0.6479264527738943 0.45443426918679153 0.7367089583485213 1.0 0.7356249194907537 0.735395972161381
n't 0.6494386269496215 0.4562586127797497 0.7361763248969838 1.0 0.7347279076977515 0.7337924652399596
even 0.6502864226623768 0.45334042963229504 0.7352314669605786 1.0 0.7336031002063363 0.7324097476872738
if 0.6529136796905903 0.45589087036253145 0.7363268381582889 1.0 0.7363229825132931 0.7343595114540229
off 0.6513492149492998 0.45542875837664376 0.7337069141184548 1.0 0.7337812269143699 0.7331301349765575
top 0.6495863394254799 0.4544165222842056 0.7334571678227982 1.0 0.7336791009228044 0.7316058673945172
house 0.6495863394254799 0.4544165222842056 0.7334571678227982 1.0 0.7336791009228044 0.7316058673945172
which 0.6511646001150598 0.45679110184640787 0.735879054507489 1.0 0.7349302938450347 0.7340809160069706
likely 0.6506509321562026 0.4594391513822704 0.7354984720392884 1.0 0.7362008876389087 0.737465966170294
true 0.6506509321562026 0.4594391513822704 0.7354984720392884 1.0 0.7362008876389087 0.737465966170294
come 0.6511090561993894 0.45658420805979394 0.7343897253728635 1.0 0.734475711577528 0.7332482029268694
an 0.652018665587848 0.4568403514585153 0.734787185274201 1.0 0.7344312149828668 0.7326295479904484
end 0.6522737744737099 0.45356465063963214 0.7334283347740176 1.0 0.7348520857091465 0.7361197058165371
many 0.6476943984555855 0.4531378235107268 0.7329506265713804 1.0 0.7324305665764576 0.7310042947365442
miles 0.6461054545020122 0.45281952742029946 0.7339283477885487 1.0 0.734550835050272 0.7323855662527983
ve 0.6463547520205497 0.45315020475305956 0.7324460633718931 1.0 0.7340061683995879 0.732951574510473
fallen 0.6458178562778801 0.4528124243145149 0.7327024849745526 1.0 0.7343208124133643 0.7339029855937779
said 0.652950481880388 0.4571995318449095 0.7355090164050406 1.0 0.7345765640954764 0.734877976655815
aloud 0.6490718095799717 0.4533521966387005 0.7321481223362908 1.0 0.7325579113839227 0.7335292572439489
must 0.6479392338880676 0.45187857634479056 0.731549170586064 1.0 0.733456429559701 0.7309998763612873
somewhere 0.647286685732689 0.4541286435123707 0.7327811996918023 1.0 0.7314793686370155 0.7307061659035751
near 0.6474361654801531 0.4521272997728664 0.7322862617267115 1.0 0.7324284645240696 0.7302001745303761
centre 0.6474361654801531 0.4521272997728664 0.7322862617267115 1.0 0.7324284645240696 0.7302001745303761
earth 0.6479869921935806 0.45402412740361 0.7343674220539197 1.0 0.7336900504283101 0.7322379237904827
let 0.647430791542645 0.45431674559644536 0.7347526679908164 1.0 0.7342001246403783 0.7310390676766543
four 0.6463932149277732 0.4528266345321425 0.7351549019731054 1.0 0.734780987416932 0.730867291107198
thousand 0.6463932149277732 0.4528266345321425 0.7351549019731054 1.0 0.734780987416932 0.730867291107198
you 0.6514020448915969 0.45655048741198306 0.7357797640638033 1.0 0.7341194690153519 0.7333080203326765
learnt 0.6453708162799713 0.45328397471413817 0.7340612531605183 1.0 0.7353046083530312 0.733792909289265
several 0.6517607518036673 0.45618095631126676 0.733730093503836 1.0 0.7350880333648974 0.733792896009165
things 0.6510730579274098 0.45435444799366287 0.7348538948453083 1.0 0.7336493259066755 0.7316080015826535
sort 0.6485614136301852 0.45624693116883513 0.7337312630683933 1.0 0.7347005533694144 0.7333211063719841
lessons 0.6484982098527149 0.4555495208398225 0.7326471534909867 1.0 0.7343836201858082 0.7344706336114176
schoolroom 0.6478638388494568 0.4539175286547449 0.7330091299380124 1.0 0.7348365818963184 0.7329960896889093
though 0.6508063910293975 0.4543544089387652 0.7352987133563981 1.0 0.734323465975201 0.7333718176140437
good 0.651565748040429 0.45721638065943704 0.7352434689839308 1.0 0.7368720224419817 0.7355044726927538
opportunity 0.6513554297605267 0.4554257826723375 0.7354177326101287 1.0 0.7354346197278417 0.7361506871287783
showing 0.6495423617923619 0.4555311265819221 0.7339867310560928 1.0 0.7333479507480202 0.7351404754606761
knowledge 0.6495423617923619 0.4555311265819221 0.7339867310560928 1.0 0.7333479507480202 0.7351404754606761
listen 0.6490143114725944 0.4541284540939871 0.7334063536316368 1.0 0.7341831717585118 0.7347653177772346
still 0.6498696539417421 0.45417100006244965 0.7350252051938325 1.0 0.7337134117169297 0.7327308011121152
practice 0.6492642220606238 0.45646318978746664 0.7346972723896708 1.0 0.7353747645781591 0.7355717461014208
yes 0.6490785868951485 0.45505148663576006 0.7341709799871217 1.0 0.7339112700608239 0.7327613250777576
right 0.6502453079250969 0.4550270695803362 0.7349935125531669 1.0 0.734467923632747 0.7337691867528139
distance 0.6490785868951485 0.45505148663576006 0.7341709799871217 1.0 0.7339112700608239 0.7327613250777576
latitude 0.6503030539731481 0.4544655471986727 0.7330334616760239 1.0 0.7345995200167666 0.7319721807735408
longitude 0.6494717260247688 0.45457304224478645 0.7333537163556997 1.0 0.7348576289965856 0.7331762170281146
got 0.6497242239117077 0.4549362530619172 0.7347233030727431 1.0 0.7345427896159459 0.7340606053375556
idea 0.6510373836521014 0.45447040494279806 0.7324800307855939 1.0 0.7346727026384215 0.7320933936574194
nice 0.651364088239125 0.45549624519889426 0.7337369197355614 1.0 0.7353056646554231 0.7335104510437248
grand 0.6496832726069435 0.4551472773579877 0.733001116418605 1.0 0.7330937869475745 0.7337147541399678
words 0.65023273040878 0.45496281987098863 0.733415844547904 1.0 0.7332944190585606 0.7331024867246357
presently 0.6505217607080213 0.45629260006517475 0.7331863343240517 1.0 0.7334638393541639 0.7333654473244415
began 0.6502518995882639 0.4555160806948931 0.734800985870779 1.0 0.7340440096448673 0.7328082538731047
through 0.6511135565412077 0.45492454339240135 0.7357108762397443 1.0 0.7341589907101034 0.7337457524531101
funny 0.650926900391735 0.4539493674385948 0.7320425275639889 1.0 0.7334060284728027 0.7321189626119992
seem 0.650926900391735 0.4539493674385948 0.7320425275639889 1.0 0.7334060284728027 0.7321189626119992
among 0.6502740137054522 0.4545603017080557 0.7337098720883735 1.0 0.7323540508383559 0.732064632933899
people 0.650166047078645 0.45534935670377924 0.7358619717347327 1.0 0.7362110297878477 0.734375377517309
walk 0.6495561101423023 0.455537822594777 0.7318148240941267 1.0 0.7315423315926107 0.7326505140532052
their 0.653335858135458 0.456685158239433 0.7338721265360558 1.0 0.7344799734525483 0.7334000007030235
heads 0.6483358194131079 0.45390380596277713 0.7334579980375647 1.0 0.7331949614402276 0.7329661035290619
downward 0.6483358194131079 0.45390380596277713 0.7334579980375647 1.0 0.7331949614402276 0.7329661035290619
antipathies 0.6483358194131079 0.45390380596277713 0.7334579980375647 1.0 0.7331949614402276 0.7329661035290619
rather 0.652309385327116 0.4561176517594956 0.7365918165992923 1.0 0.7345944623755861 0.7336975528034145
glad 0.6506658486253952 0.45714770519511155 0.734595031030899 1.0 0.7328652398690848 0.732280720761305
listening 0.6524258395320945 0.45669974550407066 0.7360284095466422 1.0 0.7333712649496575 0.7330614274895842
sound 0.6509806946921857 0.4577174098132834 0.7363851623094144 1.0 0.7338731363640695 0.7345795679547944
word 0.6509806946921857 0.4577174098132834 0.7363851623094144 1.0 0.7338731363640695 0.7345795679547944
ask 0.6475277542352469 0.4538297528751283 0.7346390520941913 1.0 0.7331965932679153 0.7333457344821009
them 0.650677403981056 0.45534767555754185 0.7359927694565752 1.0 0.7353448699493264 0.7323922149828164
name 0.6509791534721473 0.4552580630951065 0.7343570654795788 1.0 0.7331622569774512 0.7331885165049704
country 0.6509791534721473 0.4552580630951065 0.7343570654795788 1.0 0.7331622569774512 0.7331885165049704
is 0.6489264527120735 0.4529803594928794 0.7345874996713597 1.0 0.733299539172489 0.7326067333366775
know 0.6523188949650552 0.45687513856395195 0.7349547381960186 1.0 0.7309701337604017 0.7327217542258173
please 0.6493582153764054 0.4558396201222644 0.7327086268470888 1.0 0.7314672764685967 0.7304589168542049
ma'am 0.6493582153764054 0.4558396201222644 0.7327086268470888 1.0 0.7314672764685967 0.7304589168542049
new 0.6455884147711966 0.4502510719460895 0.7294399741688674 1.0 0.7297491960604533 0.7294987540899026
zeland 0.6455884147711966 0.4502510719460895 0.7294399741688674 1.0 0.7297491960604533 0.7294987540899026
australia 0.6455884147711966 0.4502510719460895 0.7294399741688674 1.0 0.7297491960604533 0.7294987540899026
curtsey 0.6467330748753419 0.4548767578111498 0.7314342757183807 1.0 0.730908059806724 0.730440794654088
spoke 0.6463722737550947 0.45435959028208794 0.7329611261105244 1.0 0.7324631479626444 0.7324198130300457
fancy 0.648123534482239 0.45233046386785597 0.734462982194632 1.0 0.7342974588793908 0.7333521649405526
curtseying 0.6463722737550947 0.45435959028208794 0.7329611261105244 1.0 0.7324631479626444 0.7324198130300457
re 0.6477838668853433 0.4569431708776643 0.7343771006701605 1.0 0.7323597065380377 0.7325995801113114
air 0.6502185474037805 0.4563915515619613 0.7353085643238736 1.0 0.7329794321535145 0.7331606327303337
manage 0.6526150219884076 0.45554416793676655 0.7367757128508589 1.0 0.7337344818235093 0.7342940446108318
ignorant 0.650405459280114 0.45581624560316225 0.7350530417002958 1.0 0.7338418823306784 0.732962528255042
little 0.6526463751209068 0.4562451299966397 0.736290761491197 1.0 0.7359319048700254 0.7334148134207439
girl 0.650405459280114 0.45581624560316225 0.7350530417002958 1.0 0.7338418823306784 0.732962528255042
asking 0.649069389348357 0.45564817025564097 0.7339543592648574 1.0 0.7335114919232136 0.732706205195668
perhaps 0.6471366442520203 0.45613750814518245 0.733277997595072 1.0 0.7305267061218185 0.7312140587527962
written 0.6471366442520203 0.45613750814518245 0.733277997595072 1.0 0.7305267061218185 0.7312140587527962
else 0.6456935195024374 0.45289717096716414 0.7304145462173484 1.0 0.7293895637311819 0.7287461526441535
soon 0.6498786503550462 0.4545214749176381 0.7322763312050599 1.0 0.7322643180701985 0.7310504909019184
talking 0.6468487997261902 0.45325657171696254 0.7331666154288541 1.0 0.7328132935783473 0.7324216635822465
dinah 0.6491197313849543 0.4555402721465654 0.7336336826033287 1.0 0.7334553700111708 0.7329226833856143
miss 0.649362458107424 0.456250801118293 0.7333230213146221 1.0 0.7327460825682804 0.7321126681546963
night 0.6456592382476687 0.4530762290182579 0.733682902850222 1.0 0.7332097325768093 0.7312051549121232
should 0.6487478864192795 0.45384123208539806 0.7367655129903077 1.0 0.7353007608701695 0.7338360357356448
cat 0.6481824843213871 0.45487318567486124 0.7333637969223495 1.0 0.7325500486503802 0.7325813651913381
hope 0.6516725702129028 0.45461088038754416 0.733813387206542 1.0 0.7339177754794735 0.7331368997540338
remember 0.6520984131706448 0.4549667190187184 0.7355702095639821 1.0 0.7348599854819394 0.7338112679687937
saucer 0.6516725702129028 0.45461088038754416 0.733813387206542 1.0 0.7339177754794735 0.7331368997540338
milk 0.6512891040037921 0.45630913666872497 0.73388473545865 1.0 0.7335264853058857 0.7337476373278817
tea 0.6512891040037921 0.45630913666872497 0.73388473545865 1.0 0.7335264853058857 0.7337476373278817
my 0.6515673860202525 0.45446311171608367 0.7359845135560966 1.0 0.7358198960192887 0.7335515514457822
wish 0.6493494895797888 0.45447442115169 0.7339099041862492 1.0 0.7326788247357343 0.732150930626185
are 0.6554596900564315 0.45830346848064035 0.7362151155420067 1.0 0.733744027253477 0.7363189332933044
mice 0.6526502135273842 0.4558406152099584 0.7362388747259774 1.0 0.7335983904824092 0.7337209907062175
m 0.6526502135273842 0.4558406152099584 0.7362388747259774 1.0 0.7335983904824092 0.7337209907062175
afraid 0.6526502135273842 0.4558406152099584 0.7362388747259774 1.0 0.7335983904824092 0.7337209907062175
might 0.6533550142729212 0.458323666142653 0.7365143350143902 1.0 0.7371118684836511 0.7352576284368246
catch 0.651787237399743 0.4554496149594516 0.735755904554056 1.0 0.7349562529514937 0.7311506504520388
bat 0.6508523539373392 0.45531571924331904 0.7345621367482178 1.0 0.7339670228033396 0.7291139244576984
mouse 0.6523783015679103 0.4554694898354348 0.734949464843456 1.0 0.7332557416828902 0.7314626685937978
cats 0.6491805080132799 0.4543338199557247 0.7347853505908625 1.0 0.7330798985354017 0.7328321405739237
eat 0.650182429070701 0.4548079800639771 0.7344858513636436 1.0 0.7344883952479659 0.733077213731621
bats 0.6500267964151116 0.45407599893227607 0.7355319015273407 1.0 0.7336155774561041 0.733757898609321
saying 0.6495219926948871 0.45391900876479013 0.7348427517270605 1.0 0.7343672332725695 0.7333886441145409
dreamy 0.6496103086153708 0.4528659616418945 0.735764609932454 1.0 0.7342568339683824 0.7332666712647952
sometimes 0.6526531288924902 0.45527035712655495 0.7369320915811762 1.0 0.7351973312158806 0.7356926958640353
couldn't 0.6484420674773986 0.45431526774784897 0.7346384841764899 1.0 0.7322054402659963 0.7338992180982045
answer 0.6484420674773986 0.45431526774784897 0.7346384841764899 1.0 0.7322054402659963 0.7338992180982045
question 0.6484420674773986 0.45431526774784897 0.7346384841764899 1.0 0.7322054402659963 0.7338992180982045
matter 0.6480358038439712 0.45740655867867774 0.7375635178563384 1.0 0.7356147425006524 0.732773425014715
felt 0.6539959479730362 0.45452119113136696 0.7357526322086364 1.0 0.7359589804346033 0.7350014749956916
dozing 0.6524893099843319 0.45613692268663963 0.7361384738767202 1.0 0.7349399640964128 0.7334314317430582
begun 0.6528776730730032 0.45366797484325755 0.7348957629075361 1.0 0.7329334845987179 0.730494683282665
dream 0.6530458385621756 0.4553676031342241 0.7345212423949552 1.0 0.7338076623866385 0.7316696648319541
walking 0.6530458385621756 0.4553676031342241 0.7345212423949552 1.0 0.7338076623866385 0.7316696648319541
hand 0.6512380668197664 0.455166584772128 0.734223398722284 1.0 0.7341426904121886 0.7325907810697786
earnestly 0.6521877349867454 0.4569858255190037 0.734459623742108 1.0 0.7330599413784386 0.7321085352284882
now 0.6514671070572272 0.453855156436426 0.7340818568773015 1.0 0.7349893022704075 0.7332300926797155
tell 0.6493050763205969 0.45448813212740524 0.731767548344866 1.0 0.732467168972665 0.7306230015233519
truth 0.6493050763205969 0.45448813212740524 0.731767548344866 1.0 0.732467168972665 0.7306230015233519
ever 0.649307633176097 0.45329608216736805 0.7360438842704536 1.0 0.7333272268049913 0.7311033581182723
thump 0.6454079637829433 0.45285248969644304 0.7316848623692466 1.0 0.7321748189159206 0.7270178535914429
came 0.6474231635604897 0.45260879951281446 0.733482332470594 1.0 0.7328899185185331 0.7288794035368803
heap 0.6479762995367505 0.45538810901077664 0.7317680844437459 1.0 0.7310119533306751 0.7285896344482581
sticks 0.6479762995367505 0.45538810901077664 0.7317680844437459 1.0 0.7310119533306751 0.7285896344482581
dry 0.6479762995367505 0.45538810901077664 0.7317680844437459 1.0 0.7310119533306751 0.7285896344482581
leaves 0.6479762995367505 0.45538810901077664 0.7317680844437459 1.0 0.7310119533306751 0.7285896344482581
bit 0.6487726240404557 0.4535861404494312 0.7358673727362628 1.0 0.7313563944837715 0.7286830206910007
hurt 0.6487726240404557 0.4535861404494312 0.7358673727362628 1.0 0.7313563944837715 0.7286830206910007
jumped 0.6487726240404557 0.4535861404494312 0.7358673727362628 1.0 0.7313563944837715 0.7286830206910007
overhead 0.6480232526266966 0.45481083861342025 0.7348896892250756 1.0 0.732330685631087 0.7307873183321357
long 0.6515335904077398 0.4564259669976187 0.7353032872772518 1.0 0.7338159151489154 0.7309994660563731
passage 0.6512499253101222 0.45570878626953526 0.7375471820709273 1.0 0.7325941510831802 0.7306725789045306
sight 0.6507326085825523 0.45421392467131333 0.7366584638227085 1.0 0.7332394710176514 0.7306781781437742
hurrying 0.6507326085825523 0.45421392467131333 0.7366584638227085 1.0 0.7332394710176514 0.7306781781437742
lost 0.6494504762071808 0.4525493268067067 0.7327916305188156 1.0 0.7313714955698364 0.7284355389931311
away 0.6494504762071808 0.4525493268067067 0.7327916305188156 1.0 0.7313714955698364 0.7284355389931311
wind 0.6465014584712835 0.45276614927897746 0.7332868103679474 1.0 0.7315258913703827 0.7289008206696305
turned 0.6497438375590088 0.45459030571291253 0.7348285315763441 1.0 0.7332979529526683 0.7296185583990065
corner 0.6497438375590088 0.45459030571291253 0.7348285315763441 1.0 0.7332979529526683 0.7296185583990065
ears 0.651475692058378 0.4541162644805224 0.7355151716701788 1.0 0.7339193538843135 0.7326287690521786
whiskers 0.648523627996491 0.45259621897516666 0.733475261244662 1.0 0.731893401506256 0.7282438726554598
it's 0.6491018918577673 0.4531310415784172 0.734397778670205 1.0 0.7331948535543462 0.731470059774585
behind 0.6499579815101415 0.4551687480643713 0.7370439130908596 1.0 0.7345884912411585 0.7308847099647354
longer 0.6516245238872419 0.4530187928420819 0.7342346247104874 1.0 0.7329220242515693 0.7301929832957893
low 0.648452296761304 0.4532502965003036 0.7340904994077785 1.0 0.732813790232413 0.72917098969183
hall 0.6501021177375417 0.4539505973182678 0.7349653058124567 1.0 0.7339032301939808 0.7312423744832113
lit 0.6480408855668571 0.45392090958349945 0.7339865096405159 1.0 0.7310741095577904 0.7279642084418046
row 0.6480408855668571 0.45392090958349945 0.7339865096405159 1.0 0.7310741095577904 0.7279642084418046
lamps 0.6480408855668571 0.45392090958349945 0.7339865096405159 1.0 0.7310741095577904 0.7279642084418046
hanging 0.6480408855668571 0.45392090958349945 0.7339865096405159 1.0 0.7310741095577904 0.7279642084418046
roof 0.6522368797619754 0.45295414463985834 0.7369771209184031 1.0 0.7346589197099211 0.729917922577231
doors 0.6527958551076141 0.45626475401116107 0.7370916188844959 1.0 0.7372697902254938 0.732907797669956
around 0.6485735247027835 0.4519388984622359 0.7344685975222272 1.0 0.7326058270608375 0.7295688251965619
locked 0.6471138042322607 0.4533955118158707 0.7327640937548193 1.0 0.7304396663385762 0.7272387460263976
been 0.6491892723705502 0.45204049674266705 0.735266400951589 1.0 0.7331792581644533 0.7301472250179314
side 0.6491892723705502 0.45204049674266705 0.735266400951589 1.0 0.7331792581644533 0.7301472250179314
other 0.6512861187570524 0.45393113459284273 0.7360820915861929 1.0 0.7346283761308137 0.7319977067183323
trying 0.6515956021538212 0.45298087730334297 0.7363428346175191 1.0 0.7335387742814691 0.7349742713266372
every 0.6483361953676311 0.4520760404694258 0.7348793534907297 1.0 0.7326755102651118 0.7298883093839604
door 0.6517236916040797 0.45656146310722634 0.7364288117701466 1.0 0.735668983308556 0.7326716705717031
walked 0.6465005847529496 0.4504949707826573 0.7334891249630437 1.0 0.7319080183904229 0.730255043337228
sadly 0.6465005847529496 0.4504949707826573 0.7334891249630437 1.0 0.7319080183904229 0.730255043337228
middle 0.6465005847529496 0.4504949707826573 0.7334891249630437 1.0 0.7319080183904229 0.730255043337228
wondering 0.6475041349798577 0.45180454076527404 0.7359432739844203 1.0 0.7333966557122338 0.7314492920609723
three 0.6517227500180331 0.45530827854783323 0.7357667686266454 1.0 0.7340669053032507 0.7296083573038052
legged 0.6517227500180331 0.45530827854783323 0.7357667686266454 1.0 0.7340669053032507 0.7296083573038052
table 0.655943098985816 0.45734053879331243 0.7381096072023402 1.0 0.7384781236166753 0.7362894047577072
solid 0.6495102972899995 0.45194999516732814 0.7354848971096548 1.0 0.7339487882591215 0.7273205495983576
glass 0.6521758240648157 0.45383313216640936 0.7365849029646092 1.0 0.7346596361858164 0.7329077295688224
except 0.6497626949665442 0.45376636701047757 0.7360185557468749 1.0 0.7339251254341953 0.7290567665440055
tiny 0.6497626949665442 0.45376636701047757 0.7360185557468749 1.0 0.7339251254341953 0.7290567665440055
golden 0.6526311458167466 0.45667662641291196 0.7371214991131826 1.0 0.7357135890100431 0.7332434142304459
key 0.6536059928129739 0.4582421127768689 0.7383971274266945 1.0 0.7376158316675551 0.7348249213636838
belong 0.6533568956493306 0.45958759479399713 0.7372065398759553 1.0 0.7398903068902052 0.7359087191860401
alas 0.6579551558308431 0.4617899658910416 0.7398421895570162 1.0 0.740639724797885 0.7388204113976007
locks 0.6520237286970388 0.45651780833358535 0.7389905230634093 1.0 0.7386717127498983 0.7362252196389109
small 0.6515764882383809 0.4546822919974732 0.7360656508559545 1.0 0.7336454900173162 0.7318051014908098
any 0.6532364044951424 0.45712406045191717 0.7382731301685932 1.0 0.7367096246884248 0.733511189628885
rate 0.6544794349239443 0.4589628605670427 0.7396556934065308 1.0 0.737837397380877 0.7336677136861733
open 0.6488723510836744 0.4550977077742984 0.7367891681992128 1.0 0.7347193406422168 0.7292187931989699
however 0.6493890632913837 0.45596495800176007 0.7362827491325099 1.0 0.7354790694370107 0.7327276954071785
second 0.6443116776810083 0.45326451784540744 0.7345123314654521 1.0 0.7331066986780584 0.7277414345967221
round 0.6479828958888522 0.4576132394973822 0.735965725042135 1.0 0.7355505383084773 0.731832156168121
curtain 0.6474682745020927 0.4531065881207894 0.734838819884195 1.0 0.7340137073771652 0.728919749646849
fifteen 0.6463216679092701 0.4550825976604657 0.737057037650456 1.0 0.7350521033536536 0.730317687278406
inches 0.6499007511280817 0.4532446174984369 0.7362924181823869 1.0 0.7362052330501505 0.7325883108934897
high 0.6499007511280817 0.4532446174984369 0.7362924181823869 1.0 0.7362052330501505 0.7325883108934897
lock 0.6480483944477372 0.4530430786820249 0.7325280755812063 1.0 0.7313233761588632 0.7276984392456861
delight 0.6480483944477372 0.4530430786820249 0.7325280755812063 1.0 0.7313233761588632 0.7276984392456861
fitted 0.6486469141015615 0.45502063593865455 0.7315600967425188 1.0 0.7309623360794167 0.725544273419522
opened 0.649211790726809 0.45285202402665137 0.7340295411107347 1.0 0.7324791456990428 0.7304741095548768
led 0.6519583574109719 0.4553865478828717 0.7359322506852259 1.0 0.7320881635236266 0.7298442883871568
larger 0.653148640007418 0.4557528523224653 0.7372285129255681 1.0 0.7344723728930239 0.7328942245042797
than 0.6527371052330615 0.4571597420774312 0.7404256593744724 1.0 0.7350074882502545 0.7329021190386721
rat 0.6527371052330615 0.4571597420774312 0.7404256593744724 1.0 0.7350074882502545 0.7329021190386721
knelt 0.6527371052330615 0.4571597420774312 0.7404256593744724 1.0 0.7350074882502545 0.7329021190386721
along 0.652092127280733 0.4564712175252523 0.7427019975097731 1.0 0.7349485593916498 0.7332164929424503
loveliest 0.64894680418517 0.4529958255406435 0.7396780466280669 1.0 0.734856111016786 0.7325410344390453
garden 0.6525809896619278 0.4540391358700028 0.738130927625422 1.0 0.7357094748229382 0.7346759595403626
longed 0.6490714652310078 0.4509309196558995 0.7348628837740943 1.0 0.7315541217586823 0.7301111577524805
wander 0.650996021543086 0.4535771923074464 0.7356157541243047 1.0 0.7331704107054314 0.7314754023160638
those 0.6513797407829528 0.4527574201721231 0.7358911150331275 1.0 0.7333353625178379 0.7319996974475167
beds 0.6517630006960015 0.4519386293358521 0.7361661463242588 1.0 0.7335001168765249 0.7325233649773552
bright 0.6517630006960015 0.4519386293358521 0.7361661463242588 1.0 0.7335001168765249 0.7325233649773552
flowers 0.6517630006960015 0.4519386293358521 0.7361661463242588 1.0 0.7335001168765249 0.7325233649773552
cool 0.6517630006960015 0.4519386293358521 0.7361661463242588 1.0 0.7335001168765249 0.7325233649773552
fountains 0.6525755800401122 0.4547778202242978 0.7368942101579793 1.0 0.7345424126958919 0.7329607232041777
head 0.6507801487438519 0.45317971076410424 0.7355535841651958 1.0 0.7330564549480305 0.7316034856674851
doorway 0.6499481456383271 0.45465776577500494 0.7365109289715738 1.0 0.732826405938045 0.7312415511578982
go 0.6506105520189636 0.453617688810881 0.7336299320534274 1.0 0.7317536476443152 0.7290310132545618
poor 0.6513577386851641 0.4541037640932518 0.7363799682273015 1.0 0.7343868057829509 0.734332595739241
shoulders 0.6530166981896784 0.4549042475006755 0.7353792488516616 1.0 0.7339539583896244 0.7291795730883543
shut 0.6493831155292225 0.45181751973231865 0.7320155503094793 1.0 0.7303065528074895 0.7284925511716015
telescope 0.6512207702057173 0.45355588174139533 0.7328462484479457 1.0 0.7332166192162979 0.7311487538166697
only 0.6525484284465036 0.4522777115315885 0.7343009307441177 1.0 0.7341909266578297 0.7318318666077079
begin 0.6516246096721566 0.45314695623563217 0.7330649389988322 1.0 0.7310108468834803 0.7287967928359452
happened 0.650506690400353 0.45389403898814684 0.7354587846840452 1.0 0.7337453359004705 0.7307988563359412
lately 0.6527100335068122 0.4519736619923521 0.7352691121396983 1.0 0.7320620407260062 0.7293233763862581
few 0.65178631048785 0.4543367515358234 0.7372419563563222 1.0 0.7352308787696055 0.7349461370547986
indeed 0.6530908144921038 0.4530023147047608 0.7360449639556209 1.0 0.7349369525207563 0.7320086116718943
really 0.6553665011205135 0.4597361596137691 0.7474434422218962 1.0 0.7490767844304931 0.7338928145333316
impossible 0.6553665011205135 0.4597361596137691 0.7474434422218962 1.0 0.7490767844304931 0.7338928145333316
waiting 0.6540642903110797 0.46681608030774047 0.7354701301550696 1.0 0.7405602805984718 0.7313917998589997
back 0.6598626787293949 0.4615908840119322 0.740672335800148 1.0 0.7436036103558489 0.740143668233481
half 0.6664440635276592 0.4687985050122597 0.7454493903035382 1.0 0.7520551449256829 0.7483728178378675
hoping 0.6664440635276592 0.4687985050122597 0.7454493903035382 1.0 0.7520551449256829 0.7483728178378675
find 0.6571722061197977 0.46566109216063867 0.7411900568076012 1.0 0.7424039824472619 0.7376454421375257
rules 0.6566994965986671 0.4599604087702915 0.7379004441297764 1.0 0.7385312996543396 0.7343515834118309
shutting 0.6503923627436827 0.4557347692671734 0.7349948125902281 1.0 0.7381656333280253 0.7338697818052337
telescopes 0.6523716306606943 0.45990090172121095 0.7392398238542572 1.0 0.7419020245807803 0.735971046434709
bottle 0.6546996206162857 0.4612658585696856 0.7384035832520601 1.0 0.7390386306249046 0.7366986219053724
certainly 0.6559590431124254 0.4601993550777305 0.7385643563583466 1.0 0.7386725235987914 0.7369086276484621
neck 0.6516553017525065 0.46196336798061727 0.7374195887982593 1.0 0.7379951685321468 0.7359242011065793
paper 0.6516553017525065 0.46196336798061727 0.7374195887982593 1.0 0.7379951685321468 0.7359242011065793
label 0.6492738606330016 0.4561937989459888 0.7328001950776746 1.0 0.7342161744535297 0.7317508942261697
drink 0.6536179998868243 0.4576498784957279 0.7363062869991911 1.0 0.7366705099661753 0.7336553956463063
beautifully 0.6511042482788753 0.45577141412817035 0.7337124545940928 1.0 0.7357135368371552 0.7324538594710032
printed 0.6493913681729151 0.4573017806769278 0.7329577173470789 1.0 0.7368073565434365 0.7305712911244611
letters 0.6518417625941202 0.4575074520953583 0.73356013782897 1.0 0.7356747045803778 0.7318058739014129
wise 0.652123869626997 0.4567599774543898 0.7344001802788297 1.0 0.7367837654396018 0.7328101554205735
hurry 0.6520654427256851 0.4558291157889182 0.7351799119298591 1.0 0.7358526662194536 0.7326090544161438
marked 0.6550499942900351 0.4583890560583402 0.736387991099212 1.0 0.7371697359698729 0.734529826626546
poison 0.6550090160120908 0.45905405380998754 0.7356850579827829 1.0 0.7369642408199948 0.7337651278279791
read 0.655681984231358 0.45909469164314093 0.7363789280945925 1.0 0.736242495821156 0.733652220890204
histories 0.6550364445656371 0.4568149370031802 0.7348173986833764 1.0 0.7357952859265097 0.7331124265495876
children 0.6538353550504798 0.4564825451348554 0.7354771751920348 1.0 0.7375068943535311 0.7334629767173586
who 0.6538353550504798 0.4564825451348554 0.7354771751920348 1.0 0.7375068943535311 0.7334629767173586
d 0.6520888091580491 0.4556635443369589 0.7373968484279158 1.0 0.7377302793405005 0.7348927658571912
gotten 0.6538353550504798 0.4564825451348554 0.7354771751920348 1.0 0.7375068943535311 0.7334629767173586
burnt 0.6538353550504798 0.4564825451348554 0.7354771751920348 1.0 0.7375068943535311 0.7334629767173586
eaten 0.6520395897890855 0.45606904040031016 0.7345579444302646 1.0 0.7369647985590928 0.7324054166090033
wild 0.6520395897890855 0.45606904040031016 0.7345579444302646 1.0 0.7369647985590928 0.7324054166090033
beasts 0.6520395897890855 0.45606904040031016 0.7345579444302646 1.0 0.7369647985590928 0.7324054166090033
unpleasant 0.6542425160709627 0.45579029992004666 0.7372874692199024 1.0 0.7365855277709179 0.734111733352268
because 0.6542425160709627 0.45579029992004666 0.7372874692199024 1.0 0.7365855277709179 0.734111733352268
simple 0.655248564442021 0.4579553171745327 0.7360146002703016 1.0 0.7363742859162269 0.7344721228843542
friends 0.6571521507907936 0.45784358694998034 0.735949320098472 1.0 0.7374460180339294 0.7341567337979684
taught 0.6571521507907936 0.45784358694998034 0.735949320098472 1.0 0.7374460180339294 0.7341567337979684
red 0.6561283992707333 0.45983136642530853 0.737292152749236 1.0 0.7373479744701444 0.7317039707543993
poker 0.6515286460743532 0.45613636923493556 0.73565467389191 1.0 0.7363794010600261 0.7328028226250066
will 0.6515286460743532 0.45613636923493556 0.73565467389191 1.0 0.7363794010600261 0.7328028226250066
burn 0.6515286460743532 0.45613636923493556 0.73565467389191 1.0 0.7363794010600261 0.7328028226250066
hold 0.6515286460743532 0.45613636923493556 0.73565467389191 1.0 0.7363794010600261 0.7328028226250066
cut 0.6554680369925004 0.46062221590115093 0.7385063730200766 1.0 0.7390739755120067 0.7346003319353174
your 0.658284726806915 0.4615162857743197 0.7396730287740582 1.0 0.7393447958623193 0.7363422107037985
finger 0.658284726806915 0.4615162857743197 0.7396730287740582 1.0 0.7393447958623193 0.7363422107037985
deeply 0.658284726806915 0.4615162857743197 0.7396730287740582 1.0 0.7393447958623193 0.7363422107037985
knife 0.658284726806915 0.4615162857743197 0.7396730287740582 1.0 0.7393447958623193 0.7363422107037985
usually 0.6599744418927318 0.4597499189105043 0.7409678234711512 1.0 0.7408735535423906 0.7363443662055865
bleeds 0.6599744418927318 0.4597499189105043 0.7409678234711512 1.0 0.7408735535423906 0.7363443662055865
forgotten 0.6549538749023583 0.4573502534317 0.7397300259235687 1.0 0.7385630522167774 0.7365838184323495
almost 0.6568398046295023 0.46078236385237525 0.738311915069086 1.0 0.7404962105798922 0.7401633349618745
certain 0.6568398046295023 0.46078236385237525 0.738311915069086 1.0 0.7404962105798922 0.7401633349618745
disagree 0.6568398046295023 0.46078236385237525 0.738311915069086 1.0 0.7404962105798922 0.7401633349618745
sooner 0.6551095185287901 0.4609854141183902 0.738449899876497 1.0 0.7392244109351171 0.7355047998201654
later 0.6551095185287901 0.4609854141183902 0.738449899876497 1.0 0.7392244109351171 0.7355047998201654
ventured 0.6547052562718967 0.4578369302469578 0.7355977148659214 1.0 0.7372370202390344 0.7339378027065837
taste 0.6547052562718967 0.4578369302469578 0.7355977148659214 1.0 0.7372370202390344 0.7339378027065837
finding 0.6530690519656939 0.4560712656643026 0.7366741951567722 1.0 0.7371022912711777 0.7337197374271437
fact 0.6490789848646258 0.457261811968185 0.733850951894196 1.0 0.7360076899099948 0.7336955865685033
mixed 0.6490789848646258 0.457261811968185 0.733850951894196 1.0 0.7360076899099948 0.7336955865685033
flavor 0.6490789848646258 0.457261811968185 0.733850951894196 1.0 0.7360076899099948 0.7336955865685033
cherry 0.6563724582611223 0.4575070345213619 0.7342026286612342 1.0 0.7348176514278948 0.7322640179119259
tart 0.6563724582611223 0.4575070345213619 0.7342026286612342 1.0 0.7348176514278948 0.7322640179119259
custard 0.6596950556514243 0.45952822963927864 0.7368574960066915 1.0 0.7383840454003642 0.7346249419232775
pine 0.6596950556514243 0.45952822963927864 0.7368574960066915 1.0 0.7383840454003642 0.7346249419232775
apple 0.6596950556514243 0.45952822963927864 0.7368574960066915 1.0 0.7383840454003642 0.7346249419232775
roast 0.6596950556514243 0.45952822963927864 0.7368574960066915 1.0 0.7383840454003642 0.7346249419232775
turkey 0.6601839187809632 0.46386553786731444 0.7394715638578605 1.0 0.7427340330776855 0.7404537774269543
toffee 0.6601839187809632 0.46386553786731444 0.7394715638578605 1.0 0.7427340330776855 0.7404537774269543
buttered 0.6601839187809632 0.46386553786731444 0.7394715638578605 1.0 0.7427340330776855 0.7404537774269543
toast 0.6487516697382923 0.4546955325904612 0.7301865644048127 1.0 0.7321448969527186 0.7290732175777007
finished 0.6561010465076103 0.4563311496898917 0.7312238697026762 1.0 0.7328817398890867 0.7307012637561979
curious 0.6491846279557124 0.454436206935478 0.7337372481750853 1.0 0.7344517336698675 0.7332068058142094
feeling 0.6520157822451249 0.455545743830932 0.7317901599160495 1.0 0.733008233887416 0.7327352377116219
ten 0.6534674114833874 0.4514130168965591 0.7355304526797902 1.0 0.7373543602767558 0.7348510532592372
face 0.6534674114833874 0.4514130168965591 0.7355304526797902 1.0 0.7373543602767558 0.7348510532592372
brightened 0.6536457994069542 0.45399028367264677 0.734248791356407 1.0 0.7361325581673384 0.7337982356379602
size 0.6523994392333404 0.45361612029741044 0.7354453986731423 1.0 0.7369168621010104 0.7343120876177451
lovely 0.6566581269354863 0.4563556075887271 0.737751032439453 1.0 0.7370638199935601 0.7370020140943383
waited 0.6503877534131438 0.4552768456127081 0.7367136398789876 1.0 0.7359336852572834 0.7358832769092296
minutes 0.6515726186981142 0.45606782985428734 0.7381922856343541 1.0 0.7373813521034189 0.7401787434007705
shrink 0.6551329227225633 0.4554951529418882 0.7370087174661548 1.0 0.7364589196564871 0.7374971505369955
further 0.6551329227225633 0.4554951529418882 0.7370087174661548 1.0 0.7364589196564871 0.7374971505369955
nervous 0.6563799480847284 0.45393838657193636 0.7359344302623767 1.0 0.7354099117394948 0.7373374375271502
altogether 0.6554474569995247 0.45602789709006764 0.7407576227424707 1.0 0.7450861038976757 0.7427223762258696
candle 0.650479339310599 0.4518758429260347 0.7375083241178787 1.0 0.7361708938370576 0.7349532671803155
flame 0.6499047014632344 0.4502666860914942 0.7359904854531454 1.0 0.7361630942968627 0.7343004386110134
blown 0.6475430158899728 0.45021797551990006 0.7355135280443179 1.0 0.733512959190236 0.7327263583140284
thing 0.6509967405992578 0.4530842740371498 0.7375398521939479 1.0 0.7346493174916604 0.7353859207186899
while 0.6531067257966832 0.45370152069415753 0.7382130158303848 1.0 0.736531445314712 0.7329925968831082
more 0.6514544955777816 0.4543289618334 0.7377364329980158 1.0 0.7369693448445818 0.7335045572760053
decided 0.6521203380169573 0.45276475135857114 0.7369758033642533 1.0 0.7352056737191504 0.7344741996133338
possibly 0.6556118534824631 0.4569031735049784 0.7415734713915374 1.0 0.738810832112599 0.7373365913176637
reach 0.6550999536184494 0.45712525432496204 0.7402264342005425 1.0 0.7381839503418781 0.7363671371081079
plainly 0.6562963266880912 0.45673212638294 0.74117883565762 1.0 0.736625004086654 0.7394225487600063
best 0.6560040112775727 0.456555372282746 0.7402129330321371 1.0 0.7364682647436694 0.7379931397963072
climb 0.6560040112775727 0.456555372282746 0.7402129330321371 1.0 0.7364682647436694 0.7379931397963072
legs 0.656730827861803 0.4551249527678206 0.7386568245999253 1.0 0.7371981721886394 0.7379244034275073
slippery 0.6526658334905415 0.4535904609234661 0.7366869592350884 1.0 0.7359338212684604 0.737009384758202
sat 0.6526184670708194 0.4538337099696764 0.7381918928791942 1.0 0.7350079874501743 0.7369453506803781
cried 0.6546524040492686 0.4569267065645183 0.7383389926903017 1.0 0.7355474430654072 0.7371780510714119
crying 0.6521229049248999 0.4558692804841679 0.7383313539739993 1.0 0.7360211611901499 0.7348501442182149
sharply 0.6528503612285547 0.45417855666652246 0.737105059814526 1.0 0.7350566870785421 0.736186598350119
advise 0.6490569547632735 0.45473424358177633 0.7337219909669245 1.0 0.7340585811307317 0.7347619392508103
leave 0.6490569547632735 0.45473424358177633 0.7337219909669245 1.0 0.7340585811307317 0.7347619392508103
minute 0.6559805604856865 0.45885788679465384 0.736629479548386 1.0 0.7393221603936645 0.7385867333890366
generally 0.6541046787332493 0.4597860177873851 0.7356196187464634 1.0 0.7398371334023567 0.7347838793078992
gave 0.6541046787332493 0.4597860177873851 0.7356196187464634 1.0 0.7398371334023567 0.7347838793078992
advice 0.6541046787332493 0.4597860177873851 0.7356196187464634 1.0 0.7398371334023567 0.7347838793078992
seldom 0.6546280731415598 0.4544900887708595 0.7363882100146543 1.0 0.7353073781646363 0.7358849083514404
followed 0.6546280731415598 0.4544900887708595 0.7363882100146543 1.0 0.7353073781646363 0.7358849083514404
scolded 0.6539024377975801 0.45543881930319574 0.7375362458599822 1.0 0.7364532982846939 0.7369494216482319
severely 0.6569623508044435 0.45647937002884903 0.7378072742225448 1.0 0.7365247973023554 0.7381408994101072
bring 0.6569623508044435 0.45647937002884903 0.7378072742225448 1.0 0.7365247973023554 0.7381408994101072
tears 0.652196372359806 0.455212108032162 0.7365724630645418 1.0 0.7345687277154319 0.7364064982027438
remembered 0.6535698287935469 0.4540455882487638 0.7370813885984782 1.0 0.7334133798630366 0.7367955938098223
box 0.6521533302923083 0.4534408241584736 0.7350935736092292 1.0 0.7334203709341564 0.7343971684237505
cheated 0.6544812429931177 0.45566385087895195 0.7375920421437413 1.0 0.7359820134120055 0.7370931130459438
game 0.6488901630915392 0.4532877887998964 0.7355929757187958 1.0 0.7354025698489045 0.7365082171761528
croquet 0.6488901630915392 0.4532877887998964 0.7355929757187958 1.0 0.7354025698489045 0.7365082171761528
playing 0.6488901630915392 0.4532877887998964 0.7355929757187958 1.0 0.7354025698489045 0.7365082171761528
against 0.6488901630915392 0.4532877887998964 0.7355929757187958 1.0 0.7354025698489045 0.7365082171761528
child 0.6498410318806287 0.4533850720679328 0.7342136659152971 1.0 0.7347382776582171 0.7308888650108342
fond 0.6498410318806287 0.4533850720679328 0.7342136659152971 1.0 0.7347382776582171 0.7308888650108342
pretending 0.6498410318806287 0.4533850720679328 0.7342136659152971 1.0 0.7347382776582171 0.7308888650108342
two 0.6493818068888948 0.4530026639653311 0.7362275712496021 1.0 0.7357450196701656 0.7344539865579562
pretend 0.6496357435620501 0.45258000456525355 0.7364420909505688 1.0 0.7354016190809771 0.7352524509510435
hardly 0.6481744473144215 0.45418458790030536 0.7377921706593746 1.0 0.7365647986017729 0.7358638039988349
enough 0.6481744473144215 0.45418458790030536 0.7377921706593746 1.0 0.7365647986017729 0.7358638039988349
respectable 0.6496585158997106 0.45473915223248607 0.7377883986642828 1.0 0.735207857939868 0.7355143410663735
person 0.6496585158997106 0.45473915223248607 0.7377883986642828 1.0 0.735207857939868 0.7355143410663735
eye 0.647905118893235 0.4543553845904446 0.7351844974908529 1.0 0.7345324729055616 0.7337051234194744
lying 0.6507641626388155 0.4528477287817467 0.7331441128213936 1.0 0.7334272271149814 0.7320450198244167
cake 0.6517416898878814 0.4535473166535009 0.7344467164029436 1.0 0.7325737300488268 0.7338407203903748
currants 0.6551718120899056 0.45641219009207373 0.738477629073158 1.0 0.7377806197916918 0.7368030779654974
makes 0.655526988272446 0.45626060910156385 0.7371957238505381 1.0 0.7389445651223411 0.7360503872688169
grow 0.654311704858146 0.4559643128018261 0.7379089043660214 1.0 0.7377668075595825 0.735296461582138
can 0.6542456117610624 0.45673165713201475 0.7388575834955126 1.0 0.7378461639743561 0.7354448641812111
smaller 0.6540337974062311 0.4545838989821202 0.7369346232826182 1.0 0.7379739331167221 0.7351917458548053
creep 0.6539015933008081 0.4561174173229025 0.7388307537560184 1.0 0.7381326295911491 0.7354883732576175
