word v0 v1 v2 v3 v4 v5
alice 0.35971117973264866 0.40941754119348167 0.8248853302337384 1.0 0.7913704295729503 0.8501835375224099
was 0.35960546640729446 0.4100309370140923 0.8260417628244007 1.0 0.7923120322503412 0.8507127009915452
beginning 0.35176459855794345 0.4016585466051763 0.8230259823108264 1.0 0.7885862417669839 0.8438905987205656
to 0.35942825215417235 0.4091725284129401 0.825428833028208 1.0 0.7916493249419616 0.8497637719779921
get 0.3591629488122637 0.4089894722606316 0.8256023494925826 1.0 0.7917610679229544 0.8478758479132551
very 0.3592444480339884 0.4087348494407898 0.8254474432199932 1.0 0.7916308404341772 0.8507314705374067
tired 0.3587352152697384 0.40606129876600994 0.8241419714732643 1.0 0.7898737343864317 0.8450357195147087
of 0.35887220916809054 0.4091809025544664 0.8251798994145899 1.0 0.7913626210120884 0.8496664568985259
sitting 0.3532898446057075 0.4026421423886504 0.8242195981255527 1.0 0.7910962410502641 0.8457321766172876
by 0.3581670489108723 0.4084238706553076 0.8251371709046059 1.0 0.791252505137454 0.8494224485030148
her 0.35797505969435645 0.4078123985702367 0.8257722730992244 1.0 0.7912742489098246 0.8489460291268068
sister 0.35279743517761236 0.4023125697672137 0.8249452660683465 1.0 0.7905315041963988 0.8435777511048013
on 0.3601262135787086 0.410659711875719 0.8252133649105914 1.0 0.792349830610245 0.8504695936958948
the 0.35947315728132256 0.409632378022527 0.8254368796688186 1.0 0.7916070056592972 0.8497551919732473
bank 0.35185398547479646 0.4034953332591574 0.825195709218876 1.0 0.7932088203288714 0.8465630762435253
and 0.3597894829432459 0.4098014002890518 0.825247458722402 1.0 0.7918170217031104 0.8499199977659808
having 0.35816608819829965 0.40555691169496855 0.8226640888909305 1.0 0.7898517959089744 0.8458071108601186
nothing 0.35782751843141414 0.4087044312968101 0.8253292033739816 1.0 0.7919347496943372 0.850484410334228
do 0.35933434380514445 0.4122304296139723 0.8271203599955671 1.0 0.7925514701867981 0.8533744205687136
once 0.3577603409699765 0.40660465649820293 0.8247266862194486 1.0 0.7916014154889093 0.8477823424903289
or 0.35835382661516224 0.40877999766313694 0.8265078251261386 1.0 0.7930462713949509 0.8502685989056431
twice 0.3540433890753021 0.40466616896277813 0.8269495821844107 1.0 0.7941835706147996 0.8436726603475391
she 0.36011761881997933 0.4095058161705268 0.8254052381458127 1.0 0.7917075441112092 0.8500635590090315
peeped 0.3523023987703123 0.4019812388926371 0.8256748054126338 1.0 0.7899637545001978 0.8414118318419987
into 0.3605347768267643 0.4086859560071235 0.8247778148072791 1.0 0.7902976075573874 0.8474785715425261
book 0.35537142222563217 0.4054197923320541 0.8237828938567973 1.0 0.7899338805703697 0.844847014049918
reading 0.3530096273489782 0.4024850227513757 0.8249496821655132 1.0 0.7909690538816894 0.8434018843400585
but 0.3592067167172558 0.4096273278559209 0.8263738176794663 1.0 0.7922905573667951 0.8506994133352358
it 0.36002705352585396 0.40961819208300665 0.8255776895081942 1.0 0.7916478376254202 0.849296643585064
had 0.360009377397209 0.4102746617775771 0.8255297858953536 1.0 0.7912994994287901 0.8508772646351008
no 0.36053963880337914 0.4104670896403271 0.8268034960136097 1.0 0.79199840265927 0.851404255649069
pictures 0.35391797819026755 0.40311588224942646 0.8248265569551659 1.0 0.7909852230310874 0.8453682002989017
conversations 0.35085443606895816 0.4022282249267656 0.8228048761609115 1.0 0.7897239077746818 0.8444984878438222
in 0.35936357046971656 0.4095295769467642 0.8253050488339517 1.0 0.792017526184301 0.8504614252277354
what 0.3584953277414838 0.40875955172263445 0.8257211902063513 1.0 0.7927637938340821 0.850643838970094
s 0.36144666952934684 0.41032472854687174 0.8269087091443157 1.0 0.7931131313211154 0.8511652791196731
use 0.36074928956954844 0.40865888616588175 0.8250099611300354 1.0 0.7906751132493849 0.8489521086439181
a 0.359793476259632 0.4098498652338054 0.8255474314100565 1.0 0.7917808013395308 0.8495429975616302
thought 0.3594584937066069 0.4081637461103999 0.8259391119243817 1.0 0.7916456276069764 0.8494029867779693
without 0.3566434244344233 0.4067866010428579 0.82575101949494 1.0 0.7907920033080312 0.8482714306622875
conversation 0.35221969900802286 0.4020342681234587 0.8262135934421291 1.0 0.7921455450643535 0.8471746393382698
so 0.3595713683402679 0.40836867530329757 0.8237712872549358 1.0 0.790693331878626 0.8483305046504883
considering 0.3540423839505275 0.40523900339485047 0.8241613387474227 1.0 0.7922531499247136 0.8489345228017663
own 0.35585915770475224 0.4034887467004262 0.8223413111536099 1.0 0.7890541322092938 0.8472058020635392
mind 0.3522909576246162 0.40402976704827254 0.8244028316983419 1.0 0.7915935711878287 0.8487913468489882
as 0.3589456158135181 0.40957360820792627 0.8263080137769309 1.0 0.7916093198099555 0.8493915910417813
well 0.3589070989343617 0.40806854391190045 0.8255128180103373 1.0 0.792070025031075 0.8498203838832922
could 0.36103964574069697 0.4099982825131018 0.8250990877384929 1.0 0.7911050044910283 0.8489570284506823
for 0.360127323145473 0.409201043160689 0.8248701149889617 1.0 0.7910835371472567 0.8485566422063403
hot 0.3595206819943797 0.40975053602435435 0.8238038862628919 1.0 0.7908013419176084 0.8467477462797801
day 0.3539585605493373 0.4040463262720013 0.8222090392273119 1.0 0.7897785659755414 0.8441265656725029
made 0.3557300269177966 0.4083655160264409 0.8254792468649953 1.0 0.7916850156064723 0.8484583979286878
feel 0.3516418279155241 0.40451049956685303 0.8243578993312629 1.0 0.7907689463118692 0.8470093296403587
sleepy 0.35593412522645995 0.40904108816571944 0.8262867458248626 1.0 0.792986757273874 0.8499984925513447
stupid 0.3516418279155241 0.40451049956685303 0.8243578993312629 1.0 0.7907689463118692 0.8470093296403587
whether 0.3584131868486885 0.40918551176021545 0.8262850711278499 1.0 0.7923247120500639 0.8497046523468691
pleasure 0.3535153473130784 0.40397881997629254 0.823470290732863 1.0 0.7899359927925058 0.8479153985292348
making 0.3535153473130784 0.40397881997629254 0.823470290732863 1.0 0.7899359927925058 0.8479153985292348
daisy 0.35331856418253355 0.4043380718187662 0.8223424461296549 1.0 0.7894541387380144 0.8448165075450403
chain 0.35331856418253355 0.4043380718187662 0.8223424461296549 1.0 0.7894541387380144 0.8448165075450403
would 0.36020886645374006 0.4102369982737698 0.827376987311127 1.0 0.7921597224519579 0.8527252573995621
be 0.3604512848716621 0.4105501906434414 0.8261572631430841 1.0 0.7923863009499459 0.8508954793447084
worth 0.35331856418253355 0.4043380718187662 0.8223424461296549 1.0 0.7894541387380144 0.8448165075450403
trouble 0.35347394144857686 0.4047597116426275 0.8239881874058235 1.0 0.7890148492000922 0.8452450230101967
getting 0.3572427488986153 0.40855631201799986 0.826360276024715 1.0 0.7921902375239125 0.8516773301578456
up 0.36107722956108007 0.4110987389381374 0.8263256516924189 1.0 0.7926892779331625 0.8518593804646423
picking 0.35347394144857686 0.4047597116426275 0.8239881874058235 1.0 0.7890148492000922 0.8452450230101967
daisies 0.35347394144857686 0.4047597116426275 0.8239881874058235 1.0 0.7890148492000922 0.8452450230101967
when 0.3592448148994069 0.4079433632046265 0.8257675448982799 1.0 0.7923523421066926 0.8499355169882066
suddenly 0.357253236898744 0.4075179901396827 0.825515928787756 1.0 0.7916397432807457 0.8463876023801303
white 0.3562854672015581 0.4090665354836963 0.8276273759431245 1.0 0.7924148246394271 0.8503455699877598
rabbit 0.3558924190448949 0.40577519744277507 0.8255712028558867 1.0 0.7920683173405504 0.8474824855954816
with 0.35985248022353467 0.4098017617647264 0.8264451113458405 1.0 0.7918475003419438 0.8498248742659849
pink 0.35410534380731895 0.40437381238840026 0.8284161113266788 1.0 0.7931597261103978 0.8467660940089253
eyes 0.35839447624082515 0.4068916110974197 0.8262986364899224 1.0 0.7911106116995593 0.847252754490049
ran 0.3536337597921385 0.4035232109490093 0.8234492355355532 1.0 0.7921100298181938 0.8458384311899629
close 0.3562084741885745 0.407284374097914 0.826464108334892 1.0 0.7932049738098544 0.8509901545809712
there 0.35971416158855396 0.41066472395959125 0.8266022442863009 1.0 0.7920629861966327 0.8506192610607457
remarkable 0.35474181561059176 0.39967119306633003 0.8237794868932462 1.0 0.7907766229357912 0.8441590111022863
that 0.36010150565500626 0.409935298363917 0.8254434523837352 1.0 0.7909422370558824 0.8495625886086933
nor 0.35474181561059176 0.39967119306633003 0.8237794868932462 1.0 0.7907766229357912 0.8441590111022863
did 0.3592739675560864 0.4099005569091848 0.8260361690477376 1.0 0.791649734033332 0.8476751559009837
think 0.35943810364764023 0.40914812802488776 0.8260866623347569 1.0 0.7907156240917786 0.8490631281219257
much 0.3589730436636603 0.4098994380861221 0.8262128149852954 1.0 0.7912665847231521 0.8480538632202672
out 0.3591112037801808 0.4078862354181531 0.8248542603478604 1.0 0.7915133282211162 0.8477391322093553
way 0.3591888978469253 0.40934536465529286 0.8245540398529915 1.0 0.7906804483114998 0.8477752505775334
hear 0.35646356993469774 0.40670382221558965 0.8251661566445955 1.0 0.7920742721990829 0.846849189351225
say 0.35946765151888643 0.4094564674120365 0.8265080723616505 1.0 0.7919015640954902 0.849205707859053
itself 0.35404664111294937 0.40255856972033516 0.8222057001533526 1.0 0.7893760337690884 0.8395807413745406
oh 0.3573803800109538 0.40753889839353746 0.8244624580236453 1.0 0.7930030667117902 0.8473607805416481
dear 0.3568192947235528 0.40711426420680946 0.8238655299096729 1.0 0.7914285093307905 0.8446452871050312
i 0.3614227601874988 0.4102887103669015 0.8262586448797192 1.0 0.7915946807164398 0.8496518004731487
shall 0.3597805107076865 0.41034761284426063 0.8280336839523483 1.0 0.7933536346591303 0.8498678848490256
late 0.3566059192956174 0.40755200836997085 0.8275003210989769 1.0 0.7948681986023443 0.851968008687068
over 0.35843376965967544 0.4105959333055987 0.82799182904785 1.0 0.792336761825275 0.8512016729061166
afterwards 0.35344465353757804 0.4033314286869365 0.8264449883099896 1.0 0.7901838502632293 0.8433540217711244
occurred 0.35344465353757804 0.4033314286869365 0.8264449883099896 1.0 0.7901838502632293 0.8433540217711244
ought 0.3531572003256162 0.40268644679132815 0.8239465825653104 1.0 0.78999586784206 0.8425069753735239
have 0.3576737419181018 0.40797354434790745 0.8259221885243738 1.0 0.7916756525944808 0.8466849024607084
wondered 0.3531572003256162 0.40268644679132815 0.8239465825653104 1.0 0.78999586784206 0.8425069753735239
at 0.3594811032212784 0.40936103516675476 0.8258198145942671 1.0 0.7909490332594659 0.8478145191593999
this 0.36080641732533864 0.4096066328391728 0.8258699421458316 1.0 0.7909675665883137 0.848520141286866
time 0.3590058064621046 0.40931430215491865 0.8261159823332244 1.0 0.7920157730238816 0.8498864669020084
all 0.36009194287912866 0.4115521056063465 0.827236872235772 1.0 0.7929545930219726 0.8511093750005088
seemed 0.35791000536466916 0.4087814653953433 0.8256198441829348 1.0 0.7897830382495014 0.8462857140694623
quite 0.3601671026525449 0.4079737570571597 0.827306746209705 1.0 0.7926852236297554 0.8485128254618144
natural 0.3560625628879237 0.4027862253045985 0.8265164358605512 1.0 0.7923459838997137 0.844496752928405
actually 0.35593088220720626 0.4019097149731052 0.825179096421473 1.0 0.7939542154638617 0.8472552357991591
took 0.3564137056582923 0.4046676234563201 0.8251214658786113 1.0 0.793017438660683 0.8475062378044668
watch 0.35556655902892076 0.40536846114295505 0.8239850812451882 1.0 0.793660698983381 0.8481039796948238
its 0.3555305433537933 0.4054063276962302 0.8249334791099993 1.0 0.7951886818524764 0.8478260157168335
waistcoat 0.35556655902892076 0.40536846114295505 0.8239850812451882 1.0 0.793660698983381 0.8481039796948238
pocket 0.35579793528228804 0.40399135485146903 0.8246194344491566 1.0 0.7933035217015092 0.8475812007540939
looked 0.35804435333583334 0.40865005154793194 0.8257182225492753 1.0 0.7924093245316962 0.8483127556787401
then 0.3578682055252185 0.4072256894970886 0.826012057447986 1.0 0.7930285430653169 0.848334906787908
hurried 0.3553093158830873 0.4036314070526762 0.8243059357907414 1.0 0.7933836922578423 0.8458805239985253
started 0.35391344501236693 0.4041871189714101 0.8230910162354502 1.0 0.7917330178585297 0.8460547833130638
feet 0.3574934128488602 0.40897483461087647 0.8256120307329997 1.0 0.7937212806230067 0.84824009850988
flashed 0.35240982105919877 0.4055310159296555 0.8266734535977963 1.0 0.792873765740897 0.8499866923096423
across 0.35373298825307814 0.40423849319998656 0.823902282882846 1.0 0.7918597379463873 0.845771761655863
she'd 0.35240982105919877 0.4055310159296555 0.8266734535977963 1.0 0.792873765740897 0.8499866923096423
never 0.35853403837554443 0.4099117445300784 0.8269505455335298 1.0 0.7935431182535588 0.8517113150764619
before 0.3587032328938223 0.40841722402934993 0.8254357698601948 1.0 0.7922214196116633 0.8501216365899669
seen 0.3589479843029316 0.40815268444163283 0.825770332784503 1.0 0.7927447772462992 0.8521328379621526
either 0.35923706102469005 0.4083204563051564 0.8248858075980875 1.0 0.7909553103094005 0.8493497498267852
take 0.355998004054231 0.40568185372514654 0.8232077211985757 1.0 0.790651579803002 0.8466016475496947
burning 0.355998004054231 0.40568185372514654 0.8232077211985757 1.0 0.790651579803002 0.8466016475496947
curiosity 0.3537427489832042 0.4035062819945275 0.8216000691455356 1.0 0.7923469608383105 0.8468004807850124
field 0.3550503905137807 0.4029516018880256 0.8211431859360991 1.0 0.7908501281895238 0.8415751951163672
after 0.3582609289144322 0.4078722283676742 0.8240603020432556 1.0 0.7916606549686624 0.8458244910616062
fortunately 0.3550318459587872 0.4045242987993565 0.8219731559943338 1.0 0.7898701252748314 0.8440525389008735
just 0.35889561016093685 0.41003646876756505 0.8252616078841007 1.0 0.7933094818886429 0.8512008027648772
see 0.35938685618822874 0.4094878342062905 0.8267158865726075 1.0 0.7915283731707624 0.8490715472613908
pop 0.35357044296827955 0.4015535551370859 0.8233789466215024 1.0 0.7889366734863894 0.8402792680181138
down 0.35904732703250897 0.40927691647779185 0.8262884596421344 1.0 0.7923449625123208 0.8505996756434907
large 0.3588794778165549 0.40848835982934045 0.8245624486907337 1.0 0.7904707347373533 0.8471086572323332
hole 0.3571188732755588 0.4075362213353213 0.8244935596330525 1.0 0.7918206278674839 0.8466414142212297
under 0.3604752434249203 0.40634956677082074 0.8228064374730627 1.0 0.7893298122600394 0.8458280412525746
hedge 0.3531176624630155 0.40508411429905394 0.8230133048261195 1.0 0.789838027454704 0.8424144444398981
another 0.35758444173277815 0.40917266651232065 0.8251183750894526 1.0 0.7916739461613711 0.8500356999586072
moment 0.3585345130620493 0.40996191565012496 0.8264797553943117 1.0 0.7927285737096821 0.8484558826072665
went 0.35879840323706225 0.4090044879526702 0.824762341869843 1.0 0.7916913269016975 0.8489778748750142
how 0.3588722059010602 0.4097432636087098 0.8254851888153834 1.0 0.7916195872800624 0.84946958903265
world 0.35685131398911335 0.40709145199263813 0.8278036493775669 1.0 0.7952830611714741 0.8508622438141552
again 0.35808341282237877 0.4102572613653243 0.8264972618621789 1.0 0.7916430364680669 0.8476282395317394
straight 0.35567483866212185 0.405640026427597 0.8255481585504063 1.0 0.7916183434406064 0.8453534636899668
like 0.3611762519151155 0.4111260472593055 0.8258112553917614 1.0 0.7925966713223742 0.8507389293998302
tunnel 0.35567483866212185 0.405640026427597 0.8255481585504063 1.0 0.7916183434406064 0.8453534636899668
some 0.35586315225342324 0.40528078245019195 0.8224993868199239 1.0 0.7905983016802755 0.840716291573339
dipped 0.35586315225342324 0.40528078245019195 0.8224993868199239 1.0 0.7905983016802755 0.840716291573339
not 0.3618801974722445 0.41157771796036663 0.8265945685531249 1.0 0.7923089404185647 0.8513277071166313
about 0.360546862657814 0.4096252153296331 0.8264784700584478 1.0 0.7935133888627475 0.850588184285803
stopping 0.35930840374966777 0.4107912612162895 0.826239549067889 1.0 0.7934405898885136 0.8523915959994849
herself 0.3615213644093199 0.40985046298808314 0.8248430385529573 1.0 0.7912183438062688 0.8507624126142803
found 0.36192876456547074 0.41068227994338974 0.8264009442148257 1.0 0.7926167395005448 0.8526683629123657
falling 0.35751169322151993 0.40979637654495327 0.8273343188656854 1.0 0.7922440156436978 0.8540534757597058
deep 0.35651105336244215 0.4082136139078863 0.8288026257921697 1.0 0.7962021934133253 0.8564648380678789
fell 0.3596164256374043 0.40800462097461443 0.8265553392914917 1.0 0.7928935875433527 0.8504070672280718
slowly 0.35776959878775416 0.4077583962750801 0.8286749143010503 1.0 0.7969947857395553 0.8601755412496449
plenty 0.3561329305693599 0.40726161359370755 0.8251732948419472 1.0 0.7945123607685798 0.8571419342355818
look 0.35868617899478866 0.40880292025575904 0.8262888121948144 1.0 0.7917666697237437 0.8498521014826956
wonder 0.359686364500622 0.410293282854144 0.8271324019426686 1.0 0.7917316566438135 0.8513494286915803
going 0.3607578983437199 0.4100767983666854 0.8248673381510533 1.0 0.7917538273918766 0.851601721634509
happen 0.3540536248799976 0.40672889920625527 0.824631609438081 1.0 0.7925544909968336 0.8495991334393622
next 0.3540536248799976 0.40672889920625527 0.824631609438081 1.0 0.7925544909968336 0.8495991334393622
first 0.36042641913227963 0.4098690912064695 0.8247459727749815 1.0 0.7918695891727052 0.849532702287873
tried 0.3603277961580651 0.4087981409026224 0.8267498992198765 1.0 0.7924729569940385 0.8510603996217204
make 0.35961335424468593 0.40794155941461774 0.8252879006398847 1.0 0.7909976491679872 0.8475962725717505
coming 0.35646617355551335 0.4062776608116898 0.8259598990653059 1.0 0.793245279783328 0.8486967624391474
too 0.36020926858913316 0.40921858713373005 0.8249757405943499 1.0 0.7899671658623668 0.8467525241929841
dark 0.3585894378318593 0.4094036279043592 0.8265753250316416 1.0 0.7930349328511354 0.8474090390244001
anything 0.358269477276712 0.4065806315679439 0.828099524552026 1.0 0.7926265223025463 0.8492354143081213
sides 0.35855944089739705 0.4083998562736072 0.8245711776137041 1.0 0.7905243629455502 0.8488127619154532
noticed 0.35723531036435235 0.4057982162234208 0.8249501203416669 1.0 0.7918144616366278 0.8485652895067572
they 0.36000973742800635 0.4111571640821219 0.8268477675310482 1.0 0.7924216655203613 0.8505762611414174
were 0.36035545061207713 0.41126656575686843 0.826185906219647 1.0 0.7915218753426723 0.8501919980936625
filled 0.35635204219754707 0.4063347919685186 0.8246835833696097 1.0 0.7893809301046277 0.8437375604516031
cupboards 0.3576126119280656 0.4070514931430684 0.8253720993508092 1.0 0.7903331911166126 0.8447121852833114
shelves 0.35783226229314774 0.40685477896628885 0.8248069171159271 1.0 0.7904461672917277 0.8441798156790649
here 0.36021356075154026 0.41139516849517677 0.8265242131979992 1.0 0.7918867780413086 0.8503326539938713
saw 0.3569748295109253 0.4069716023245025 0.8241595162631039 1.0 0.7894803220688877 0.8423448196885139
maps 0.3555865361697008 0.40365204898411866 0.8227223427273427 1.0 0.7905020368725186 0.8414311264995449
hung 0.3565194291008359 0.40482493602833625 0.8233191909153994 1.0 0.7898431326108821 0.8455267885378908
upon 0.35973730172692525 0.4098778684158879 0.8255345382473712 1.0 0.7917263383190412 0.8516059562062339
pegs 0.3565194291008359 0.40482493602833625 0.8233191909153994 1.0 0.7898431326108821 0.8455267885378908
jar 0.3591095663996969 0.40985115415466 0.8275218418732404 1.0 0.7938587032199975 0.8502187421224628
from 0.3593819965982229 0.4107972616201416 0.8277849060815281 1.0 0.7930907833870945 0.8538267275034478
one 0.3609974820411484 0.40982070756242694 0.8268528752930134 1.0 0.7916515612171464 0.8507341336545351
passed 0.358754020226229 0.40769324493448783 0.826043956282516 1.0 0.7918340698094715 0.8445482855899245
labled 0.35800254315541274 0.40658999041555877 0.8246921520327389 1.0 0.7904984298958393 0.844162265953204
orange 0.35800254315541274 0.40658999041555877 0.8246921520327389 1.0 0.7904984298958393 0.844162265953204
marmalade 0.35800254315541274 0.40658999041555877 0.8246921520327389 1.0 0.7904984298958393 0.844162265953204
great 0.3585983124658106 0.40715693693145705 0.8246779268427532 1.0 0.7891822894029138 0.8470918283212814
disappointment 0.3577682421537837 0.4066008339643276 0.8248002247035487 1.0 0.7876630760813225 0.8455689583289168
empty 0.35921197100541136 0.40846925372142867 0.8266471998875932 1.0 0.7933444412358003 0.8520427825561611
drop 0.3613325087409227 0.41229800380616294 0.829988086276656 1.0 0.7956385384395341 0.8526899305680705
fear 0.3613325087409227 0.41229800380616294 0.829988086276656 1.0 0.7956385384395341 0.8526899305680705
killing 0.3613325087409227 0.41229800380616294 0.829988086276656 1.0 0.7956385384395341 0.8526899305680705
somebody 0.3595273886721544 0.40932009146631687 0.8260000685136898 1.0 0.7918476177611513 0.8486931987824047
managed 0.3595273886721544 0.40932009146631687 0.8260000685136898 1.0 0.7918476177611513 0.8486931987824047
put 0.35981938145573933 0.4123202995185271 0.8266478250376341 1.0 0.7918059315103457 0.8492495596337126
past 0.3588702890988763 0.40776654974303417 0.8260590354324309 1.0 0.7912832670278707 0.8456845736972715
such 0.3612934923333584 0.4107494163852379 0.8266183000156402 1.0 0.7915407719355156 0.8480528193082355
fall 0.3602416703631979 0.4118657914588062 0.8281895351530449 1.0 0.7923266869204753 0.8504035207774758
tumbling 0.3613914503996392 0.4092919283546714 0.8296584277152922 1.0 0.7922197242500092 0.8498819817052582
stairs 0.3613914503996392 0.4092919283546714 0.8296584277152922 1.0 0.7922197242500092 0.8498819817052582
brave 0.3574556003641895 0.4095342438359454 0.8254993568806855 1.0 0.7897424736899846 0.8461282511214636
ll 0.3612471523449614 0.41081925528059793 0.8263194699440731 1.0 0.7919750719443236 0.8500616837647885
me 0.3614944689405384 0.4109785027626162 0.8257573974657446 1.0 0.7911230717997997 0.8492088126212707
home 0.36024261760025406 0.4100122469900883 0.8272101447433502 1.0 0.7893067217188141 0.846400214503495
why 0.36159406609499223 0.4087909168508231 0.825874688960643 1.0 0.7900010808856625 0.8482583775553686
n't 0.3610300564224345 0.41187951768035475 0.8275086838500268 1.0 0.791520658707525 0.8484705580435403
even 0.3605403640484013 0.4096699949745923 0.8265879398605963 1.0 0.7906625675985322 0.8490873981175985
if 0.3620022943751254 0.4098414465746778 0.8250640484848881 1.0 0.7900890522454375 0.84818709839804
off 0.36105493030372354 0.41137936469052216 0.8259821117667107 1.0 0.7915505612915266 0.8514214146417346
top 0.35929868691009076 0.40792440029182186 0.8284282280081632 1.0 0.7929556645961517 0.8502364257686148
house 0.35929868691009076 0.40792440029182186 0.8284282280081632 1.0 0.7929556645961517 0.8502364257686148
which 0.36242589284639953 0.41226102357004085 0.8264003144050355 1.0 0.792585490662386 0.8506119238546691
likely 0.3601026556054053 0.4073027629718547 0.8278859181567342 1.0 0.793021712412412 0.850981150982225
true 0.3601026556054053 0.4073027629718547 0.8278859181567342 1.0 0.793021712412412 0.850981150982225
come 0.36112429739310553 0.4089525334464574 0.8254598428146245 1.0 0.7908675793316801 0.8493787364245404
an 0.3591806040301448 0.41036364269859693 0.8262225725057112 1.0 0.7917775182462826 0.8494906814448366
end 0.360036621300447 0.4092826813705315 0.8236081135455713 1.0 0.7890491159995588 0.8488808915224194
many 0.359004380439161 0.4078202095753447 0.8227956637698702 1.0 0.7873113515727513 0.8464591450115414
miles 0.35958531054407633 0.40828984349654157 0.825526218630719 1.0 0.7889033933779932 0.8459011834246177
ve 0.3595935633236747 0.4087537839024061 0.8251197169229885 1.0 0.7901917238485496 0.8486353354655143
fallen 0.35801397030387455 0.4058386460793565 0.82309850046934 1.0 0.7876421030175637 0.8456168082794989
said 0.3618318507657805 0.4105059571102789 0.82440417487153 1.0 0.7905177788590817 0.8495940254799058
aloud 0.35760707913276896 0.40717809464532945 0.8228675990555894 1.0 0.7880674489643961 0.8460069627728343
must 0.3613547361268641 0.41185402973541724 0.8243781266991883 1.0 0.7905181801455551 0.8484481781292266
somewhere 0.35951799766225206 0.40991358270665385 0.8264068215911357 1.0 0.7930349048302981 0.8534204461626087
near 0.3599192029159817 0.41092335277357195 0.8260855064183058 1.0 0.790791067616678 0.8490991344057627
centre 0.3599192029159817 0.41092335277357195 0.8260855064183058 1.0 0.790791067616678 0.8490991344057627
earth 0.3606488536404936 0.41212841963414304 0.8295649279251381 1.0 0.7923166034540597 0.8505138623570317
let 0.35940013802769183 0.41171818558217904 0.8298857497686345 1.0 0.7916672179243402 0.8496618928836575
four 0.361168103009226 0.4107589057042379 0.827971630461351 1.0 0.7901738762611895 0.8461876311495942
thousand 0.361168103009226 0.4107589057042379 0.827971630461351 1.0 0.7901738762611895 0.8461876311495942
you 0.361057429257536 0.4124361739455662 0.8269330184442403 1.0 0.7913213086725227 0.8503634163351408
learnt 0.35759202439882803 0.40978709341462527 0.8266149785253051 1.0 0.7881195714820033 0.8461338678934891
several 0.36139105522865295 0.41072910156927245 0.8279996791145513 1.0 0.7929506975883193 0.8505363241324752
things 0.3605297992498769 0.4097317751679137 0.8242713355001661 1.0 0.7896553179340279 0.8507642121204508
sort 0.35905434959736193 0.41268225366153144 0.8271170147089265 1.0 0.7913713840127522 0.8530127519950539
lessons 0.3587345745407445 0.4094294265940168 0.828166232370614 1.0 0.7924213581293613 0.8525520828094579
schoolroom 0.35770348282543324 0.40965251635167255 0.8253607973036915 1.0 0.792443296562903 0.8503297793136357
though 0.36009867805440854 0.40912377883548723 0.8247383749518896 1.0 0.7902565520082253 0.8493775425075133
good 0.3613471786508509 0.411170834505932 0.8265803995363536 1.0 0.7909846941866916 0.8501405004731162
opportunity 0.3609638356954789 0.4105479428929647 0.8277633510706622 1.0 0.7911980060952521 0.8477740902111608
showing 0.35780857486219353 0.4108877223428694 0.8291549927394214 1.0 0.7925629866903559 0.8514795462616154
knowledge 0.35780857486219353 0.4108877223428694 0.8291549927394214 1.0 0.7925629866903559 0.8514795462616154
listen 0.3613743384348209 0.4118342144271518 0.8288213150403106 1.0 0.7926366214532239 0.8542545063351272
still 0.3606732622442951 0.41269999863668133 0.8271624934014427 1.0 0.7926769544703013 0.853020701789074
practice 0.3614079237362196 0.4145280500748827 0.8294840291370607 1.0 0.7928944387155266 0.853758196115399
yes 0.3619215802346491 0.4139055671113343 0.8282663638833956 1.0 0.7953234055245406 0.8497132102069309
right 0.362347815231681 0.413827667173478 0.8282552144655582 1.0 0.7931432588140618 0.8500919395259149
distance 0.3619215802346491 0.4139055671113343 0.8282663638833956 1.0 0.7953234055245406 0.8497132102069309
latitude 0.35757476310735337 0.40914160926363335 0.8256347728527172 1.0 0.7927180105643251 0.8523716222344458
longitude 0.36026696408114317 0.4111138636095384 0.8267881699148438 1.0 0.7925985323319182 0.8502730506163668
got 0.36090444656533127 0.410001420463033 0.8255641248073684 1.0 0.7915179073401816 0.8520025541174687
idea 0.3565209604441108 0.40722454064046815 0.8232636338781848 1.0 0.7913743319072117 0.851935871733962
nice 0.3616726535830221 0.41185017308704797 0.8261845770433565 1.0 0.7910652017357239 0.8496611329541929
grand 0.3591333727054777 0.4100439944688207 0.8266355700440421 1.0 0.7898967630286892 0.8472519609105718
words 0.36254598807966976 0.4107004273586181 0.8240228160195716 1.0 0.7892734301270491 0.846874211557256
presently 0.3585674877176518 0.4095820511255194 0.825498435504147 1.0 0.7894936453626635 0.8468480573804748
began 0.35885761637682706 0.4115368971298943 0.8260583983002713 1.0 0.7908245547896486 0.8489176554567488
through 0.36276530647232486 0.41207780492763174 0.8276709635821422 1.0 0.7923923714441165 0.8531653937235509
funny 0.3583403442597674 0.4091250970160631 0.824830243544967 1.0 0.7918474348779677 0.8496825972239547
seem 0.3583403442597674 0.4091250970160631 0.824830243544967 1.0 0.7918474348779677 0.8496825972239547
among 0.35998359460124063 0.40874735537041323 0.8256307220797964 1.0 0.792693791648729 0.8519661915073843
people 0.3622416031062702 0.4106547341400918 0.8254470233911777 1.0 0.7923081356128112 0.8518805619964718
walk 0.360537720845283 0.40800818909845216 0.8266541405073474 1.0 0.7920826445028349 0.8527605186717725
their 0.36195575596198537 0.4098875743189997 0.8257892186515925 1.0 0.7910536579019507 0.8513580785866749
heads 0.36307243679533996 0.4103303871007872 0.8289679820276284 1.0 0.792953650413904 0.8545591094864776
downward 0.36307243679533996 0.4103303871007872 0.8289679820276284 1.0 0.792953650413904 0.8545591094864776
antipathies 0.36307243679533996 0.4103303871007872 0.8289679820276284 1.0 0.792953650413904 0.8545591094864776
rather 0.3612284739603961 0.41023801097008583 0.8254534815755734 1.0 0.7911833664748046 0.8494043240033845
glad 0.3604516622140718 0.40737673673023805 0.8260772687676361 1.0 0.7909441775114807 0.8482300463882466
listening 0.3613716407004755 0.4101344943181139 0.8267976202140177 1.0 0.7901753258182764 0.8486260138757254
sound 0.3614552384401701 0.4138119412695224 0.8280293321364565 1.0 0.7898065665742723 0.848565440787429
word 0.3614552384401701 0.4138119412695224 0.8280293321364565 1.0 0.7898065665742723 0.848565440787429
ask 0.3609543707801802 0.41315255159568265 0.8280538647370138 1.0 0.7955125765468933 0.8557333744590779
them 0.36291524802148273 0.41271838055490495 0.8283522086939397 1.0 0.7928046783847298 0.8552343998860179
name 0.3592435411902635 0.41148805973469155 0.826447358472931 1.0 0.7922025116362187 0.8522897953866654
country 0.3592435411902635 0.41148805973469155 0.826447358472931 1.0 0.7922025116362187 0.8522897953866654
is 0.36003450847594165 0.4094033924192119 0.824076892715302 1.0 0.7904703603956286 0.848936193180826
know 0.3610511984642308 0.41216167851519114 0.8266321968339235 1.0 0.7933023881685783 0.8530978988994148
please 0.3612764856303054 0.4122815482454625 0.8276791911444343 1.0 0.7913409706373095 0.8517821662586444
ma'am 0.3612764856303054 0.4122815482454625 0.8276791911444343 1.0 0.7913409706373095 0.8517821662586444
new 0.36126639737239563 0.4122095056490338 0.8277842288265249 1.0 0.792785944775276 0.8532288934224502
zeland 0.36126639737239563 0.4122095056490338 0.8277842288265249 1.0 0.792785944775276 0.8532288934224502
australia 0.36126639737239563 0.4122095056490338 0.8277842288265249 1.0 0.792785944775276 0.8532288934224502
curtsey 0.36034225919586704 0.4123918790956452 0.8276150481193654 1.0 0.7915839662903068 0.8534327262981708
spoke 0.36016759213110466 0.41161462978321117 0.8275730444008637 1.0 0.7920635400285589 0.8521796584954575
fancy 0.3609153608917536 0.41091605858406755 0.8270824408742483 1.0 0.7935039106266211 0.849866787008844
curtseying 0.36016759213110466 0.41161462978321117 0.8275730444008637 1.0 0.7920635400285589 0.8521796584954575
re 0.3587408379788646 0.4111819614451461 0.8261850105107609 1.0 0.7895892374400889 0.8527312409358598
air 0.35902089461729364 0.411943661020622 0.8269706689860836 1.0 0.7904171961197032 0.8530965492250467
manage 0.3602256555245973 0.41394194031517284 0.8269429488166391 1.0 0.7918058618679994 0.8506886925657275
ignorant 0.3605673159484215 0.41165667999097477 0.8272828540237156 1.0 0.7933606351355391 0.8513654002470714
little 0.3622045164711731 0.4113772107730348 0.8258577787552978 1.0 0.7914978335090013 0.850127276815726
girl 0.3605673159484215 0.41165667999097477 0.8272828540237156 1.0 0.7933606351355391 0.8513654002470714
asking 0.3604126294449899 0.4099976788181676 0.8287875317017283 1.0 0.7954979608466481 0.8558541737336715
perhaps 0.35911541459625146 0.40890034490451543 0.8267292402190767 1.0 0.7952864477915823 0.8577565980949243
written 0.35911541459625146 0.40890034490451543 0.8267292402190767 1.0 0.7952864477915823 0.8577565980949243
else 0.35914528368279264 0.4135033283793457 0.8244052405061539 1.0 0.7927061502934352 0.8570832944276718
soon 0.361704744605412 0.4117298236281036 0.8233385686466013 1.0 0.7914351217924339 0.851732467836273
talking 0.35775502996736913 0.4114335056537933 0.8244661624298263 1.0 0.7878001319901395 0.8469295578114654
dinah 0.36027365357141383 0.4147998542579234 0.8274122158378573 1.0 0.7923947047914066 0.8523951277986856
miss 0.3580953062850376 0.41168474968146973 0.8260436002330792 1.0 0.7904834315834696 0.8453723777301423
night 0.36041167703561605 0.41095934313837856 0.826920626433706 1.0 0.792023481898447 0.849131582274952
should 0.3622609730939452 0.4108913551861357 0.8275664812157638 1.0 0.7936825475589087 0.8515498707958992
cat 0.36220696262548946 0.4151939748067534 0.8280242214623263 1.0 0.7912927234603183 0.8527945982377266
hope 0.36313580303196547 0.4152573368620975 0.8297097189414843 1.0 0.7942516270873147 0.8556961634614987
remember 0.3623614314091992 0.4116998062066856 0.8256134556038255 1.0 0.7922796734067183 0.8515612387018456
saucer 0.36313580303196547 0.4152573368620975 0.8297097189414843 1.0 0.7942516270873147 0.8556961634614987
milk 0.3615636309238591 0.4145307958551482 0.8283234758909964 1.0 0.7921254478931219 0.8509599537143422
tea 0.3615636309238591 0.4145307958551482 0.8283234758909964 1.0 0.7921254478931219 0.8509599537143422
my 0.36118750855552845 0.4125588821989072 0.8264848489999891 1.0 0.7920510436337227 0.8530038951146167
wish 0.36179283859017985 0.4127186667932757 0.8262142419965024 1.0 0.7910870332108955 0.8499164372557269
are 0.36036961630963527 0.4158637557086812 0.8295266215177535 1.0 0.7918705856816554 0.8547305659070752
mice 0.3593014632323486 0.4127067530729225 0.8277577637379306 1.0 0.7912466684056133 0.85346252534095
m 0.3593014632323486 0.4127067530729225 0.8277577637379306 1.0 0.7912466684056133 0.85346252534095
afraid 0.3593014632323486 0.4127067530729225 0.8277577637379306 1.0 0.7912466684056133 0.85346252534095
might 0.359870997563281 0.41140170525809855 0.8245329561005588 1.0 0.7906115876612264 0.8517345206758183
catch 0.35937544545644856 0.41195675730423864 0.8282718998115345 1.0 0.793250354426771 0.8526438607785292
bat 0.3603830368627137 0.41347376951174597 0.8285198876829258 1.0 0.7938416493896332 0.8523620442291151
mouse 0.3601965635759755 0.41455341133480417 0.8304728722737422 1.0 0.7938242354148453 0.8543561247108759
cats 0.3601398623466448 0.4144773639180348 0.8286240646709989 1.0 0.7919115928985497 0.8534768640929178
eat 0.36168225762169015 0.4128450519113749 0.8268617545207287 1.0 0.7920809420688134 0.8506008561342157
bats 0.36103142659073106 0.41435881523698714 0.8290392537998857 1.0 0.793118310737234 0.8538737799866907
saying 0.3601758844608349 0.41528881183606337 0.8269101809134978 1.0 0.7926889685011402 0.853976245694328
dreamy 0.3609016508819624 0.4140532953348545 0.8269002306690632 1.0 0.7916627272187048 0.8511399190247038
sometimes 0.36225292568361045 0.4118505327538884 0.8276936859631154 1.0 0.7922737552367182 0.8526015546192847
couldn't 0.3594907530141406 0.4125470832666963 0.8259582263082845 1.0 0.7886235357793872 0.8453514464910102
answer 0.3594907530141406 0.4125470832666963 0.8259582263082845 1.0 0.7886235357793872 0.8453514464910102
question 0.3594907530141406 0.4125470832666963 0.8259582263082845 1.0 0.7886235357793872 0.8453514464910102
matter 0.3605450924499142 0.4139902376754429 0.8253502387843427 1.0 0.791278860835085 0.8467311579225392
felt 0.36161268975841415 0.4116583589516664 0.8254987043350115 1.0 0.7915797184184306 0.8495632902045426
dozing 0.3607561465810847 0.414600956648026 0.8270109039946696 1.0 0.7932260661717079 0.8576665484202627
begun 0.36005127877027787 0.4105697106177575 0.8242152342301139 1.0 0.7896866048802588 0.8533470993905514
dream 0.35965123488131473 0.4121218369360428 0.8272837403132648 1.0 0.792488454372734 0.8566426482412576
walking 0.35965123488131473 0.4121218369360428 0.8272837403132648 1.0 0.792488454372734 0.8566426482412576
hand 0.35955206446103244 0.41432443193894125 0.8271015817359685 1.0 0.7931007310469652 0.8567216226803255
earnestly 0.3606107669506782 0.4123791584141478 0.8291773947148761 1.0 0.7953119900160588 0.8577240046335393
now 0.3634956201114584 0.4118997064665727 0.8263131304204775 1.0 0.7924949253658291 0.8504625836651843
tell 0.3601573640645066 0.4151127025659714 0.8284124544274731 1.0 0.7952918114949108 0.8557077981693598
truth 0.3601573640645066 0.4151127025659714 0.8284124544274731 1.0 0.7952918114949108 0.8557077981693598
ever 0.3599653657649253 0.41075341823965167 0.8248559422177814 1.0 0.7907385770521302 0.8476552725503356
thump 0.3604424682940877 0.4137003853464074 0.8255999138590548 1.0 0.7925180997818575 0.850994402094422
came 0.36066927431853196 0.41187281411744414 0.8269048860570497 1.0 0.792858446618244 0.853114247009891
heap 0.36029836414806776 0.41162302583684207 0.8227688229674133 1.0 0.789766826788785 0.8515113791146518
sticks 0.36029836414806776 0.41162302583684207 0.8227688229674133 1.0 0.789766826788785 0.8515113791146518
dry 0.36029836414806776 0.41162302583684207 0.8227688229674133 1.0 0.789766826788785 0.8515113791146518
leaves 0.36029836414806776 0.41162302583684207 0.8227688229674133 1.0 0.789766826788785 0.8515113791146518
bit 0.36049078140287666 0.41396279773064587 0.8257186237200874 1.0 0.7949797385324541 0.854410215581666
hurt 0.36049078140287666 0.41396279773064587 0.8257186237200874 1.0 0.7949797385324541 0.854410215581666
jumped 0.36049078140287666 0.41396279773064587 0.8257186237200874 1.0 0.7949797385324541 0.854410215581666
overhead 0.3584781172309614 0.4127946363386978 0.8275395052992938 1.0 0.7935471349954626 0.8470111879861707
long 0.3607223950878826 0.4135922171931994 0.8267746420651066 1.0 0.792002791228451 0.8536197477197179
passage 0.35952678700414903 0.41175618845689066 0.826432846437438 1.0 0.7919115280396837 0.8515164027936508
sight 0.3599655405999516 0.41357398955620656 0.8254879479043951 1.0 0.7927176698013212 0.8517752020931332
hurrying 0.3599655405999516 0.41357398955620656 0.8254879479043951 1.0 0.7927176698013212 0.8517752020931332
lost 0.3597510062179801 0.41125446271375604 0.8269204029572693 1.0 0.7931114678426506 0.8486741624222423
away 0.3597510062179801 0.41125446271375604 0.8269204029572693 1.0 0.7931114678426506 0.8486741624222423
wind 0.36095498544310006 0.4110600448087493 0.8268481856148675 1.0 0.7968860663677627 0.8519805376272047
turned 0.35890481200896907 0.4109682569653875 0.8278969996227695 1.0 0.7946702010974397 0.8556600695133155
corner 0.35890481200896907 0.4109682569653875 0.8278969996227695 1.0 0.7946702010974397 0.8556600695133155
ears 0.3600214404096999 0.41010250497604667 0.8248549788032435 1.0 0.7921534456908352 0.8510886477581003
whiskers 0.3584237074153262 0.41440139615636784 0.8291955772591847 1.0 0.7980025345963894 0.8583986092136323
it's 0.3609773912974344 0.40820249728929886 0.8272964218745349 1.0 0.7947970330636785 0.8556165811401202
behind 0.3602756510512188 0.41023859730626006 0.8259558758596123 1.0 0.7927484088362221 0.8527250015785045
longer 0.36008748751330116 0.4130007250156481 0.8281124694779435 1.0 0.7962576707905127 0.8614169720668448
low 0.36182427865616595 0.41277698661412315 0.8286799955680502 1.0 0.7953641192776097 0.8618796889610834
hall 0.36039912807390323 0.4131184847412525 0.8271128830793387 1.0 0.7938324587461814 0.8555441670617194
lit 0.35958014294281065 0.41095650405831924 0.8280844516310031 1.0 0.7936104167481812 0.8559626707869505
row 0.35958014294281065 0.41095650405831924 0.8280844516310031 1.0 0.7936104167481812 0.8559626707869505
lamps 0.35958014294281065 0.41095650405831924 0.8280844516310031 1.0 0.7936104167481812 0.8559626707869505
hanging 0.35958014294281065 0.41095650405831924 0.8280844516310031 1.0 0.7936104167481812 0.8559626707869505
roof 0.35919624686670815 0.41370347064312324 0.8271392790291648 1.0 0.7920151479165591 0.854529015161811
doors 0.35898951885470615 0.4131850490077787 0.8259382235077471 1.0 0.7918835303213972 0.8555740389843206
around 0.35953615951474055 0.41521971341157266 0.8294384715865815 1.0 0.7955176169376444 0.857706577885878
locked 0.3611225152302776 0.41329483802322753 0.8296892844400643 1.0 0.7987224808163328 0.8587657292059293
been 0.36070668116768756 0.4130235873903165 0.8298267655258765 1.0 0.7975932179616613 0.8600058136626096
side 0.36070668116768756 0.4130235873903165 0.8298267655258765 1.0 0.7975932179616613 0.8600058136626096
other 0.360939929704078 0.4115787050535864 0.8258244852931161 1.0 0.7921844043424817 0.8506691918020253
trying 0.3607724919646087 0.4084055908949009 0.8243242194193866 1.0 0.7898042440095723 0.8470771099324723
every 0.35856845989831243 0.41130535495935855 0.8263843854594357 1.0 0.7929959730782135 0.8500939702027568
door 0.3616074104242364 0.41084579380186625 0.8247800971660232 1.0 0.7914278284246545 0.8492760724878095
walked 0.359912956728069 0.4097341785931602 0.8230286751953076 1.0 0.789057034654236 0.8469727581958094
sadly 0.359912956728069 0.4097341785931602 0.8230286751953076 1.0 0.789057034654236 0.8469727581958094
middle 0.359912956728069 0.4097341785931602 0.8230286751953076 1.0 0.789057034654236 0.8469727581958094
wondering 0.35905937215588823 0.4104193918636584 0.8228492065569611 1.0 0.7901213172706607 0.8483370102561
three 0.36048415835411646 0.4115333541504402 0.8295678962099345 1.0 0.7932728439389414 0.8471315814476564
legged 0.36048415835411646 0.4115333541504402 0.8295678962099345 1.0 0.7932728439389414 0.8471315814476564
table 0.3618946754476672 0.40940431413819045 0.8242853513941777 1.0 0.7902842120815246 0.8465748080002174
solid 0.3598381501559469 0.41223932028408145 0.8266060593951117 1.0 0.7926055494539742 0.8499145283924062
glass 0.3636029421606449 0.4102109284262787 0.8262304999269625 1.0 0.7915085967486294 0.8501781693815925
except 0.35859836228588327 0.413795681918966 0.8247218652077167 1.0 0.7923283164355904 0.8521944769658747
tiny 0.35859836228588327 0.413795681918966 0.8247218652077167 1.0 0.7923283164355904 0.8521944769658747
golden 0.36034128710209234 0.4094909138615781 0.8245959277699245 1.0 0.7909683698289789 0.8529441279387601
key 0.36079913516592543 0.4096232477108491 0.8240225219477466 1.0 0.790249569799253 0.850169279373476
belong 0.3587831454632579 0.41266751667120716 0.8247392282730323 1.0 0.7917521385026266 0.8566172701763922
alas 0.359944011274393 0.4090244889913712 0.8234432719816873 1.0 0.7907510830108341 0.8521592134794936
locks 0.35933184882180536 0.4103708502517631 0.8252753049422394 1.0 0.7898514699872538 0.8499867180401423
small 0.36213169433013964 0.410434061750572 0.8254971952735237 1.0 0.7916906506493032 0.8504556637676898
any 0.36125823480125646 0.4116291737326308 0.8261746460371047 1.0 0.7913880787142603 0.8534784862752163
rate 0.3607159576624488 0.41310219916021185 0.8242279671080058 1.0 0.7902702822417884 0.8505507184843462
open 0.36315737582219104 0.4131033969505504 0.8322482028547229 1.0 0.7950398017279555 0.8649162813016209
however 0.3652369914432017 0.4118767185011938 0.8275050279373832 1.0 0.7952488674227676 0.8564427515946751
second 0.3644367802185585 0.41339185321308913 0.8289645610845525 1.0 0.7980206350971045 0.8656511521952858
round 0.36116140674319874 0.4135329558713555 0.8263445486405536 1.0 0.7931620411886801 0.856316158859443
curtain 0.36184146853026417 0.4109385995875595 0.8274901908606241 1.0 0.7936238787585539 0.8616211985527149
fifteen 0.3598875943923531 0.40763587694517617 0.8268470647263952 1.0 0.7974747352806573 0.8520774751843755
inches 0.3625469399678512 0.411055569289487 0.8259527318422983 1.0 0.7944017295281203 0.8513072147164064
high 0.3625469399678512 0.411055569289487 0.8259527318422983 1.0 0.7944017295281203 0.8513072147164064
lock 0.3594352287758014 0.4077176263531623 0.8245546203313724 1.0 0.7907140324236833 0.8486272581711859
delight 0.3594352287758014 0.4077176263531623 0.8245546203313724 1.0 0.7907140324236833 0.8486272581711859
fitted 0.36046214059666437 0.407376519369221 0.8271247722248013 1.0 0.7932124544844928 0.8519393322142099
opened 0.3618704991665224 0.4075662633134544 0.8249224085792118 1.0 0.7920833703772302 0.8481543783254556
led 0.3609757311124188 0.410762846897675 0.8279056550465688 1.0 0.7929585331425109 0.8499806473844572
larger 0.3626229751059404 0.40841040197598294 0.8235302918066935 1.0 0.7893975720952875 0.8461364173072787
than 0.3626229198437149 0.4119264719647707 0.8249316788667683 1.0 0.7940316476671159 0.8522170643182226
rat 0.3626229198437149 0.4119264719647707 0.8249316788667683 1.0 0.7940316476671159 0.8522170643182226
knelt 0.3626229198437149 0.4119264719647707 0.8249316788667683 1.0 0.7940316476671159 0.8522170643182226
along 0.35913320607974286 0.4107352394358139 0.8245662124599019 1.0 0.7911126317787563 0.8506355564935735
loveliest 0.3591052751775982 0.41031690524355646 0.822746194999277 1.0 0.7865307771620228 0.8455924963480371
garden 0.36152068813893284 0.41100382820278913 0.8243854420714181 1.0 0.7904947194061622 0.8495292332993846
longed 0.36148206039820974 0.40999496730204926 0.8244543525760378 1.0 0.7910031178309308 0.8458527727324145
wander 0.3594294226095269 0.4094865826666194 0.8246072191606509 1.0 0.7933049892498383 0.8511717987647667
those 0.35921836053316963 0.4089213046250718 0.8244248959012233 1.0 0.7923086421755198 0.8509225595960268
beds 0.35900721481840453 0.40835580257854825 0.824242500391833 1.0 0.7913119002747868 0.850673221660291
bright 0.35900721481840453 0.40835580257854825 0.824242500391833 1.0 0.7913119002747868 0.850673221660291
flowers 0.35900721481840453 0.40835580257854825 0.824242500391833 1.0 0.7913119002747868 0.850673221660291
cool 0.35900721481840453 0.40835580257854825 0.824242500391833 1.0 0.7913119002747868 0.850673221660291
fountains 0.36068304063284434 0.4102773941803825 0.8251134162554256 1.0 0.7926586641681289 0.8533120127091044
head 0.3602670071487314 0.41059363991107817 0.8253109065714098 1.0 0.7892564491193779 0.8485719123798303
doorway 0.3597391723016407 0.41115105198373575 0.826263815135463 1.0 0.7906220052135194 0.8492409075674605
go 0.36185871744576464 0.4109798835702232 0.8276426667072597 1.0 0.7919846340529915 0.8570773929646317
poor 0.36242016058471244 0.40980865960003643 0.8246107839969226 1.0 0.7913029200701324 0.8525278560367725
shoulders 0.3610736680622063 0.41154593635504133 0.8252877639615648 1.0 0.7894364671562849 0.8493698380691393
shut 0.3621161611821389 0.4099439318636457 0.8247585640272445 1.0 0.7909708740392366 0.8485127886956186
telescope 0.36263757349824455 0.4106170746236342 0.8233619452746691 1.0 0.7899071174234494 0.8453568107937179
only 0.3629740075306318 0.41327372835236786 0.8252108876072255 1.0 0.7922148474667878 0.8505176993541723
begin 0.3607507253362592 0.41208155567616284 0.8253611421348439 1.0 0.7930928155624095 0.850496719437122
happened 0.3606273509447597 0.4093733517010532 0.8224994406977034 1.0 0.7875963111552657 0.8479265471464972
lately 0.36044700318788936 0.40903434337354094 0.8211798603219169 1.0 0.7869150083398925 0.8500871342076404
few 0.3608913611862065 0.40721524034969114 0.8220413207962967 1.0 0.7887710037575463 0.8499315923622556
indeed 0.3623735943984161 0.4103850471116206 0.8226044049984405 1.0 0.7883825365494588 0.8486443379803302
really 0.36043393726627 0.4105204529199236 0.8260041831149643 1.0 0.7889244370039454 0.852565176407145
impossible 0.36043393726627 0.4105204529199236 0.8260041831149643 1.0 0.7889244370039454 0.852565176407145
waiting 0.3606164835856165 0.41595431993860577 0.8237110032623229 1.0 0.7889714224649993 0.8484113250132824
back 0.36224118793169596 0.4104864080634482 0.8219045119905436 1.0 0.7891882349925263 0.8463884075816783
half 0.3612758791260826 0.41389570818163407 0.8227520261389123 1.0 0.7892363588198228 0.8453437797227984
hoping 0.3612758791260826 0.41389570818163407 0.8227520261389123 1.0 0.7892363588198228 0.8453437797227984
find 0.35952490456636604 0.41266732652143556 0.823903846647231 1.0 0.7903153664692053 0.8500405230046708
rules 0.3616854304933495 0.4124914732277781 0.8235155599366575 1.0 0.7896208927473476 0.8491042066003665
shutting 0.3620288050684535 0.414115514749924 0.823824199927626 1.0 0.7903506024986623 0.8486741673268472
telescopes 0.36126541947309737 0.4154412082392059 0.8249794125839307 1.0 0.7904563611938793 0.8495508566360425
bottle 0.3629160722138403 0.41326365470835913 0.8281922142243802 1.0 0.792947763129492 0.8530372037498634
certainly 0.36503094531977875 0.41660699335064094 0.8272875085502795 1.0 0.7920394639336531 0.8483435581219875
neck 0.35791744114541735 0.41367270548238927 0.8237496597529107 1.0 0.788350036813885 0.8470706796904859
paper 0.35791744114541735 0.41367270548238927 0.8237496597529107 1.0 0.788350036813885 0.8470706796904859
label 0.36385844888495106 0.4132342888318655 0.82377252059037 1.0 0.7883823062188682 0.848326276381031
drink 0.363354255400112 0.41340017613566504 0.8258263559123492 1.0 0.7911299179361929 0.8511187166635946
beautifully 0.36391641549696 0.41288555997104676 0.8244804760039577 1.0 0.7923068137098755 0.8477356473221337
printed 0.3620180554143196 0.4153710886102367 0.8265287513408218 1.0 0.7923546457382729 0.8519984617841143
letters 0.3637691743899953 0.4135796833044211 0.8250384969807681 1.0 0.7926360090283805 0.8510951197565237
wise 0.36036801324186746 0.4105904652109157 0.8242321991673607 1.0 0.7881688695937005 0.8492701780817541
hurry 0.3609742904781976 0.4100365375783695 0.8232765057896785 1.0 0.7882475688581934 0.848393778499055
marked 0.36453595956008905 0.4113421537003191 0.8268611721549448 1.0 0.7940561323963214 0.8521600563975679
poison 0.3645044326915043 0.4130580794943899 0.8280110836509404 1.0 0.7947592422753037 0.8552686075701096
read 0.36379856947631406 0.41493145552433347 0.829210341261994 1.0 0.7948474007227052 0.8494094584585961
histories 0.36406176918589955 0.41203574012760963 0.8278322334758099 1.0 0.7934828732173743 0.8485097651375003
children 0.36238442132054355 0.4139373629150568 0.8267219151123468 1.0 0.7925354723632897 0.8534998690308877
who 0.36238442132054355 0.4139373629150568 0.8267219151123468 1.0 0.7925354723632897 0.8534998690308877
d 0.3622815771001423 0.41148292466233466 0.8246810930782476 1.0 0.791213578059269 0.8536610204695262
gotten 0.36238442132054355 0.4139373629150568 0.8267219151123468 1.0 0.7925354723632897 0.8534998690308877
burnt 0.36238442132054355 0.4139373629150568 0.8267219151123468 1.0 0.7925354723632897 0.8534998690308877
eaten 0.3640298420610649 0.4116513190301384 0.8264695057820979 1.0 0.7943906074609179 0.8560654124112895
wild 0.3640298420610649 0.4116513190301384 0.8264695057820979 1.0 0.7943906074609179 0.8560654124112895
beasts 0.3640298420610649 0.4116513190301384 0.8264695057820979 1.0 0.7943906074609179 0.8560654124112895
unpleasant 0.3633050031616462 0.41185131786565354 0.8252660952942086 1.0 0.7913750245767328 0.8512428619087845
because 0.3633050031616462 0.41185131786565354 0.8252660952942086 1.0 0.7913750245767328 0.8512428619087845
simple 0.36289867447558355 0.41253287100180774 0.8249241933874951 1.0 0.7926211018178486 0.8520107378199964
friends 0.36337188574344687 0.4117644343137263 0.8249254589434265 1.0 0.7900260538933662 0.8499575228826379
taught 0.36337188574344687 0.4117644343137263 0.8249254589434265 1.0 0.7900260538933662 0.8499575228826379
red 0.3620252677062571 0.4130294587401621 0.8273147034422456 1.0 0.7924389983936133 0.8510468092354082
poker 0.36265439543552697 0.4123549304905475 0.8261545474798317 1.0 0.7916557218255941 0.8467730561230491
will 0.36265439543552697 0.4123549304905475 0.8261545474798317 1.0 0.7916557218255941 0.8467730561230491
burn 0.36265439543552697 0.4123549304905475 0.8261545474798317 1.0 0.7916557218255941 0.8467730561230491
hold 0.36265439543552697 0.4123549304905475 0.8261545474798317 1.0 0.7916557218255941 0.8467730561230491
cut 0.3618888861517345 0.41238293532586656 0.8236592030947708 1.0 0.7873034894181249 0.8449336999967803
your 0.3638656490561303 0.4137855858695449 0.8272351158341136 1.0 0.7902569728181329 0.8497293817621998
finger 0.3638656490561303 0.4137855858695449 0.8272351158341136 1.0 0.7902569728181329 0.8497293817621998
deeply 0.3638656490561303 0.4137855858695449 0.8272351158341136 1.0 0.7902569728181329 0.8497293817621998
knife 0.3638656490561303 0.4137855858695449 0.8272351158341136 1.0 0.7902569728181329 0.8497293817621998
usually 0.36418481077961723 0.41547571052715593 0.8272598434283882 1.0 0.7932011371501816 0.8512174308352652
bleeds 0.36418481077961723 0.41547571052715593 0.8272598434283882 1.0 0.7932011371501816 0.8512174308352652
forgotten 0.3630707597785491 0.4125332900172906 0.8264525045990393 1.0 0.7919606713569083 0.8542343905325218
almost 0.36765636674085606 0.41377329186774653 0.8338840686565513 1.0 0.7980088690525777 0.8587838102291256
certain 0.36765636674085606 0.41377329186774653 0.8338840686565513 1.0 0.7980088690525777 0.8587838102291256
disagree 0.36765636674085606 0.41377329186774653 0.8338840686565513 1.0 0.7980088690525777 0.8587838102291256
sooner 0.36661451431821007 0.41323193321352225 0.8331442298466826 1.0 0.7989013639273379 0.8586896467015784
later 0.36661451431821007 0.41323193321352225 0.8331442298466826 1.0 0.7989013639273379 0.8586896467015784
ventured 0.3613795753622781 0.4148468843974498 0.8236386061021406 1.0 0.7908734345240284 0.8509741460008345
taste 0.3613795753622781 0.4148468843974498 0.8236386061021406 1.0 0.7908734345240284 0.8509741460008345
finding 0.36132058697541314 0.4118924371310345 0.8230716578945503 1.0 0.7895419208901502 0.8497624074255181
fact 0.36013310599749543 0.4143673764428641 0.8248614537176002 1.0 0.7903051637866112 0.8526812987099988
mixed 0.36013310599749543 0.4143673764428641 0.8248614537176002 1.0 0.7903051637866112 0.8526812987099988
flavor 0.36013310599749543 0.4143673764428641 0.8248614537176002 1.0 0.7903051637866112 0.8526812987099988
cherry 0.3638636487862676 0.4128964911747535 0.8240658805546849 1.0 0.7917883979873791 0.8520413997813943
tart 0.3638636487862676 0.4128964911747535 0.8240658805546849 1.0 0.7917883979873791 0.8520413997813943
custard 0.362958815125341 0.41520323214715504 0.8256555695441836 1.0 0.7931898289627973 0.8542086840949878
pine 0.362958815125341 0.41520323214715504 0.8256555695441836 1.0 0.7931898289627973 0.8542086840949878
apple 0.362958815125341 0.41520323214715504 0.8256555695441836 1.0 0.7931898289627973 0.8542086840949878
roast 0.362958815125341 0.41520323214715504 0.8256555695441836 1.0 0.7931898289627973 0.8542086840949878
turkey 0.36197018891630206 0.4128709603598443 0.8230565735906576 1.0 0.7909740872871206 0.8493511093833359
toffee 0.36197018891630206 0.4128709603598443 0.8230565735906576 1.0 0.7909740872871206 0.8493511093833359
buttered 0.36197018891630206 0.4128709603598443 0.8230565735906576 1.0 0.7909740872871206 0.8493511093833359
toast 0.36337718279851344 0.413595131137591 0.8238607425506624 1.0 0.7918002322804937 0.8478344644802338
finished 0.36345912055356855 0.4131162187196315 0.822527176814466 1.0 0.791227974138328 0.8525055459291823
curious 0.3617029770217083 0.4091060413840251 0.8216774209544757 1.0 0.7893471309136572 0.8494643048891279
feeling 0.36153280994903886 0.4117436580129555 0.8230694736524882 1.0 0.7890868396129747 0.8523490096582891
ten 0.3652002339332018 0.414467479777584 0.825060434103241 1.0 0.7913357167113515 0.8505387070541301
face 0.3652002339332018 0.414467479777584 0.825060434103241 1.0 0.7913357167113515 0.8505387070541301
brightened 0.36557337957897523 0.4131647250561639 0.8272637568700554 1.0 0.793023139334134 0.8504012865842036
size 0.36412799614983377 0.41506014380698847 0.8274789751667014 1.0 0.7945002782346658 0.850732775770204
lovely 0.3640599989986429 0.41312086051992297 0.827516024446231 1.0 0.7933997559574735 0.8490131713437841
waited 0.36384432328634847 0.40980887256343573 0.8240317350638956 1.0 0.7906676814869069 0.8461455837472
minutes 0.3616905465053662 0.4065679490250604 0.8228991929299481 1.0 0.7896753938917803 0.8478797807454376
shrink 0.3604590097708638 0.40722356122623204 0.8240432676755053 1.0 0.7900013780786604 0.8479892331734464
further 0.3604590097708638 0.40722356122623204 0.8240432676755053 1.0 0.7900013780786604 0.8479892331734464
nervous 0.36310448071965007 0.4080001800791839 0.8237080522504513 1.0 0.791396392323497 0.8493190674690363
altogether 0.3641753219558275 0.4113282657715352 0.8259304186041645 1.0 0.7937732060981664 0.858092754410562
candle 0.3598486278077195 0.4075074963923018 0.8228038018523469 1.0 0.7910918949913219 0.8466237501563351
flame 0.3616672658230472 0.4102136233432053 0.826589123647875 1.0 0.7949522484184182 0.8475411222208099
blown 0.36105531296079557 0.40668174558700293 0.8219145891129761 1.0 0.7883133216378169 0.8457829313236781
thing 0.36249313679776357 0.4090251173865067 0.8229551782516544 1.0 0.7905926981526 0.8480420872689123
while 0.3609646640770834 0.4094169129768928 0.8224224176228331 1.0 0.7910382457000721 0.8453078517496464
more 0.3612617298423 0.40894456373973564 0.8225059711908479 1.0 0.7882133699777406 0.848553365062843
decided 0.36142481826606926 0.4095952733318806 0.8229268323838926 1.0 0.7915873300941604 0.8539823847098736
possibly 0.365264468781051 0.40970796344060445 0.825030536762412 1.0 0.7919121176365864 0.8486589735178041
reach 0.3650793183457759 0.40796359043799785 0.8230987230572091 1.0 0.7901688023553946 0.8454251901339859
plainly 0.36722074570372254 0.4106486546811815 0.8278103459869618 1.0 0.7929434356879477 0.853903654164486
best 0.3653552172085626 0.4058637421420141 0.8279403795887892 1.0 0.7892426871984977 0.8497237562475709
climb 0.3653552172085626 0.4058637421420141 0.8279403795887892 1.0 0.7892426871984977 0.8497237562475709
legs 0.3619280276809866 0.4109597621064392 0.8247632164698342 1.0 0.7898995385726312 0.8450806478811191
slippery 0.3646933392944481 0.4075225556877377 0.8229325052818798 1.0 0.7882820622717863 0.8394723762986931
sat 0.36393555999551974 0.4107260913053969 0.8236814267892797 1.0 0.7912100877163916 0.8490875229052213
cried 0.3639042193501708 0.4108336416136024 0.8234560771045598 1.0 0.7905252055015618 0.8498885150655736
crying 0.3617813983103552 0.41135723899937027 0.8243092673420802 1.0 0.7898610747148183 0.850026052847635
sharply 0.3629711659302733 0.4097602826117145 0.8220560243357675 1.0 0.7873988012311258 0.8469914639840104
advise 0.36396085227883057 0.410380259062215 0.8227875378309701 1.0 0.7877804326400076 0.8452401699365898
leave 0.36396085227883057 0.410380259062215 0.8227875378309701 1.0 0.7877804326400076 0.8452401699365898
minute 0.3629485840578742 0.4075568162405671 0.8214155221231504 1.0 0.7891705796189031 0.8475411564522962
generally 0.36167037631487575 0.40844620540635407 0.822500239696179 1.0 0.7888665052080427 0.8489015956452757
gave 0.36167037631487575 0.40844620540635407 0.822500239696179 1.0 0.7888665052080427 0.8489015956452757
advice 0.36167037631487575 0.40844620540635407 0.822500239696179 1.0 0.7888665052080427 0.8489015956452757
seldom 0.3628566077079732 0.4065690457656168 0.8225911365996097 1.0 0.7877014446088904 0.8485603713997105
followed 0.3628566077079732 0.4065690457656168 0.8225911365996097 1.0 0.7877014446088904 0.8485603713997105
scolded 0.3635261753270495 0.4097413519550411 0.8260328532752922 1.0 0.7913014849276626 0.8538545100939682
severely 0.36431200720390694 0.41110259423511286 0.8252127174055235 1.0 0.7929442207208888 0.8542513740304201
bring 0.36431200720390694 0.41110259423511286 0.8252127174055235 1.0 0.7929442207208888 0.8542513740304201
tears 0.36267597735259044 0.40940493008185025 0.8241849291124386 1.0 0.7890651431195725 0.847738549093803
remembered 0.3595397100130697 0.40443991224714065 0.8225386995167747 1.0 0.7877904934186704 0.8468102392140615
box 0.36164270764216255 0.40609313063932506 0.8234090919037064 1.0 0.7883871485021169 0.8467707684034682
cheated 0.36159952768788545 0.4058564729382418 0.8205677523222524 1.0 0.7863762771505756 0.8438685695487728
game 0.3621475194212092 0.4064851201470678 0.8196007239193864 1.0 0.7865983771820816 0.8440822369664939
croquet 0.3621475194212092 0.4064851201470678 0.8196007239193864 1.0 0.7865983771820816 0.8440822369664939
playing 0.3621475194212092 0.4064851201470678 0.8196007239193864 1.0 0.7865983771820816 0.8440822369664939
against 0.3621475194212092 0.4064851201470678 0.8196007239193864 1.0 0.7865983771820816 0.8440822369664939
child 0.36040506797133015 0.40609783849100406 0.82232165023213 1.0 0.7933780685329763 0.8485899082044887
fond 0.36040506797133015 0.40609783849100406 0.82232165023213 1.0 0.7933780685329763 0.8485899082044887
pretending 0.36040506797133015 0.40609783849100406 0.82232165023213 1.0 0.7933780685329763 0.8485899082044887
two 0.3635875868193793 0.4095778671795979 0.8250760238558648 1.0 0.7933519685762628 0.8526096224596891
pretend 0.3632648895201574 0.4092219863424141 0.8231517723431166 1.0 0.7917469920792962 0.8516250874126825
hardly 0.3629532311706044 0.40756261308819736 0.8245316079131988 1.0 0.7906994047457175 0.8501271504569867
enough 0.3629532311706044 0.40756261308819736 0.8245316079131988 1.0 0.7906994047457175 0.8501271504569867
respectable 0.3627659272400953 0.4096083089027347 0.8246147508279819 1.0 0.788746167514596 0.8464938971505956
person 0.3627659272400953 0.4096083089027347 0.8246147508279819 1.0 0.788746167514596 0.8464938971505956
eye 0.36251671424194454 0.4085679084280711 0.8230803344250661 1.0 0.7903685251786584 0.8455988721619087
lying 0.36375381073279694 0.40775272093507803 0.8242828389934301 1.0 0.7889861032385754 0.8467311454628238
cake 0.3646345007620609 0.4088281504868304 0.821671715152433 1.0 0.7895412372549494 0.8450508609742132
currants 0.36462995084003147 0.40622645179552924 0.8234329327457981 1.0 0.7919599458598084 0.8428925104410601
makes 0.3631915196771329 0.4055649230109548 0.8211356530601691 1.0 0.7875413172388234 0.8452598838161399
grow 0.36443885738428683 0.4052879360200321 0.8202866488104698 1.0 0.7876756440785347 0.8438648448263759
can 0.3647383108271856 0.4062273772629206 0.821156376299486 1.0 0.7888021711951517 0.8452828303899073
smaller 0.36398237576109216 0.4043415073175897 0.8193894282543928 1.0 0.7869104414140885 0.8455060375172276
creep 0.36458048649088115 0.40621921680899326 0.8211277399349705 1.0 0.7891630975091724 0.8483486115339396
