word v0 v1 v2 v3 v4 v5
alice 0.5247223973758837 0.4796489729480734 0.6806790038877246 1.0 0.6813385347902063 0.6420385720724234
was 0.5243517111267249 0.47961948069594246 0.6826834086214804 1.0 0.6815283821340757 0.6432201352743006
beginning 0.5285561460031458 0.48182450381023423 0.6801646887986958 1.0 0.687288899073314 0.6452469771560297
to 0.5246285705517603 0.4794166377265289 0.6814809498208322 1.0 0.6811276452486658 0.6432398996799055
get 0.5264261466355308 0.479204749007279 0.6840427391430045 1.0 0.6826827140675487 0.6435695317427006
very 0.5232277517914594 0.4788377167399121 0.6794414878484442 1.0 0.6810634591444984 0.6405090054353219
tired 0.5231975291320358 0.47404740745296553 0.6757789582067716 1.0 0.6787097184026822 0.6383738495733162
of 0.5240741381971108 0.47935476887231676 0.6805798998037046 1.0 0.6807015436488625 0.6423070191105238
sitting 0.5256576218840057 0.47777762406193947 0.6753674497511434 1.0 0.6842627876782307 0.643058087886745
by 0.5249210360467711 0.47935875758806096 0.6817691570604412 1.0 0.682057222005598 0.6411285236958745
her 0.5245449413915436 0.4797901216418226 0.6809758675709306 1.0 0.6814149152677607 0.642199027616193
sister 0.5272952467656495 0.47518901293814847 0.6752082424233126 1.0 0.686668826299819 0.6456549320815133
on 0.5248755328258022 0.4792976739180255 0.6829568883925337 1.0 0.6809907017646285 0.6425182272203704
the 0.5241498338536147 0.479030529325575 0.6814743259056277 1.0 0.681161845094869 0.6425701562093298
bank 0.5220273112277163 0.47571450133076837 0.6744975879436262 1.0 0.6842448328486467 0.6423262359185259
and 0.5240480098445252 0.47910820291674583 0.6812461205310053 1.0 0.6814147416584904 0.6424154581237113
having 0.5232552561404838 0.4773730475383926 0.6772799280009519 1.0 0.6792735869136953 0.6396112677192877
nothing 0.5236416769577555 0.4783641430382582 0.6811601033149977 1.0 0.6810900924040462 0.641859645301613
do 0.5237877866309868 0.4786690684828091 0.6826734679180247 1.0 0.6813737025375455 0.6406822640485086
once 0.5264489449035901 0.48074584895052114 0.6801084189955297 1.0 0.6805493807119641 0.6451095740102102
or 0.5240355512894911 0.47988362282109653 0.6793607841880265 1.0 0.6817741372120308 0.6427784942659562
twice 0.5230650630618014 0.4811883411149388 0.6741620521377227 1.0 0.6801083017517644 0.6426625434341036
she 0.524162759722069 0.4789395989079093 0.680845181771023 1.0 0.6804726001932738 0.642433795984111
peeped 0.5289597521960435 0.4725579114441345 0.6750464218106051 1.0 0.6891143584825925 0.6482944017870169
into 0.5252516053363765 0.47715196780754454 0.6809843769534091 1.0 0.6803817358407864 0.6418438711449503
book 0.524222107369784 0.4783342092497142 0.6771427953975395 1.0 0.6846616496946929 0.643400160297725
reading 0.5259601326302152 0.4842882180786323 0.672237886047482 1.0 0.6854640580548083 0.6450192123155885
but 0.525171274766416 0.47986803458775135 0.6828960650874957 1.0 0.6817565054150572 0.6428246779957876
it 0.524267466233358 0.47956228420765273 0.681810510371694 1.0 0.680808390684174 0.6421939308484856
had 0.5238338471215361 0.4786392882684876 0.6805667616991862 1.0 0.6802594466766917 0.6417532185825836
no 0.5257621849209285 0.47928451798688937 0.6840830206679634 1.0 0.6807883904366849 0.6421267281527642
pictures 0.5246994231409108 0.48369753118774605 0.6751241911055168 1.0 0.6858683864939612 0.6475242860704448
conversations 0.5249337251110683 0.48036099005505367 0.670507350633155 1.0 0.685393441035039 0.6447974993540408
in 0.5245046852179336 0.479522855309482 0.6817696024177504 1.0 0.6816850893586329 0.6427265639694655
what 0.5236207564212534 0.4781549337850802 0.6806113609057031 1.0 0.6818805983960897 0.6429240411723312
s 0.5243932306682185 0.4787163251827602 0.6817766889100357 1.0 0.6807153254610795 0.6424568647632762
use 0.5241092840387077 0.47921013124880363 0.6772368118077555 1.0 0.6796285247082798 0.6408930760380672
a 0.5241807330576993 0.4791739618160034 0.6809357265528274 1.0 0.6810072028551907 0.6415494692064669
thought 0.5248234390021825 0.4795092290796294 0.6820758194065818 1.0 0.6818174461189958 0.6433806156243774
without 0.5215419613176324 0.48201071200432405 0.6729732507281445 1.0 0.68225120087388 0.6426414008680255
conversation 0.5225149360522939 0.48459902017658485 0.6730548760662863 1.0 0.685381952680636 0.646087800427124
so 0.5239163332671983 0.4795535699846969 0.679000354779294 1.0 0.6800929586666634 0.6408895566392592
considering 0.5236967944950156 0.4821925085976642 0.6749707407575711 1.0 0.6852104653645661 0.6479451147706783
own 0.5247117494883987 0.480474502401084 0.6775098690199743 1.0 0.6788856940070078 0.6420077614121987
mind 0.5220654392354541 0.48245847075307785 0.6745212189830894 1.0 0.6830165340836197 0.6446945250367959
as 0.5238424709205846 0.47923565211703106 0.6813725516639594 1.0 0.6815258958558471 0.6411878585769545
well 0.523796216691602 0.4801550186277335 0.6796400209819677 1.0 0.6830897970002384 0.6427271074942456
could 0.5240373891304765 0.47887767635198764 0.6800457484048189 1.0 0.6794800054032696 0.6390069021016057
for 0.5246576961631335 0.47973592494928924 0.681545860382316 1.0 0.680190042675146 0.6414885074471053
hot 0.5245910731374801 0.4812286162639362 0.67949999452467 1.0 0.6800130782164453 0.6411604010642066
day 0.5224530077317769 0.4820744056740138 0.6750729978183035 1.0 0.6839929467685669 0.6414779209493027
made 0.5226022195572841 0.47974191284063644 0.6789103638197557 1.0 0.6823612734668013 0.6424120162917786
feel 0.5198043891180789 0.4808631707304664 0.6733350039124251 1.0 0.6834081710285723 0.6391685495258781
sleepy 0.5228078680700091 0.4791036983500527 0.6806902656301123 1.0 0.6824887629621736 0.6396839945778647
stupid 0.5198043891180789 0.4808631707304664 0.6733350039124251 1.0 0.6834081710285723 0.6391685495258781
whether 0.5243705011770922 0.4791564915326101 0.6824442520013719 1.0 0.6800889841709977 0.6416060434467279
pleasure 0.5223414653779731 0.4796266640649858 0.6747249060413267 1.0 0.6803443984837185 0.6401307226229284
making 0.5223414653779731 0.4796266640649858 0.6747249060413267 1.0 0.6803443984837185 0.6401307226229284
daisy 0.521673750876429 0.4818667152644744 0.6739203449454171 1.0 0.6836434216064783 0.6453339321914037
chain 0.521673750876429 0.4818667152644744 0.6739203449454171 1.0 0.6836434216064783 0.6453339321914037
would 0.5247010674592175 0.4798820006278779 0.6837840797758004 1.0 0.6815768805837926 0.6426032577038775
be 0.5256566487331119 0.4796713676646612 0.6827581494798126 1.0 0.6804110897417739 0.6426109889849282
worth 0.521673750876429 0.4818667152644744 0.6739203449454171 1.0 0.6836434216064783 0.6453339321914037
trouble 0.5214935941494385 0.48064919871240175 0.6740632525205575 1.0 0.6829584596290491 0.6429143529621187
getting 0.5234545009086593 0.4804317536689808 0.6802100808619637 1.0 0.6802277395794287 0.6401111617908629
up 0.5249230950391055 0.47916207654229587 0.6831940578448215 1.0 0.6810163669920607 0.6428551968326018
picking 0.5214935941494385 0.48064919871240175 0.6740632525205575 1.0 0.6829584596290491 0.6429143529621187
daisies 0.5214935941494385 0.48064919871240175 0.6740632525205575 1.0 0.6829584596290491 0.6429143529621187
when 0.5236861524858294 0.47936635914415554 0.6801249403276806 1.0 0.6810844320050393 0.6422728645812147
suddenly 0.5230252292759631 0.48054920922102623 0.6788405533432398 1.0 0.6837600079839424 0.6437882445824863
white 0.5228062783703746 0.48482414834543536 0.6784334772935648 1.0 0.6841430759744549 0.6412452679799909
rabbit 0.5235759702394146 0.4810337551861721 0.6781185610207583 1.0 0.6836148989862674 0.644211982528334
with 0.5246548491379214 0.47990367545473184 0.6816518949054788 1.0 0.6811259173632517 0.6425034902997118
pink 0.5240399689204701 0.48411068182511763 0.6752756938202354 1.0 0.6845673534654522 0.6403797760677233
eyes 0.5248995759530178 0.48090999874153156 0.675752528248165 1.0 0.6799428076800691 0.6388510208304953
ran 0.5231032377758538 0.48123685023791546 0.6760899368213739 1.0 0.6843832845708477 0.6446401403652243
close 0.5232224875331561 0.47993408962338774 0.6813915589264202 1.0 0.6815843310194034 0.6409246855511418
there 0.5242729152358638 0.478708040255218 0.6835437621204921 1.0 0.6810163859545707 0.642541363899067
remarkable 0.5230701650519618 0.47978579063025883 0.6763521516027868 1.0 0.6824158844877815 0.6427653970101529
that 0.5245674626750412 0.47931170182771027 0.6817267029813204 1.0 0.6805665922688322 0.6423790801418043
nor 0.5230701650519618 0.47978579063025883 0.6763521516027868 1.0 0.6824158844877815 0.6427653970101529
did 0.5239103528869283 0.47900763303638316 0.6825146669278958 1.0 0.681797424716037 0.6439084332485328
think 0.5225900455556703 0.4787554784792128 0.679890083852219 1.0 0.6808861118294227 0.6414715265999109
much 0.5228798484872427 0.4780506385444694 0.6801715187428842 1.0 0.6802972170187862 0.6424236710684429
out 0.523660055887504 0.4781831549377676 0.6791225435232827 1.0 0.680645947621254 0.642593984380233
way 0.5240729586556885 0.47766091186008214 0.6806329845766371 1.0 0.6816233812428839 0.6448710822788978
hear 0.5236222733784708 0.47860613301591826 0.6770439792384921 1.0 0.6821737985762573 0.6446962842430913
say 0.5248672777974244 0.4785916129257648 0.6826339820253203 1.0 0.6813586854602448 0.6430720542806452
itself 0.5253138520272291 0.480097781866089 0.6742689495807165 1.0 0.680601049271432 0.6504422406222706
oh 0.5246569485340234 0.48006041956364015 0.6792356798514814 1.0 0.6826580491677577 0.644717664562161
dear 0.5245105184604065 0.47982893901343465 0.6794821162462582 1.0 0.683402462819528 0.6458961737519227
i 0.5250902721782845 0.4782164746439752 0.6833672642409193 1.0 0.6811691705565757 0.6418977408276744
shall 0.5246776297079803 0.4792913469206243 0.6846545211654949 1.0 0.6829348836754456 0.6453824451927781
late 0.5222937079300009 0.479978834485224 0.679075327273758 1.0 0.6811669356422997 0.6420974650501388
over 0.524291279533994 0.479663672386325 0.6806136298268688 1.0 0.681105090801579 0.6421514830635179
afterwards 0.5202479659108165 0.4789420215382523 0.6751682848958597 1.0 0.6814566514399959 0.6428889819905603
occurred 0.5202479659108165 0.4789420215382523 0.6751682848958597 1.0 0.6814566514399959 0.6428889819905603
ought 0.5249090971793444 0.48095184328788637 0.6768793563502886 1.0 0.68103627805415 0.6427906192455158
have 0.5246767481420292 0.47892422576507926 0.6794474365068556 1.0 0.6819979702400906 0.6441139792515465
wondered 0.5249090971793444 0.48095184328788637 0.6768793563502886 1.0 0.68103627805415 0.6427906192455158
at 0.524591106603719 0.47978680704458304 0.6823151487621684 1.0 0.6818947079415333 0.6423632067957852
this 0.5253100834479439 0.4794822015567137 0.6837941792346789 1.0 0.6810822838752454 0.6422598514755888
time 0.5239188946782214 0.4794219187175865 0.682754618205638 1.0 0.6825061496837649 0.6429771160732938
all 0.5246699101056777 0.4784875333156026 0.6848897219491791 1.0 0.6824715868008799 0.6436252285047579
seemed 0.5253621183359608 0.47834753856548523 0.6803017178439463 1.0 0.681294632139843 0.6430303202797653
quite 0.5220029553493233 0.4784889040382096 0.6788773821224893 1.0 0.6799209508971081 0.6393334423709961
natural 0.5235173037766443 0.4787888035080395 0.6775725562669593 1.0 0.6835285603523796 0.6434676591382106
actually 0.5240971392631885 0.48044483999015825 0.6776412519284867 1.0 0.6837986992987936 0.6392135014266721
took 0.5243246687586491 0.48235668812330557 0.6765511757368928 1.0 0.684895970037737 0.6423706601143914
watch 0.5233455537766238 0.47824758047845006 0.676369214995613 1.0 0.6817168867760174 0.6413111220492207
its 0.5205571364219791 0.4764046301679803 0.674543266784423 1.0 0.6822484456712703 0.6381614032624139
waistcoat 0.5233455537766238 0.47824758047845006 0.676369214995613 1.0 0.6817168867760174 0.6413111220492207
pocket 0.5235086249594954 0.48004509873546347 0.675474459541465 1.0 0.6818671015905912 0.6417168815725214
looked 0.5233515676206174 0.48065517364970767 0.6823316896105333 1.0 0.6827775897844666 0.643566395358734
then 0.5237199040887923 0.478809892418485 0.6803788085301219 1.0 0.6825207259240563 0.6427246756435192
hurried 0.5231133107081722 0.4805277797625277 0.6758660073409724 1.0 0.6821038869836937 0.6428245656634175
started 0.5221233449910898 0.48373109958336524 0.6742222505322052 1.0 0.6812422251264133 0.6429137612530123
feet 0.5227971268171524 0.4826355208326933 0.6801896089615648 1.0 0.6817500794512656 0.6426775795944718
flashed 0.5225112688867165 0.48308217532883585 0.6769805070569654 1.0 0.6827656254199337 0.6463213545817799
across 0.5224757042596406 0.4814497825228539 0.6772596907780607 1.0 0.6849212457252765 0.6478265474236232
she'd 0.5225112688867165 0.48308217532883585 0.6769805070569654 1.0 0.6827656254199337 0.6463213545817799
never 0.525196182211271 0.4809964905077468 0.6829445045857766 1.0 0.6829275717441086 0.6464434139613368
before 0.521578905300552 0.4809278013568678 0.6802777441653372 1.0 0.6811570219016094 0.6416634661992359
seen 0.521559984887541 0.4768166429697663 0.678765516255475 1.0 0.6813491059138854 0.6416228434796745
either 0.52399201856176 0.47884937806311706 0.6815459750408361 1.0 0.6818502239354871 0.6422668720739916
take 0.5240015264711069 0.47928534570379966 0.6766925765051895 1.0 0.6840963581166679 0.64741130982181
burning 0.5240015264711069 0.47928534570379966 0.6766925765051895 1.0 0.6840963581166679 0.64741130982181
curiosity 0.52233970403555 0.48063392937471155 0.6721296694066702 1.0 0.6856492390186681 0.646986848786828
field 0.5224400141240532 0.4798116289593951 0.6775398597459071 1.0 0.6870844732718089 0.6493370521308988
after 0.5246528832779631 0.4793911056249534 0.6804394176921164 1.0 0.6816571997257554 0.6446821812411847
fortunately 0.5212792941546012 0.47913624597608995 0.6759481913575357 1.0 0.6863764547180686 0.650067944588825
just 0.5222388748390591 0.47809398597843117 0.6810713750581574 1.0 0.6833546631001298 0.6460941912311879
see 0.5247293311078796 0.4798138043405632 0.6837311103253569 1.0 0.6816734633669554 0.6437265402789274
pop 0.5261575789424802 0.4807447654478477 0.6805456107476957 1.0 0.6875349032987611 0.6507041585481974
down 0.5237819029552852 0.47982288013489227 0.682847549722809 1.0 0.6834280464387209 0.6454889527206987
large 0.5247346143533587 0.4809545631579231 0.684274309416424 1.0 0.6832541142163981 0.6462289855105384
hole 0.5237313688799129 0.47929101561749504 0.677498292343334 1.0 0.6838337443379837 0.6468261086443171
under 0.5276432029193252 0.4791451213095792 0.6813939140920787 1.0 0.6820941330460851 0.6455237071706027
hedge 0.5237108492497803 0.47993984972248727 0.6785457977193532 1.0 0.68707495474126 0.6524777849242788
another 0.5255687066723662 0.4819864683349004 0.6851224999489098 1.0 0.6823078907805957 0.6459666507945439
moment 0.5211977344748432 0.48084752161830663 0.6793267279082393 1.0 0.6833084250604495 0.6429397466448235
went 0.5236693858535858 0.48022646750346143 0.6802577055735285 1.0 0.6818745108972278 0.643367987493141
how 0.524345072817637 0.478995403346907 0.6833336029268792 1.0 0.681509842328667 0.6427290985169857
world 0.5247309601728214 0.4808813565086811 0.6770824033127075 1.0 0.6863407370143413 0.6531491969120496
again 0.5252524228759962 0.47869358134670725 0.6856015098729352 1.0 0.6826742006785954 0.6444121407310833
straight 0.5217638551960819 0.48159788231345974 0.673725918085715 1.0 0.684386051735889 0.6435538427214994
like 0.5246479869292141 0.47792130371743446 0.6809566480126049 1.0 0.6793689033960245 0.6405976116701985
tunnel 0.5217638551960819 0.48159788231345974 0.673725918085715 1.0 0.684386051735889 0.6435538427214994
some 0.5226301151796658 0.47928324043228426 0.6777253346012081 1.0 0.6866634476279609 0.6441260423422692
dipped 0.5226301151796658 0.47928324043228426 0.6777253346012081 1.0 0.6866634476279609 0.6441260423422692
not 0.5235162959524623 0.4800542419071464 0.6816348694798925 1.0 0.6798016188846221 0.6399964719467877
about 0.5230723157025624 0.47858939039698056 0.680086033008424 1.0 0.6811972617190241 0.6422643740291532
stopping 0.5151622272313635 0.4791760366607071 0.6695617005710556 1.0 0.6820323824041243 0.634439792755212
herself 0.5230950955645058 0.47739601608007964 0.6790219519150439 1.0 0.6791686729535661 0.6394098006199344
found 0.5233159511121712 0.47713641290549147 0.6795835579992918 1.0 0.6796445635991611 0.6409633398568064
falling 0.5186834417334816 0.47827867122390444 0.6753777397203425 1.0 0.6818439681168056 0.6368043431712537
deep 0.5188019610293374 0.4792740395484427 0.6723843420600376 1.0 0.6845051963588015 0.6411639186720961
fell 0.5233485880944706 0.48098282238866114 0.6798268280355301 1.0 0.6823256669356091 0.6423921393272986
slowly 0.5185192197457615 0.47883712286944297 0.6709804139670925 1.0 0.6833304391274546 0.6400805506308038
plenty 0.5238380120310856 0.48067583046907786 0.6759966888700603 1.0 0.6818961550015897 0.6439900234464947
look 0.524436228049151 0.4805367884591963 0.6801657348017642 1.0 0.684110783376573 0.6475523371298556
wonder 0.524943248859119 0.47856806151032755 0.6833285186139609 1.0 0.682901262014163 0.642898955296191
going 0.5256659377375452 0.478737324706744 0.6819171623136178 1.0 0.6789141499943147 0.6425660659665522
happen 0.5198332256958393 0.4785752682273683 0.6762451571176386 1.0 0.6847480651130644 0.6469294388554232
next 0.5198332256958393 0.4785752682273683 0.6762451571176386 1.0 0.6847480651130644 0.6469294388554232
first 0.5247428118174711 0.4791284104396482 0.6820722148720701 1.0 0.6811733996416441 0.6443936112988666
tried 0.5234167474567123 0.4782136622848975 0.6808061666773485 1.0 0.6795819625396714 0.641153012697077
make 0.5266713546618529 0.4826557187928464 0.6823143560225312 1.0 0.6832594635836221 0.6486509425291388
coming 0.525170300595838 0.48255136901722184 0.6824478452558024 1.0 0.6883488141796531 0.6543297738938677
too 0.5229756129931593 0.48024676968021673 0.6825980782440679 1.0 0.6813154748625708 0.6429253627955164
dark 0.5246309678045404 0.48245464501652746 0.6842006100066131 1.0 0.6826048080157728 0.6454739484975018
anything 0.5221234618938744 0.480296620211014 0.6809132998777697 1.0 0.6825932105397987 0.6438767255132198
sides 0.5237111182535018 0.4833721072142867 0.6816373076977684 1.0 0.6850774126259405 0.647008745185132
noticed 0.5227990651284053 0.48264695757369375 0.6819042110812085 1.0 0.6810891887434998 0.6436680378969095
they 0.5239520946265175 0.4793333059206131 0.6843270184020221 1.0 0.6818994959211929 0.6420231985628059
were 0.5247650737905076 0.47902680384695506 0.6848593397459943 1.0 0.6816549523553442 0.643405605461896
filled 0.525197849488689 0.4843154158935831 0.6836653890635223 1.0 0.6839880309104412 0.6467789909764917
cupboards 0.5237123569006038 0.4826512370588287 0.682603990886449 1.0 0.68328253211083 0.6441532146725646
shelves 0.523715469687902 0.48112961613400473 0.6817142286204892 1.0 0.6848398954190833 0.6476171266315908
here 0.5253511467763975 0.4812311312642711 0.684336343235392 1.0 0.6833302779406492 0.6425687942294612
saw 0.5251982257097473 0.4824737172065222 0.6823989485475233 1.0 0.6848085477154634 0.6468397377669899
maps 0.5228855289574224 0.4842231622885036 0.6801294832260142 1.0 0.6870842257414982 0.6453400882651881
hung 0.5256182619896947 0.4822190001981768 0.6800325009908839 1.0 0.6867508917954815 0.6514277645659929
upon 0.5243637107188991 0.47954420084584914 0.6809038663682148 1.0 0.6814852704735969 0.6449035660333875
pegs 0.5256182619896947 0.4822190001981768 0.6800325009908839 1.0 0.6867508917954815 0.6514277645659929
jar 0.52377866390827 0.48256161680192833 0.6802583678180235 1.0 0.6837402500864056 0.6435879933891918
from 0.5239064796780126 0.4810304878384701 0.6798727147844407 1.0 0.6825108135824778 0.6418331246968966
one 0.524860488657254 0.4795326160745435 0.6839295630260336 1.0 0.6814592392345746 0.6442889676143351
passed 0.5256560657785637 0.4814882042289985 0.6818327358175601 1.0 0.684520788782262 0.6514317239006409
labled 0.5247633016562322 0.4848194955922443 0.6826743125009855 1.0 0.6846272786768097 0.6460662440471656
orange 0.5247633016562322 0.4848194955922443 0.6826743125009855 1.0 0.6846272786768097 0.6460662440471656
marmalade 0.5247633016562322 0.4848194955922443 0.6826743125009855 1.0 0.6846272786768097 0.6460662440471656
great 0.5240649156622471 0.4801880980892178 0.6833809826162215 1.0 0.6799930151602548 0.6399256986440642
disappointment 0.5260745869371511 0.48264102819732735 0.6828224784407286 1.0 0.6817143804559199 0.6461573743814829
empty 0.5238151550296728 0.4828936835631287 0.6828524123506566 1.0 0.6819039037068112 0.6406401807576619
drop 0.523010237849338 0.48085824005939654 0.6850221957533689 1.0 0.681499755096436 0.6416467965831835
fear 0.523010237849338 0.48085824005939654 0.6850221957533689 1.0 0.681499755096436 0.6416467965831835
killing 0.523010237849338 0.48085824005939654 0.6850221957533689 1.0 0.681499755096436 0.6416467965831835
somebody 0.5253186746115032 0.48148681785813113 0.6834519709847776 1.0 0.6808518623702765 0.6403144008584348
managed 0.5253186746115032 0.48148681785813113 0.6834519709847776 1.0 0.6808518623702765 0.6403144008584348
put 0.5247969758755463 0.47928281312769694 0.6846671174738138 1.0 0.6822011614505825 0.6424645231971766
past 0.522229813468787 0.48099036212709034 0.6815446999087738 1.0 0.6825784339417058 0.6415326513361799
such 0.5244179788724902 0.4793797586478184 0.6824139027052302 1.0 0.6789934388614314 0.6396725932094087
fall 0.5261407523195851 0.4804666439290544 0.6858302611124938 1.0 0.6831513614705834 0.6443906111145702
tumbling 0.5208682512918751 0.48172965714798127 0.6790078742230299 1.0 0.6804205402708172 0.6400606673417452
stairs 0.5208682512918751 0.48172965714798127 0.6790078742230299 1.0 0.6804205402708172 0.6400606673417452
brave 0.5212343408893166 0.4783960054594606 0.6807144460076621 1.0 0.6797495144139617 0.6392115344647075
ll 0.5239830059109477 0.4777281987062288 0.6837754467551235 1.0 0.6808389583809307 0.641391001426462
me 0.5256894092886965 0.4794815221602296 0.6842701658502814 1.0 0.6800761796755838 0.6421664928001641
home 0.5222951883944645 0.4810041700769655 0.6827153474524702 1.0 0.680814171431585 0.6396564391489103
why 0.524049461392065 0.47953854164076404 0.6838799120762385 1.0 0.6801341350018211 0.64289655432211
n't 0.524313864277316 0.4773819251525182 0.68478514056404 1.0 0.6822066529061432 0.6439606138632434
even 0.5251149348755789 0.4795931306883752 0.6840880699116197 1.0 0.6808048526338271 0.6410430248944123
if 0.5265602341831129 0.47981348810126984 0.6845172532043715 1.0 0.6796412825017379 0.6417906591167176
off 0.524337985453766 0.47827139253307893 0.6821682256783833 1.0 0.6807375009912414 0.6425651234672795
top 0.5241265647153844 0.4811684914277531 0.6816154610370098 1.0 0.6832524961132591 0.643556631629392
house 0.5241265647153844 0.4811684914277531 0.6816154610370098 1.0 0.6832524961132591 0.643556631629392
which 0.5248173046869643 0.4783891507483177 0.6844939606878501 1.0 0.6816119789020746 0.6420516597008515
likely 0.5255898987131081 0.479657144329547 0.6860628632320976 1.0 0.6835971526394278 0.6442221428838656
true 0.5255898987131081 0.479657144329547 0.6860628632320976 1.0 0.6835971526394278 0.6442221428838656
come 0.5259615096959376 0.47915695814138676 0.6836956227805561 1.0 0.679842591430285 0.6439005682480357
an 0.523254924265683 0.48001763876267345 0.6844884288487318 1.0 0.6822933482616688 0.6433080336265795
end 0.5246099043275949 0.47920931311461207 0.6871461013047786 1.0 0.6824379876488447 0.6429130047197416
many 0.5217344625559639 0.47758271570519745 0.6817848807779178 1.0 0.6788333939345218 0.63717906262131
miles 0.5247986531317662 0.47983869537339463 0.6883343960746857 1.0 0.6823569317095315 0.6399893952504083
ve 0.5244558586508744 0.47783388309100316 0.6858090634248468 1.0 0.682328804579656 0.6399502989799274
fallen 0.5246074879820787 0.4796099784831718 0.6885662304176609 1.0 0.6809332329398218 0.6390229074973031
said 0.5253327536308395 0.47833137307256535 0.682650822198398 1.0 0.6794294279050438 0.6414600144028827
aloud 0.5249699757862816 0.4801641807501701 0.6862278886162066 1.0 0.6805505335475844 0.6431837273263618
must 0.5267896824415078 0.48080933854326174 0.6822086459801245 1.0 0.6792091637465711 0.63906028396232
somewhere 0.5271082256465738 0.4811015172407873 0.6884926099777033 1.0 0.6803370131244135 0.6445227647286129
near 0.5285057530742817 0.4829579537068181 0.6873648221592231 1.0 0.6794396620230566 0.6399971416356497
centre 0.5285057530742817 0.4829579537068181 0.6873648221592231 1.0 0.6794396620230566 0.6399971416356497
earth 0.5247249657295578 0.47888825165149224 0.6859968483000299 1.0 0.6832611534011118 0.6447710834547287
let 0.5252985113352129 0.4797415785738343 0.6857789489946496 1.0 0.6816397351897594 0.6446685166210787
four 0.5249906625786768 0.48006842241131226 0.6881015378155194 1.0 0.6837869183665447 0.6409601515792834
thousand 0.5249906625786768 0.48006842241131226 0.6881015378155194 1.0 0.6837869183665447 0.6409601515792834
you 0.5244492897620907 0.47867182093970095 0.6829703618101602 1.0 0.6800753939075312 0.6408297084978216
learnt 0.527194332928945 0.4808535807072419 0.6840066272319579 1.0 0.6825471478251353 0.6453340845146247
several 0.5254400643447429 0.4778095548520982 0.6827059211534579 1.0 0.6811466570252415 0.6440302116450078
things 0.5235425041601747 0.4774226102969067 0.6821209859303371 1.0 0.6793605720772955 0.6398036211876147
sort 0.5262240303988542 0.4793941631378843 0.6851780237229902 1.0 0.6807864518607204 0.6442794179289193
lessons 0.5265309922891349 0.47926421141311054 0.6845303276362378 1.0 0.6833799630429216 0.6435548232157017
schoolroom 0.5276576652323599 0.48211033819430127 0.6862388151728472 1.0 0.6826308008134103 0.6453317817125518
though 0.5267514747806114 0.47823747486811763 0.6828498142568952 1.0 0.6806357199658968 0.642244892025446
good 0.5239744264208928 0.47915626280254364 0.6818765647645005 1.0 0.680552294920866 0.640419234967941
opportunity 0.5241423375073272 0.47988649932096117 0.6867400111806845 1.0 0.6829882089529478 0.643049909511671
showing 0.525576161268916 0.4787287330703354 0.6891250567620817 1.0 0.6825429432302426 0.6414645401881442
knowledge 0.525576161268916 0.4787287330703354 0.6891250567620817 1.0 0.6825429432302426 0.6414645401881442
listen 0.5246102234377512 0.4808429612282456 0.6856040160174571 1.0 0.681456402787961 0.6427401043636893
still 0.5239254969260657 0.4806032120912649 0.6849015283222287 1.0 0.6821622070679074 0.642206165491644
practice 0.5252049216499385 0.47968636934248804 0.6849380220137959 1.0 0.6804935514186848 0.6411334744908955
yes 0.5233934400997597 0.47976943167583497 0.6806017318822553 1.0 0.6831206826864271 0.6446722853289959
right 0.5249500788464051 0.4783781248587022 0.6845301983503865 1.0 0.6824334858158662 0.6437264164301777
distance 0.5233934400997597 0.47976943167583497 0.6806017318822553 1.0 0.6831206826864271 0.6446722853289959
latitude 0.5244614977537325 0.47713941941033894 0.6832995512155231 1.0 0.6817930130050807 0.6405551643910155
longitude 0.5251120807772903 0.4766874749351655 0.6852179331021881 1.0 0.6824306765765389 0.6419588503767129
got 0.5248859014778697 0.477365309516301 0.6826458602787461 1.0 0.6809038547137699 0.6422387460644527
idea 0.5246864086906486 0.4766439950940268 0.6856654389589041 1.0 0.6805593254528107 0.6412520147580953
nice 0.5250168525218368 0.4770417386065158 0.6837724332115305 1.0 0.6788909598067047 0.6434070822101402
grand 0.5271381660199081 0.47681509308539544 0.6882968635080825 1.0 0.6801067635559424 0.6453081261552434
words 0.5266762089104539 0.4775244486921964 0.6856354242483096 1.0 0.6791356617820836 0.6412878703016721
presently 0.5278013219867506 0.47908126888709884 0.6896413287103694 1.0 0.6824747368244323 0.6429417683698538
began 0.5257860005747449 0.4776979244001356 0.68866971147559 1.0 0.6814060671254514 0.6422461785816919
through 0.5244040091199988 0.4771266649769606 0.6837526305756114 1.0 0.6799720347205042 0.6409826546060381
funny 0.5257672948266524 0.4777848469673597 0.6889375778703837 1.0 0.6832335668635913 0.6440388379596017
seem 0.5257672948266524 0.4777848469673597 0.6889375778703837 1.0 0.6832335668635913 0.6440388379596017
among 0.5266707374031262 0.47980024427377627 0.6868796222046214 1.0 0.6802767985725661 0.6453703402794754
people 0.5268473034269087 0.48048150595749345 0.685261541706794 1.0 0.6799944548391142 0.645812368109717
walk 0.5270784186992442 0.4799729888371174 0.6880597550245834 1.0 0.6810777157164154 0.6469915080564751
their 0.526839574829027 0.47970690747727307 0.6877434717430126 1.0 0.6799752593328996 0.6439019502990052
heads 0.5268047508038299 0.47931186270873016 0.6887570768441276 1.0 0.6829727900750557 0.644928493801058
downward 0.5268047508038299 0.47931186270873016 0.6887570768441276 1.0 0.6829727900750557 0.644928493801058
antipathies 0.5268047508038299 0.47931186270873016 0.6887570768441276 1.0 0.6829727900750557 0.644928493801058
rather 0.5253347314918762 0.4756614794984722 0.6833794478918647 1.0 0.6793548074036605 0.6415527619799568
glad 0.5289081951748632 0.4790062303838269 0.6892337676260514 1.0 0.6800811823533859 0.647541410028831
listening 0.5274153939504957 0.4784662286412263 0.6929617308729374 1.0 0.6831878292987776 0.6452376379472207
sound 0.525152043934892 0.47677327445572965 0.6864675710419419 1.0 0.6840800242677436 0.6442900153451978
word 0.525152043934892 0.47677327445572965 0.6864675710419419 1.0 0.6840800242677436 0.6442900153451978
ask 0.5235674867296338 0.47801713934057694 0.6832386606950769 1.0 0.6823977459472305 0.6449824002870038
them 0.5249729943288665 0.47843006331423493 0.6856781841945836 1.0 0.6808914755646569 0.6425801436360593
name 0.5261367208739064 0.4775454846522663 0.6845851416143542 1.0 0.6817514210864515 0.6443974593445703
country 0.5261367208739064 0.4775454846522663 0.6845851416143542 1.0 0.6817514210864515 0.6443974593445703
is 0.5244302421694029 0.47720735603289693 0.6811240854994594 1.0 0.6798719125194213 0.6397163654535784
know 0.5270335016582661 0.47833590175495966 0.6852091698478163 1.0 0.6805473389433745 0.642484053765231
please 0.5223886794144476 0.47618237915876654 0.6807705128886191 1.0 0.6840470988684036 0.6381569735833124
ma'am 0.5223886794144476 0.47618237915876654 0.6807705128886191 1.0 0.6840470988684036 0.6381569735833124
new 0.5241646077156373 0.478220770046862 0.67732987521073 1.0 0.6810689217212808 0.6418232527769052
zeland 0.5241646077156373 0.478220770046862 0.67732987521073 1.0 0.6810689217212808 0.6418232527769052
australia 0.5241646077156373 0.478220770046862 0.67732987521073 1.0 0.6810689217212808 0.6418232527769052
curtsey 0.5237143833701022 0.47763645797421395 0.6756541090164431 1.0 0.6788421768566566 0.6410379826873006
spoke 0.5219278362103194 0.477043911380786 0.6773709568866464 1.0 0.6780783350167233 0.6358790022179016
fancy 0.5221740065522108 0.4784602789989346 0.6780037988407203 1.0 0.6779506656174025 0.6375926447459728
curtseying 0.5219278362103194 0.477043911380786 0.6773709568866464 1.0 0.6780783350167233 0.6358790022179016
re 0.5190284852742054 0.47654185738122246 0.6783282554052382 1.0 0.6796693915154178 0.6354041228946705
air 0.5215133909614297 0.4773054761746978 0.6833366838040468 1.0 0.6814528183999214 0.6389632964880279
manage 0.5242128740319401 0.47894452887710326 0.6812784085110486 1.0 0.6788846415640534 0.6390363817275609
ignorant 0.5183781717811952 0.47658816755708516 0.6800438178916078 1.0 0.6797831164770076 0.6371481624531571
little 0.5250078352627472 0.47803490535129156 0.682753428946 1.0 0.6787807082909726 0.6406210301853906
girl 0.5183781717811952 0.47658816755708516 0.6800438178916078 1.0 0.6797831164770076 0.6371481624531571
asking 0.5250134991740829 0.47863216459053765 0.6863330878402103 1.0 0.6791257005851501 0.6427738040512899
perhaps 0.5257080352706948 0.47924154338866054 0.6896225467633159 1.0 0.6812360741023903 0.6490570112657381
written 0.5257080352706948 0.47924154338866054 0.6896225467633159 1.0 0.6812360741023903 0.6490570112657381
else 0.527939309872292 0.4802269939350694 0.6902676197133002 1.0 0.6822765440111115 0.6431103739871664
soon 0.5273614111760824 0.4811051052590822 0.6859000638757586 1.0 0.6802439705795672 0.6427187311968594
talking 0.5237628990054263 0.47665853219423143 0.688367976901749 1.0 0.680167944124861 0.643606251482248
dinah 0.5223259784664495 0.47614760294163877 0.6821622174476004 1.0 0.6813412479054993 0.6413304221114702
miss 0.5227836392227437 0.47630583135371257 0.6835014883564 1.0 0.6815734434971868 0.6393204249298304
night 0.5237746850100462 0.47576191772337073 0.6846457727128268 1.0 0.6816567210564981 0.6443811801125665
should 0.5256130909891525 0.47544251517350977 0.6856843314841251 1.0 0.679263411962282 0.6424332198762306
cat 0.5214794057558273 0.47341965119961105 0.6822718399827798 1.0 0.6815730360054453 0.6421118500272227
hope 0.5228740220726477 0.47624394018505173 0.6847975714270123 1.0 0.6824537705386289 0.6416643460432058
remember 0.5223031015177422 0.4777003912933726 0.6808962346412375 1.0 0.6798314773648433 0.6383229560552142
saucer 0.5228740220726477 0.47624394018505173 0.6847975714270123 1.0 0.6824537705386289 0.6416643460432058
milk 0.5216159399609962 0.4745789105324081 0.6830223905320593 1.0 0.6825461618415937 0.6384147826272444
tea 0.5216159399609962 0.4745789105324081 0.6830223905320593 1.0 0.6825461618415937 0.6384147826272444
my 0.5220822085363511 0.4780427221876167 0.67965707111029 1.0 0.6791719493303072 0.6399021260457576
wish 0.5230777235762102 0.47726642971534006 0.6827866098816527 1.0 0.6807093521338676 0.640131995889042
are 0.5263347397435252 0.4810426547319219 0.6866060779205408 1.0 0.6810288106444506 0.6435461664692638
mice 0.5240125685025667 0.47807348075066863 0.6883738777044226 1.0 0.6832464882518303 0.6425429119057315
m 0.5240125685025667 0.47807348075066863 0.6883738777044226 1.0 0.6832464882518303 0.6425429119057315
afraid 0.5240125685025667 0.47807348075066863 0.6883738777044226 1.0 0.6832464882518303 0.6425429119057315
might 0.5243641067843023 0.478662939168335 0.6849089675055389 1.0 0.6810728789829434 0.6416603763435986
catch 0.5244445969780323 0.47673087241189377 0.6862085468927374 1.0 0.6827094362923165 0.6412477861582108
bat 0.5240006076062395 0.47800646396051816 0.6839726599009359 1.0 0.6819617430702754 0.6428552852160659
mouse 0.5289510158432248 0.4781019069302556 0.6880779323757273 1.0 0.6826533497028191 0.6444803898579085
cats 0.5234448306070724 0.47809140776050785 0.6834427889303724 1.0 0.6822049422539277 0.6405854515338492
eat 0.5241973104615287 0.47810706068073255 0.6826157917498407 1.0 0.6809796860469206 0.6401040935330999
bats 0.5236373812917898 0.4768809782932468 0.6829659267161239 1.0 0.681437897638072 0.6379838295954325
saying 0.5255126192327554 0.4785108642532236 0.6857810549267045 1.0 0.6815730858950692 0.6431211034804786
dreamy 0.524799426694295 0.4796404436285681 0.6872925777322934 1.0 0.6823728788955392 0.6416029096627281
sometimes 0.5234518445033249 0.47673973164782496 0.67845982149741 1.0 0.678491277980696 0.6358637463043257
couldn't 0.5251248421920165 0.47679052398411637 0.6840073872273258 1.0 0.6831768462414419 0.640586666875172
answer 0.5251248421920165 0.47679052398411637 0.6840073872273258 1.0 0.6831768462414419 0.640586666875172
question 0.5251248421920165 0.47679052398411637 0.6840073872273258 1.0 0.6831768462414419 0.640586666875172
matter 0.5247089552016211 0.4762625363774928 0.6867147457726545 1.0 0.6812816609712131 0.6461752303949301
felt 0.5254962884716982 0.4775648305498101 0.6853531573346382 1.0 0.6817287458383763 0.644551199307195
dozing 0.5240660272736929 0.47662726726246063 0.6845718399325669 1.0 0.6825567277859617 0.6504537934207445
begun 0.522905491003036 0.47763103485836056 0.6806643849488758 1.0 0.6801792339799927 0.6417497654584138
dream 0.5223880782100847 0.4764387705195322 0.682648166721726 1.0 0.6805282821578904 0.6448218904110404
walking 0.5223880782100847 0.4764387705195322 0.682648166721726 1.0 0.6805282821578904 0.6448218904110404
hand 0.5243091987605214 0.476908232520902 0.6834565382674503 1.0 0.680649409721161 0.6447332806468417
earnestly 0.522001467106825 0.4780687033801525 0.6803651610716596 1.0 0.6787757459669376 0.6389323795690562
now 0.5257131887716892 0.48177064334035374 0.683252810891585 1.0 0.679432408179913 0.6420450009425956
tell 0.5213291792218082 0.47827970160568356 0.6779750209421292 1.0 0.6816315745702475 0.6410551668739866
truth 0.5213291792218082 0.47827970160568356 0.6779750209421292 1.0 0.6816315745702475 0.6410551668739866
ever 0.5237786465501424 0.4782150899029844 0.6811865426201253 1.0 0.679693945690878 0.6422379339088367
thump 0.5240657810354451 0.48087649372775204 0.6815837046286785 1.0 0.6819488095843979 0.6446624876623763
came 0.5235688185130043 0.4783648508985433 0.6822892256083752 1.0 0.6802069084347213 0.6425029227433037
heap 0.5237625075830731 0.4810208932078987 0.6778339648289999 1.0 0.6791574342292356 0.6435977669134035
sticks 0.5237625075830731 0.4810208932078987 0.6778339648289999 1.0 0.6791574342292356 0.6435977669134035
dry 0.5237625075830731 0.4810208932078987 0.6778339648289999 1.0 0.6791574342292356 0.6435977669134035
leaves 0.5237625075830731 0.4810208932078987 0.6778339648289999 1.0 0.6791574342292356 0.6435977669134035
bit 0.5250285493803151 0.4820688357033974 0.6856812133297712 1.0 0.6813493038969354 0.6459524187366912
hurt 0.5250285493803151 0.4820688357033974 0.6856812133297712 1.0 0.6813493038969354 0.6459524187366912
jumped 0.5250285493803151 0.4820688357033974 0.6856812133297712 1.0 0.6813493038969354 0.6459524187366912
overhead 0.5236993310978868 0.48149565717152004 0.6888147884666823 1.0 0.6810900982286999 0.6416132438542858
long 0.5231445850018837 0.48072457935952667 0.683513547512185 1.0 0.6820742563385391 0.6401537680430746
passage 0.5222532385859463 0.47846722491065935 0.6822138761052831 1.0 0.6814075400343725 0.6427856033774424
sight 0.523237256229728 0.48036223250282184 0.6841954352875913 1.0 0.6828716337087902 0.6416694863141521
hurrying 0.523237256229728 0.48036223250282184 0.6841954352875913 1.0 0.6828716337087902 0.6416694863141521
lost 0.5256606639686233 0.4797656987911015 0.6850093958197204 1.0 0.6817559127808461 0.641536771255397
away 0.5256606639686233 0.4797656987911015 0.6850093958197204 1.0 0.6817559127808461 0.641536771255397
wind 0.5213790901522903 0.47851311478556446 0.6826978882853333 1.0 0.6811362203083721 0.6378006265272615
turned 0.522261634618633 0.4775754689620161 0.6812898439146212 1.0 0.6818853935396315 0.6392555989968491
corner 0.522261634618633 0.4775754689620161 0.6812898439146212 1.0 0.6818853935396315 0.6392555989968491
ears 0.5227464352787381 0.4785361400382753 0.6800363471257083 1.0 0.6790144789493675 0.6395652111270441
whiskers 0.5185838933893402 0.47693179363800675 0.6785314066864888 1.0 0.6813275451507059 0.6400070730954668
it's 0.5241578180046171 0.48150228355937397 0.6830510902720159 1.0 0.6795510253756061 0.641385523300623
behind 0.5225663689972881 0.4777077559106165 0.6842390088280915 1.0 0.6802458439250161 0.6395588385641858
longer 0.5242084618867451 0.4762591028746117 0.6841384806617864 1.0 0.6816586176117014 0.64243688408739
low 0.5225968985902163 0.47613234517559033 0.6820191967611803 1.0 0.6816974935008396 0.6409571671846993
hall 0.5235943004201097 0.4776766187391823 0.6828234119709823 1.0 0.6821457311503831 0.6430773142006093
lit 0.5221251704180369 0.4770171793805231 0.6779246639006022 1.0 0.6847777208450871 0.638482881236112
row 0.5221251704180369 0.4770171793805231 0.6779246639006022 1.0 0.6847777208450871 0.638482881236112
lamps 0.5221251704180369 0.4770171793805231 0.6779246639006022 1.0 0.6847777208450871 0.638482881236112
hanging 0.5221251704180369 0.4770171793805231 0.6779246639006022 1.0 0.6847777208450871 0.638482881236112
roof 0.5225874138691148 0.4771235008944428 0.6824462679063458 1.0 0.6832830650662017 0.6407318999256815
doors 0.5224247014137633 0.47811800849210706 0.6816342527806755 1.0 0.6819636318556289 0.6420199529899454
around 0.5229120713810351 0.47499916398983344 0.6835148201824625 1.0 0.6839037434392901 0.6445323679250453
locked 0.5240609051144883 0.47963240314059424 0.6864013560128982 1.0 0.6849650013672037 0.6432884242044269
been 0.5248291869788354 0.47606947052857446 0.6832610549285314 1.0 0.6849947950132238 0.6490489903118607
side 0.5248291869788354 0.47606947052857446 0.6832610549285314 1.0 0.6849947950132238 0.6490489903118607
other 0.524412718470739 0.47798931291827707 0.6852010927515442 1.0 0.6799064269411106 0.6435929784288582
trying 0.5235607319308296 0.47605321325364097 0.6806880674030423 1.0 0.6763535325850859 0.6400922202665542
every 0.5221564390962447 0.47873869936262303 0.682955112626862 1.0 0.6813751279477159 0.6456443797197057
door 0.5240377818040358 0.4782252556839363 0.6824790876160015 1.0 0.679101611351251 0.6408213049412221
walked 0.5203899141553994 0.47607421440394976 0.6833766520960189 1.0 0.6807836308048094 0.6414595216537363
sadly 0.5203899141553994 0.47607421440394976 0.6833766520960189 1.0 0.6807836308048094 0.6414595216537363
middle 0.5203899141553994 0.47607421440394976 0.6833766520960189 1.0 0.6807836308048094 0.6414595216537363
wondering 0.5232358072724784 0.47662030753171825 0.682558950419079 1.0 0.6781633119307929 0.638795338612511
three 0.5239309146598391 0.4781113382685192 0.6821159341211608 1.0 0.68238350563242 0.6435256260128627
legged 0.5239309146598391 0.4781113382685192 0.6821159341211608 1.0 0.68238350563242 0.6435256260128627
table 0.5234990143487763 0.4784512443271506 0.6803675946558132 1.0 0.6785222746996925 0.6404203044990496
solid 0.525405737219892 0.4786183757404505 0.6844970569075745 1.0 0.6813122478488656 0.645662076137745
glass 0.5269908728503582 0.4786842757183603 0.6836422196060531 1.0 0.6791960892411923 0.6425274902998848
except 0.5231429730608467 0.47559265432195263 0.6860385771039315 1.0 0.6816823038184016 0.6424155322328273
tiny 0.5231429730608467 0.47559265432195263 0.6860385771039315 1.0 0.6816823038184016 0.6424155322328273
golden 0.524386891551194 0.47778430740746175 0.6835408226836439 1.0 0.6802727496091232 0.6424422671223123
key 0.5251000223744847 0.4789133237260975 0.6843810088522805 1.0 0.6803458232859212 0.6425969820480711
belong 0.5222617099772892 0.4791142212379457 0.6808208454020829 1.0 0.6806419363907148 0.6433102145052418
alas 0.5264900634430655 0.48041400520732613 0.6845419387145533 1.0 0.6810740123628154 0.6441124848066938
locks 0.522699251366904 0.4798217111552918 0.6849045876104491 1.0 0.6821212455256952 0.6448791787621478
small 0.5244949171305915 0.4777341833436113 0.6832741663993463 1.0 0.6788452982453367 0.640857804145437
any 0.525194750713716 0.4796578446672048 0.6853585623616788 1.0 0.6801300537670549 0.6419826359998837
rate 0.5246622437296053 0.48021760425723736 0.685582449659343 1.0 0.6802015305001453 0.6404558024757191
open 0.5238690259428856 0.4789407183421636 0.6875797106232903 1.0 0.6808460798594009 0.6414861565026085
however 0.5249181238598928 0.4792414375952504 0.684229512850437 1.0 0.678892634881354 0.6421745689451994
second 0.5213482077922206 0.47858831543723834 0.68464531547886 1.0 0.6805723992047056 0.6395710946479679
round 0.524221171246424 0.4799995642953978 0.6842773308095325 1.0 0.6795022005916465 0.6393918953670185
curtain 0.5235272906246002 0.4764166361976571 0.6828363660198024 1.0 0.6794075659749478 0.6424535107406221
fifteen 0.5241247812891566 0.47653574330183046 0.6842678573757947 1.0 0.6798460157523494 0.6385908191777875
inches 0.525614083317265 0.47810848025887936 0.6843111012660331 1.0 0.6799931756057834 0.6393636747878865
high 0.525614083317265 0.47810848025887936 0.6843111012660331 1.0 0.6799931756057834 0.6393636747878865
lock 0.5220610640726981 0.47774227127287816 0.683937869453291 1.0 0.678276634662117 0.6337120688390725
delight 0.5220610640726981 0.47774227127287816 0.683937869453291 1.0 0.678276634662117 0.6337120688390725
fitted 0.5228307800540741 0.4754731629789616 0.6837490048319842 1.0 0.6803512450438662 0.6381019781181274
opened 0.5221253159449353 0.4783793250323599 0.6806057581178939 1.0 0.6797407436501824 0.6389371304483397
led 0.5200800208149019 0.4721618112508561 0.6789302869127093 1.0 0.6781331403577459 0.6395666535113285
larger 0.5240885088106264 0.478356994877513 0.6817698694530717 1.0 0.6794635331287348 0.6431318339327018
than 0.5257223836608342 0.476333449524293 0.6802317139201848 1.0 0.680047832824289 0.6444664945695234
rat 0.5257223836608342 0.476333449524293 0.6802317139201848 1.0 0.680047832824289 0.6444664945695234
knelt 0.5257223836608342 0.476333449524293 0.6802317139201848 1.0 0.680047832824289 0.6444664945695234
along 0.5251211679947462 0.47775852520533785 0.6861223431070667 1.0 0.6823981851372933 0.6466904664683273
loveliest 0.5267332198228127 0.4792495972623077 0.6866539920553836 1.0 0.6820951738231346 0.6432165275850675
garden 0.5261230817837437 0.4788903201750853 0.6844045649507234 1.0 0.6794922441563053 0.6420174996591301
longed 0.5275292556036049 0.480744899917443 0.6857478144894021 1.0 0.680052598635115 0.6450009516718539
wander 0.5262656294634587 0.47962859010467324 0.6857069385917569 1.0 0.6794809369593923 0.6437594056002308
those 0.5261399959055112 0.4790941641925441 0.6865294465268316 1.0 0.6800354711411828 0.6425608391163972
beds 0.5260142077207939 0.47855908052182033 0.6873529667849454 1.0 0.680590687830344 0.6413607974656823
bright 0.5260142077207939 0.47855908052182033 0.6873529667849454 1.0 0.680590687830344 0.6413607974656823
flowers 0.5260142077207939 0.47855908052182033 0.6873529667849454 1.0 0.680590687830344 0.6413607974656823
cool 0.5260142077207939 0.47855908052182033 0.6873529667849454 1.0 0.680590687830344 0.6413607974656823
fountains 0.5264092504727418 0.4809771516707461 0.6814199536471376 1.0 0.6795001101488859 0.6406671858447895
head 0.5261254040646125 0.4798340865640793 0.6855342802632293 1.0 0.6805838984531616 0.6408542232868724
doorway 0.526986927465838 0.47845779936611565 0.6871390660077463 1.0 0.6822803107711866 0.6413752956924947
go 0.5268139184663914 0.4753030797698249 0.6867186264087329 1.0 0.6816031365779838 0.6437138905912748
poor 0.5259455167288388 0.4773826310600895 0.6826363565630362 1.0 0.6776919616406052 0.6419772512639627
shoulders 0.5205805757055214 0.4794532332251997 0.672892597631124 1.0 0.6791577395178122 0.6392360514466388
shut 0.5263366640228861 0.47917487294946587 0.6827777346690841 1.0 0.6802606147589292 0.6407238054959438
telescope 0.5250372522019845 0.47933575085070895 0.6813612731891309 1.0 0.6794842298867863 0.6404314442317663
only 0.5263122826319894 0.4793533815905576 0.6838865383034108 1.0 0.679921979734019 0.6391498289386
begin 0.5255172642418013 0.47902091147508924 0.6834190554552021 1.0 0.6797033750332184 0.6381616624124203
happened 0.5222585792278247 0.4767582499413431 0.6769042372265311 1.0 0.6769185197691074 0.6388775832440757
lately 0.5234202902527533 0.4788172768598245 0.6786906236074891 1.0 0.6798319489059765 0.63869315835052
few 0.5257541273044575 0.47854110031457314 0.6836830879093915 1.0 0.6792887388167453 0.6417592853370907
indeed 0.5238089669579726 0.4801865317360377 0.6821636514952603 1.0 0.6778106407127604 0.6393558506196797
really 0.5273287133279123 0.4795296342742018 0.6856689591662293 1.0 0.6814884148563086 0.6460970993733791
impossible 0.5273287133279123 0.4795296342742018 0.6856689591662293 1.0 0.6814884148563086 0.6460970993733791
waiting 0.5259253949187742 0.4805679949287243 0.6831147833604178 1.0 0.6774455153314345 0.6391031082807369
back 0.5234307861262523 0.47903431350168685 0.6807530183419304 1.0 0.6782251320150189 0.6411412156159685
half 0.5231896301199627 0.4794303709548296 0.6862256981844154 1.0 0.6806432922870922 0.6430166803515982
hoping 0.5231896301199627 0.4794303709548296 0.6862256981844154 1.0 0.6806432922870922 0.6430166803515982
find 0.5288466091995656 0.48146562785995417 0.6878792830394722 1.0 0.6791943801210664 0.6414811691716119
rules 0.5245195858045593 0.4792448160294561 0.6845595737249262 1.0 0.6790812729726096 0.6391493908702214
shutting 0.5253476787866223 0.47881305975586225 0.6810224037829596 1.0 0.6795323191997565 0.6409026081457445
telescopes 0.5256231182156723 0.47896619721099754 0.6850115878298074 1.0 0.6800886419459631 0.6436951806512955
bottle 0.5255829001854991 0.4804645170463963 0.6833608268896251 1.0 0.6788753078331928 0.6407426792736145
certainly 0.5250215727913503 0.4837872247974766 0.6855872610765195 1.0 0.6811514268670024 0.6406867587224323
neck 0.5270978015623962 0.4814126143788658 0.6839088764687536 1.0 0.6784306360474011 0.6392124673678821
paper 0.5270978015623962 0.4814126143788658 0.6839088764687536 1.0 0.6784306360474011 0.6392124673678821
label 0.5258000058878259 0.47935553273053727 0.6856882925005071 1.0 0.6792386166282721 0.6388128924121701
drink 0.5267377832086063 0.4794729361829533 0.6862055332966331 1.0 0.6797907780756777 0.6401468421423134
beautifully 0.5271406728016547 0.4792182554945641 0.6856922928100293 1.0 0.67787939709207 0.6417035751642981
printed 0.5249948633836673 0.4788100446900339 0.6866657659190462 1.0 0.679603384534654 0.6427454394990979
letters 0.5253492540973508 0.4822885626688502 0.6873395500238446 1.0 0.6801419102362394 0.6431399965770672
wise 0.526281513340058 0.4792119552228583 0.6835237483732388 1.0 0.6781056294685117 0.6382184543834225
hurry 0.5243141832321745 0.4798137918818692 0.6825038711012392 1.0 0.6816219133753314 0.6379818683453427
marked 0.5257021003029115 0.4812649929865107 0.6814096141764673 1.0 0.6786989145668614 0.640464253751721
poison 0.5255515191660894 0.48128522072461183 0.6820908950574682 1.0 0.6782279104582142 0.6405407427353391
read 0.5253195363653478 0.4795048361130293 0.6827587991886521 1.0 0.6767419390489249 0.6406317735130611
histories 0.5243523779670146 0.47635922063541636 0.6808869356842896 1.0 0.6789199870190178 0.644504187512382
children 0.5260188666454398 0.4796931862629128 0.6826939667567723 1.0 0.6788997566416588 0.6417909201427697
who 0.5260188666454398 0.4796931862629128 0.6826939667567723 1.0 0.6788997566416588 0.6417909201427697
d 0.5262503328405649 0.47951733958741094 0.680530114311745 1.0 0.6776348371089215 0.6431903162758523
gotten 0.5260188666454398 0.4796931862629128 0.6826939667567723 1.0 0.6788997566416588 0.6417909201427697
burnt 0.5260188666454398 0.4796931862629128 0.6826939667567723 1.0 0.6788997566416588 0.6417909201427697
eaten 0.527361589746752 0.4793371687597669 0.685607464472952 1.0 0.6817902720392655 0.6447970573088858
wild 0.527361589746752 0.4793371687597669 0.685607464472952 1.0 0.6817902720392655 0.6447970573088858
beasts 0.527361589746752 0.4793371687597669 0.685607464472952 1.0 0.6817902720392655 0.6447970573088858
unpleasant 0.5266542145662075 0.47724483649927213 0.6874323570785085 1.0 0.6784473489523957 0.6415550180434324
because 0.5266542145662075 0.47724483649927213 0.6874323570785085 1.0 0.6784473489523957 0.6415550180434324
simple 0.5232140743411944 0.4805887782713968 0.6821042102767041 1.0 0.6801452732847614 0.6359185999275629
friends 0.5266022075448943 0.4794424710917501 0.6874291437952421 1.0 0.6788796185806718 0.6408314928767805
taught 0.5266022075448943 0.4794424710917501 0.6874291437952421 1.0 0.6788796185806718 0.6408314928767805
red 0.5276027428977905 0.4818722944923821 0.6850385604417374 1.0 0.6785323473877576 0.6408504705266019
poker 0.5246515620225032 0.4806986440681132 0.6815076258664775 1.0 0.677117229439 0.6395033140692403
will 0.5246515620225032 0.4806986440681132 0.6815076258664775 1.0 0.677117229439 0.6395033140692403
burn 0.5246515620225032 0.4806986440681132 0.6815076258664775 1.0 0.677117229439 0.6395033140692403
hold 0.5246515620225032 0.4806986440681132 0.6815076258664775 1.0 0.677117229439 0.6395033140692403
cut 0.5261750240182093 0.4808221835504273 0.6877032317091524 1.0 0.6785475153999107 0.6389035136969463
your 0.5240955092995293 0.48159265813497093 0.6817676536051523 1.0 0.6795388007206165 0.6367608722907169
finger 0.5240955092995293 0.48159265813497093 0.6817676536051523 1.0 0.6795388007206165 0.6367608722907169
deeply 0.5240955092995293 0.48159265813497093 0.6817676536051523 1.0 0.6795388007206165 0.6367608722907169
knife 0.5240955092995293 0.48159265813497093 0.6817676536051523 1.0 0.6795388007206165 0.6367608722907169
usually 0.528029312718156 0.4777089075778497 0.6852302246170883 1.0 0.6808514919813797 0.6443731120046701
bleeds 0.528029312718156 0.4777089075778497 0.6852302246170883 1.0 0.6808514919813797 0.6443731120046701
forgotten 0.5271923994600938 0.4798401321195458 0.6820092913399518 1.0 0.6772662240206768 0.6425226446965475
almost 0.5288874963709612 0.4842179149517193 0.6881486891310996 1.0 0.6795082246459185 0.6436898725508395
certain 0.5288874963709612 0.4842179149517193 0.6881486891310996 1.0 0.6795082246459185 0.6436898725508395
disagree 0.5288874963709612 0.4842179149517193 0.6881486891310996 1.0 0.6795082246459185 0.6436898725508395
sooner 0.5279001238785299 0.48075011945004126 0.6867741399299147 1.0 0.6807575515660763 0.6441402555972721
later 0.5279001238785299 0.48075011945004126 0.6867741399299147 1.0 0.6807575515660763 0.6441402555972721
ventured 0.5221197487114195 0.48045604789357416 0.6739317895815222 1.0 0.6790484328940791 0.6418407799698079
taste 0.5221197487114195 0.48045604789357416 0.6739317895815222 1.0 0.6790484328940791 0.6418407799698079
finding 0.5238919801732392 0.47921155031149476 0.6763705815709857 1.0 0.6780772748031908 0.6421357013096098
fact 0.5266295706102675 0.47959410233642347 0.6862816211983765 1.0 0.677464994848481 0.6423157405918386
mixed 0.5266295706102675 0.47959410233642347 0.6862816211983765 1.0 0.677464994848481 0.6423157405918386
flavor 0.5266295706102675 0.47959410233642347 0.6862816211983765 1.0 0.677464994848481 0.6423157405918386
cherry 0.5266957807900502 0.4814844186547696 0.6819790415309799 1.0 0.6785083370261422 0.6430120143614199
tart 0.5266957807900502 0.4814844186547696 0.6819790415309799 1.0 0.6785083370261422 0.6430120143614199
custard 0.5255254299452271 0.4782170554049828 0.6796262135197934 1.0 0.681203347398738 0.6434603602332027
pine 0.5255254299452271 0.4782170554049828 0.6796262135197934 1.0 0.681203347398738 0.6434603602332027
apple 0.5255254299452271 0.4782170554049828 0.6796262135197934 1.0 0.681203347398738 0.6434603602332027
roast 0.5255254299452271 0.4782170554049828 0.6796262135197934 1.0 0.681203347398738 0.6434603602332027
turkey 0.5266722208077438 0.48091568571929394 0.6819107613515857 1.0 0.6789460576107794 0.642513440188583
toffee 0.5266722208077438 0.48091568571929394 0.6819107613515857 1.0 0.6789460576107794 0.642513440188583
buttered 0.5266722208077438 0.48091568571929394 0.6819107613515857 1.0 0.6789460576107794 0.642513440188583
toast 0.5240467898513381 0.4795475035670956 0.6794277854184443 1.0 0.6793439817255541 0.6412432136931379
finished 0.5256182009253912 0.4801482018363164 0.6822591041286137 1.0 0.6783091452683613 0.6406353073088533
curious 0.525932737603318 0.4790622938629098 0.6829595743057887 1.0 0.6789756322986611 0.6428926006245422
feeling 0.5241291598151347 0.47620387392090996 0.6806071882301202 1.0 0.6808335784411695 0.6415763201570639
ten 0.5271080840601184 0.4796861791660167 0.6843544815897825 1.0 0.680140799745279 0.6401389687402305
face 0.5271080840601184 0.4796861791660167 0.6843544815897825 1.0 0.680140799745279 0.6401389687402305
brightened 0.528075538801514 0.4807438486454125 0.6853042738402736 1.0 0.6785809216479267 0.6418573844695417
size 0.5270944286164478 0.47893978944627436 0.6848150195714259 1.0 0.6776573074629838 0.6410754840087369
lovely 0.5246122868817367 0.47823517930895537 0.6824417367879269 1.0 0.677973326376297 0.6395680656290923
waited 0.5284193425119826 0.47875620860212487 0.6840461482617295 1.0 0.6780594184719929 0.6452626174196743
minutes 0.5293764936143345 0.47944214207524277 0.6858411552942658 1.0 0.6796679901822194 0.6447315101785889
shrink 0.5276010272004186 0.47925635684651335 0.6826695189652296 1.0 0.6792645941678574 0.6455503438201393
further 0.5276010272004186 0.47925635684651335 0.6826695189652296 1.0 0.6792645941678574 0.6455503438201393
nervous 0.5267160168402159 0.4780711222390623 0.6848143112236578 1.0 0.6799030023046678 0.6444657209920976
altogether 0.5261406807594827 0.47725588272545677 0.6801016334989307 1.0 0.675324778289192 0.6403884969402796
candle 0.5245488695077873 0.4762496630725716 0.680518272679061 1.0 0.676935826568112 0.6398252235717639
flame 0.52242071288261 0.47987973048478444 0.6786380186862659 1.0 0.6778227182425532 0.6393100184006074
blown 0.5243647188627037 0.4790330304274044 0.6780031127458713 1.0 0.6773659097795449 0.6358378629004446
thing 0.5221884278938266 0.47474392036506646 0.6764889332107734 1.0 0.6746416661281904 0.6357396048608355
while 0.5253756672553571 0.4785308512377189 0.6791809230379741 1.0 0.6762490710724925 0.6400990277636197
more 0.525666730490575 0.4779652839369822 0.6788128397920268 1.0 0.677104736414657 0.6424310418182732
decided 0.5270282997782324 0.4791884035999915 0.6841276108284808 1.0 0.6784178970702004 0.6432758363303117
possibly 0.5237629149267354 0.4757335568332438 0.6793462971535401 1.0 0.67643401169729 0.6394302599606343
reach 0.5248250306456309 0.47728271020714846 0.6811075968641422 1.0 0.6781826860020771 0.6406592570501705
plainly 0.5249362702477777 0.47681713309776125 0.6826884308267835 1.0 0.6760425587874574 0.6398474026283004
best 0.5237287213029441 0.47651560196580833 0.6832199776762672 1.0 0.6760980766402062 0.6380363986103136
climb 0.5237287213029441 0.47651560196580833 0.6832199776762672 1.0 0.6760980766402062 0.6380363986103136
legs 0.5214500670299954 0.4764065807502477 0.6760211132773636 1.0 0.6737137132496985 0.6346727908025525
slippery 0.5206474234088476 0.4756624663350941 0.6774471966882971 1.0 0.6771440593422732 0.6362147590530598
sat 0.5235568746594862 0.4732277930803954 0.6771833814591156 1.0 0.6723799378132024 0.6340785148981275
cried 0.5198398823922613 0.47021690350350653 0.6751837275035967 1.0 0.6752592285727669 0.632083289933395
crying 0.5205535970265824 0.47278349882747295 0.6681391675179593 1.0 0.6755242482228867 0.6351770727625196
sharply 0.5212817872193153 0.4705915979153206 0.6728308927617835 1.0 0.6763832866672055 0.6369065191597221
advise 0.5222887019426385 0.47467677378986955 0.6732331466925129 1.0 0.677038969115434 0.6367702574482357
leave 0.5222887019426385 0.47467677378986955 0.6732331466925129 1.0 0.677038969115434 0.6367702574482357
minute 0.5235439826293173 0.47261717654684426 0.6752859322761515 1.0 0.6756105651608882 0.6400936769449084
generally 0.522570424924162 0.47788981251370755 0.6739127597158162 1.0 0.6781616588777544 0.6370568388843386
gave 0.522570424924162 0.47788981251370755 0.6739127597158162 1.0 0.6781616588777544 0.6370568388843386
advice 0.522570424924162 0.47788981251370755 0.6739127597158162 1.0 0.6781616588777544 0.6370568388843386
seldom 0.5256090241932319 0.4741457809654214 0.6751470960865185 1.0 0.6769871850539749 0.6400353653173639
followed 0.5256090241932319 0.4741457809654214 0.6751470960865185 1.0 0.6769871850539749 0.6400353653173639
scolded 0.523917233777252 0.4777783865363587 0.6746392264034532 1.0 0.6765276153184248 0.6353102545531429
severely 0.5237276343363534 0.47544003651036526 0.6765800857155173 1.0 0.6739434951477045 0.6376203879068115
bring 0.5237276343363534 0.47544003651036526 0.6765800857155173 1.0 0.6739434951477045 0.6376203879068115
tears 0.5257587422220514 0.4777109568082271 0.6762291181792371 1.0 0.6753206331305814 0.6373230494625295
remembered 0.527795946486119 0.4791199727563394 0.6829483859902583 1.0 0.6745162414397178 0.6409554124557407
box 0.5292139210521362 0.479870460832406 0.6833469579630794 1.0 0.6773830174265941 0.6415206460708656
cheated 0.5269235782402522 0.4801461140521782 0.681546566489313 1.0 0.6766932991368482 0.6391217992262394
game 0.5243324152294335 0.47932627687302437 0.6832145220622216 1.0 0.676998675219205 0.6411915386558712
croquet 0.5243324152294335 0.47932627687302437 0.6832145220622216 1.0 0.676998675219205 0.6411915386558712
playing 0.5243324152294335 0.47932627687302437 0.6832145220622216 1.0 0.676998675219205 0.6411915386558712
against 0.5243324152294335 0.47932627687302437 0.6832145220622216 1.0 0.676998675219205 0.6411915386558712
child 0.5277954983451115 0.4833085553359245 0.6809469334437929 1.0 0.6790576121725111 0.6459284141654351
fond 0.5277954983451115 0.4833085553359245 0.6809469334437929 1.0 0.6790576121725111 0.6459284141654351
pretending 0.5277954983451115 0.4833085553359245 0.6809469334437929 1.0 0.6790576121725111 0.6459284141654351
two 0.527342615302526 0.48149141668277023 0.6839888526640767 1.0 0.6794065015025395 0.6462797555005532
pretend 0.5279421693305332 0.48233382232321 0.6843869329540712 1.0 0.6787103940049634 0.6465300902090776
hardly 0.5257946394060004 0.47808051171785226 0.685038439044383 1.0 0.6794576242036028 0.646119871200738
enough 0.5257946394060004 0.47808051171785226 0.685038439044383 1.0 0.6794576242036028 0.646119871200738
respectable 0.5281585233950764 0.4827591032925399 0.6821821016164858 1.0 0.6782171914561939 0.6430246425589486
person 0.5281585233950764 0.4827591032925399 0.6821821016164858 1.0 0.6782171914561939 0.6430246425589486
eye 0.5285256458611216 0.4829366665276324 0.6851787867591629 1.0 0.6801483584635349 0.6444085091747348
lying 0.5306283329812376 0.48061906331998 0.6837445285306156 1.0 0.6802425906876923 0.6420844595461717
cake 0.5270920983720363 0.4764010484317066 0.6829395336514934 1.0 0.6780684718629533 0.6397659303850177
currants 0.5261530444908614 0.48120441713269146 0.679369387491157 1.0 0.6801094269974186 0.6402351927728185
makes 0.5281192789335283 0.4794329776050576 0.6837304818891425 1.0 0.6795966137987517 0.6436828496796684
grow 0.5271140766181351 0.479141866501495 0.6832838745610309 1.0 0.6797207164938608 0.6438393755126842
can 0.527233619241782 0.4778592539529289 0.6823791077188411 1.0 0.6794629853521041 0.6419662664716028
smaller 0.5283360282845934 0.4794429424661924 0.6836887734807493 1.0 0.6794993649929864 0.6457853342301164
creep 0.5285734312265808 0.4768776047973311 0.6818788996758924 1.0 0.6789842617776507 0.6420369119204381
