word v0 v1 v2 v3 v4 v5
alice 0.350627471984734 0.42947515605025594 0.7864916956951179 1.0 0.4720951095053304 0.786773800945003
was 0.35023584906485905 0.4295137845414516 0.7876103755098021 1.0 0.47176452663534424 0.7866018181876371
beginning 0.3585450775710978 0.43270347838578155 0.7947947579149615 1.0 0.473820311114083 0.7912896489045435
to 0.35055853055422415 0.4294916190530589 0.7873831902437217 1.0 0.47234545398248423 0.7862029147964288
get 0.34935951489085915 0.42933846403640225 0.7881962081061957 1.0 0.4717061227522393 0.7859339827900987
very 0.3499752454931056 0.4293390475389385 0.7877461505728963 1.0 0.47204125972571387 0.7862708671185576
tired 0.3504598521264562 0.43007214547726474 0.7874083334550463 1.0 0.47162331729657914 0.7901621954512464
of 0.3495268578254265 0.4292448326881596 0.7874887871375253 1.0 0.47134323773455766 0.786531790635146
sitting 0.3554110054965006 0.4359369930744035 0.7963782113971862 1.0 0.47513711616243615 0.7950870404761218
by 0.35234930892513766 0.42974475936587264 0.7880545767717779 1.0 0.47320397352925536 0.7856187966350602
her 0.3516092305251341 0.4310155355231953 0.789009575906031 1.0 0.4721587657199123 0.7871881037110096
sister 0.35569594367313284 0.43535239101222556 0.7945270678382195 1.0 0.4739530092707799 0.791243525433208
on 0.3506584496243369 0.42945649794069657 0.7872582579810935 1.0 0.47167465598814523 0.7848399574565588
the 0.35056463589980985 0.4297039880597176 0.7878837073815911 1.0 0.4718270482916365 0.7870240035948192
bank 0.35310974096397907 0.43469920036891746 0.795160841928051 1.0 0.47434200897436046 0.7920663466903318
and 0.34970232970357334 0.4287552724062519 0.7864326447958017 1.0 0.47168906575977215 0.7864562554297091
having 0.350650234762722 0.42812975289739474 0.7871039911610861 1.0 0.47016516194172875 0.7862814288748955
nothing 0.35062352580921474 0.42977581846236085 0.7881671753660209 1.0 0.4713505412992146 0.7874870412739646
do 0.3500375501955209 0.42949306596661374 0.7874068818337412 1.0 0.47223496408222554 0.7886256956191586
once 0.3523855253047035 0.4314647754260625 0.7885807205783436 1.0 0.47007453024347495 0.7886378989698456
or 0.35074479817149623 0.431766929016176 0.7892315013582198 1.0 0.47191893151667946 0.7881978341817816
twice 0.35301010823822987 0.4318258782390531 0.7944681725331821 1.0 0.47132406115111125 0.7893835613957959
she 0.34933281242572756 0.4288498034832755 0.7863115803087469 1.0 0.4715104176535056 0.785696238755834
peeped 0.35597890793897685 0.4347718387840536 0.7926887480864544 1.0 0.4727771052861381 0.7874266363619258
into 0.35011039444164266 0.42971338436258355 0.7873029478606803 1.0 0.4709746279920065 0.7866507087754934
book 0.353027501153196 0.43260914520099286 0.7893940052237047 1.0 0.47236281297472615 0.7877725709491481
reading 0.3519409807689713 0.433383515132123 0.788822169364896 1.0 0.47004810648481005 0.7890160313186082
but 0.3497121896165251 0.429851807219675 0.7872927374081238 1.0 0.47139420094779894 0.7864849694176774
it 0.35086840375606915 0.42986414455476246 0.7877797382989825 1.0 0.47191288535397274 0.7864538966174344
had 0.3502207491461843 0.4296082094970665 0.7873391254933242 1.0 0.4718339378589469 0.7872292546477805
no 0.35084134830593916 0.4282814345996054 0.7857591819317546 1.0 0.4719103009668692 0.7856299974619176
pictures 0.3510329920143924 0.43258890671005484 0.787368226227527 1.0 0.47047425827158024 0.7904135743216181
conversations 0.35095295874632904 0.42897280714581976 0.7851115426651494 1.0 0.4713597167153322 0.7867038799928857
in 0.35008296732822997 0.42884812238589665 0.7864455424489818 1.0 0.47153015887525224 0.7867487359897478
what 0.3511874695003362 0.4295985318197064 0.7865215358969062 1.0 0.4725681944058146 0.7869403202519464
s 0.3499408538239566 0.428737896607946 0.7863686047101281 1.0 0.4717683071939142 0.7856748312302513
use 0.35102955685714243 0.42705886206983273 0.7828366047767807 1.0 0.47189434978513595 0.7821105157759384
a 0.3498312885967206 0.4282123197885467 0.786026659169643 1.0 0.471348715833472 0.7856720987182807
thought 0.3499207929438577 0.4301325618054704 0.7866477628908608 1.0 0.47169173760259747 0.7862609467757871
without 0.3563073077886111 0.4314180863072883 0.7872170425217047 1.0 0.47377958245166735 0.7827729104663287
conversation 0.3517212953461368 0.43237602259837593 0.7898001690985901 1.0 0.471993256238664 0.7895967125965475
so 0.35038913481344247 0.42949899282791953 0.7868325371717213 1.0 0.47149952627052216 0.7867772734176042
considering 0.35976389113178114 0.4371533031115014 0.7947313734913661 1.0 0.47442406232866047 0.7951030140282033
own 0.3516614670926811 0.4313446326591862 0.7855788846288789 1.0 0.4687950052205083 0.7888229550190855
mind 0.35530747759672665 0.4342484816074054 0.7928790291509291 1.0 0.47152277444497714 0.7926546441922757
as 0.3513882086180276 0.4299845888616421 0.7879207728787957 1.0 0.47308791847154613 0.7879084388938711
well 0.3504008249469876 0.43150448884984594 0.7866056211889829 1.0 0.4717574786417971 0.7878143893272189
could 0.3511771527069881 0.4299062999691395 0.7860167061422509 1.0 0.47237205354229994 0.7845490832251655
for 0.35002319782182445 0.42833101371995175 0.7870003244545714 1.0 0.47163278210973886 0.7853933304884115
hot 0.3496608794510808 0.42911741154905486 0.7865385314164355 1.0 0.4729564956413199 0.7853861392233576
day 0.35447103067686914 0.43395419755549586 0.7920988919086625 1.0 0.476613165902721 0.7907337317816078
made 0.3529429408975051 0.43092566875866767 0.7895699750238414 1.0 0.4731205512217444 0.7876025873538195
feel 0.3541525601600102 0.4346926108345073 0.788522363641581 1.0 0.4748367800763102 0.7890642627135147
sleepy 0.349836739004047 0.4299825042439505 0.7850656103454619 1.0 0.4733757336698615 0.7854628254372541
stupid 0.3541525601600102 0.4346926108345073 0.788522363641581 1.0 0.4748367800763102 0.7890642627135147
whether 0.3528626059314458 0.4309982023373962 0.789888072963282 1.0 0.4717557205251653 0.789261843188315
pleasure 0.35880325648653455 0.4353202942184964 0.7950704254403729 1.0 0.47561478935461166 0.7958008028861776
making 0.35880325648653455 0.4353202942184964 0.7950704254403729 1.0 0.47561478935461166 0.7958008028861776
daisy 0.35035516467776096 0.4348224754181817 0.792750624759113 1.0 0.46750484297820455 0.7940633117385016
chain 0.35035516467776096 0.4348224754181817 0.792750624759113 1.0 0.46750484297820455 0.7940633117385016
would 0.3473830649121912 0.4283455817493167 0.7879129573990156 1.0 0.47151728963350137 0.785447373029684
be 0.34943828203667215 0.42736506525065515 0.7848470568115851 1.0 0.4713778997686019 0.7853337842477839
worth 0.35035516467776096 0.4348224754181817 0.792750624759113 1.0 0.46750484297820455 0.7940633117385016
trouble 0.3503556723555846 0.42869655970207277 0.7911796354301469 1.0 0.46998420159217663 0.7901908309395105
getting 0.34882096850634364 0.42824574575750773 0.7855867449674476 1.0 0.47043703145515464 0.7859735016013347
up 0.3493613378849188 0.42818068932567555 0.7857126966545627 1.0 0.4718042541539512 0.7851167162585888
picking 0.3503556723555846 0.42869655970207277 0.7911796354301469 1.0 0.46998420159217663 0.7901908309395105
daisies 0.3503556723555846 0.42869655970207277 0.7911796354301469 1.0 0.46998420159217663 0.7901908309395105
when 0.3510857995254592 0.4295654426330632 0.7869678124112881 1.0 0.47106526411157623 0.7868938427080647
suddenly 0.3512267207808106 0.4307556884187558 0.7877957127216259 1.0 0.47254339611198637 0.7875111202249123
white 0.35198260890759564 0.4311285085315078 0.7888411862845756 1.0 0.47097212721854614 0.7875334396516472
rabbit 0.3521983520100889 0.4322315040240119 0.7900972541742001 1.0 0.4720621292796872 0.7897793831375142
with 0.3514066414647637 0.4301731115465703 0.7875512614423948 1.0 0.4715902545030933 0.7866440576260983
pink 0.35133310203511225 0.430338338217816 0.790668340962382 1.0 0.4710684619210781 0.7853436331612134
eyes 0.34883235944576474 0.4291612616089204 0.7858464493191969 1.0 0.469703474609293 0.7842051818390445
ran 0.3557680830361996 0.43173091773772565 0.7937102986337778 1.0 0.47437613246124494 0.7895724108643895
close 0.35408278044890135 0.42955224101613687 0.7883080928665073 1.0 0.4713510228466163 0.7846366415114588
there 0.3502885352143144 0.42846848347032446 0.7874761987223658 1.0 0.4716532779311569 0.7874319077340236
remarkable 0.35481660080535365 0.43374890244584513 0.7946705266769767 1.0 0.4717223844536982 0.7897182036359934
that 0.34988922457666116 0.4296717738983927 0.7869176357659267 1.0 0.47103655331704314 0.7863951397562369
nor 0.35481660080535365 0.43374890244584513 0.7946705266769767 1.0 0.4717223844536982 0.7897182036359934
did 0.34882964757521623 0.42905392087049815 0.7876092829803097 1.0 0.47158155225241694 0.7862453427359013
think 0.3480309084572221 0.4278149143831739 0.78488250423745 1.0 0.47124739155314727 0.7867594596498023
much 0.3483462139207533 0.4293898745641989 0.7865665273472265 1.0 0.47026982500335107 0.7875416491058156
out 0.34918461612080925 0.4299530741088245 0.7870837792237311 1.0 0.47139227710111387 0.7857723523033072
way 0.34978950243397094 0.4294503296572665 0.7878901893572742 1.0 0.47213579419137397 0.7872933117409399
hear 0.3539214421321878 0.43160777190711513 0.790976783429404 1.0 0.47555928466975594 0.7911299539416683
say 0.351409575948418 0.43058700877782763 0.7909749698177879 1.0 0.47425962491001106 0.7884939112327917
itself 0.35194092977949165 0.4334954651934869 0.7918767381946439 1.0 0.47523463277314476 0.7914739678443272
oh 0.3559940375995409 0.4333547691793018 0.7910013487390242 1.0 0.4762706165149902 0.7895241301480225
dear 0.35847666757026514 0.43501504072485614 0.7934060573190714 1.0 0.4755790252828662 0.7932511385486267
i 0.3502161409307204 0.42796207174411227 0.7863755117978144 1.0 0.4721813846685213 0.7854710257675861
shall 0.3499301410655606 0.43014584020691915 0.7910122631055578 1.0 0.4730851952181522 0.7890848066714009
late 0.3510761079930141 0.4308121983125198 0.7887453576143234 1.0 0.47221628728102194 0.7875607671677507
over 0.35264057027210877 0.43249363114356215 0.7903540163489632 1.0 0.4736798179863602 0.7887464829214296
afterwards 0.352138835196235 0.4356968890386816 0.7896609454658265 1.0 0.47194526779631457 0.7911849507873382
occurred 0.352138835196235 0.4356968890386816 0.7896609454658265 1.0 0.47194526779631457 0.7911849507873382
ought 0.34691650417004166 0.4300330552822099 0.7893334532267152 1.0 0.4713500550760223 0.7907372693653797
have 0.3479417024133069 0.4293764972434231 0.7892700007383452 1.0 0.4727796177921955 0.7891627016632274
wondered 0.34691650417004166 0.4300330552822099 0.7893334532267152 1.0 0.4713500550760223 0.7907372693653797
at 0.350941199134279 0.4312893439390611 0.7890596685089419 1.0 0.4712356992746841 0.7878158622340556
this 0.35019561377314745 0.4278659662644878 0.7865198436302959 1.0 0.4710634397433226 0.7857328730370493
time 0.35021955826169 0.4303992257521117 0.7866928708693823 1.0 0.47143298769758246 0.7877826173039715
all 0.34960002104158705 0.42868742322471654 0.7879955311640022 1.0 0.47194680032381714 0.7876125227072507
seemed 0.34955398081590083 0.43019637877359296 0.7882377151713809 1.0 0.4718000523595753 0.7873722373702527
quite 0.353771564686943 0.4350512796329432 0.7927181689970393 1.0 0.4690061128787385 0.7900442033312114
natural 0.3502709276619863 0.4318266840404528 0.7919359859126877 1.0 0.4688328484935822 0.7913632258525641
actually 0.3560491955178388 0.43430243323426065 0.7949968396604102 1.0 0.4709741590871535 0.7914326224978468
took 0.3522689246646089 0.43202657162769764 0.7907376028370261 1.0 0.471199779193625 0.7896793954238872
watch 0.3487228432678957 0.43055261924645977 0.7904843840071709 1.0 0.47084487809948916 0.7898775087052609
its 0.34890260706251636 0.4303571277532214 0.7902266366379762 1.0 0.4717104226869891 0.7892973467219004
waistcoat 0.3487228432678957 0.43055261924645977 0.7904843840071709 1.0 0.47084487809948916 0.7898775087052609
pocket 0.3503134921461045 0.43002012857032523 0.7892967080812935 1.0 0.4719134280198567 0.7884294145881224
looked 0.35159365093514383 0.4297895395694354 0.7867817333153254 1.0 0.4724873342824338 0.7855841709359024
then 0.3508243544986012 0.42947948614392245 0.7858107065095615 1.0 0.47189279789327876 0.7849440751901583
hurried 0.3532190705880034 0.4289521057195104 0.7868856318980813 1.0 0.47262198981431486 0.7819297001566826
started 0.35834409576269255 0.4346875381421095 0.7945159059839948 1.0 0.4781676783988744 0.791882588082481
feet 0.3540223288843643 0.4309608522721611 0.7892798249665707 1.0 0.47548363690639445 0.7871159631455589
flashed 0.3528183457994597 0.43282371917435797 0.793365520579386 1.0 0.4696483241508284 0.7923274954682147
across 0.3539425642060119 0.4354226299778378 0.7932670514641443 1.0 0.4721060005195268 0.7933473142044186
she'd 0.3528183457994597 0.43282371917435797 0.793365520579386 1.0 0.4696483241508284 0.7923274954682147
never 0.35448197969175294 0.4337858613287421 0.7928982712808729 1.0 0.47313114559002506 0.7917734358524197
before 0.34920374774212737 0.4301813733958867 0.7855985416039062 1.0 0.4716447735513299 0.7871313363488354
seen 0.353252094919128 0.4297506841824545 0.7858481590104146 1.0 0.47087585770022383 0.7871070930414568
either 0.3500917826281826 0.4300376390409484 0.7873822321790219 1.0 0.4708752537817123 0.7874105705867552
take 0.347767251212439 0.43296648884355615 0.790680313135203 1.0 0.469086133575108 0.7891371782136043
burning 0.347767251212439 0.43296648884355615 0.790680313135203 1.0 0.469086133575108 0.7891371782136043
curiosity 0.35348739758306214 0.43137412632554545 0.7932400113520586 1.0 0.47581064233280745 0.7908072756305119
field 0.35506628072265894 0.4380203805378196 0.7931686263089149 1.0 0.4745625796966542 0.7943666776583339
after 0.3527663938131587 0.4300650473892519 0.7886123362223838 1.0 0.47263681442425615 0.789517014190426
fortunately 0.3512047799743734 0.43571348089956874 0.7906804419417379 1.0 0.471212411609184 0.7935077477452362
just 0.3497116721904518 0.4314884994559723 0.7894544748298498 1.0 0.4723852609951223 0.7903103064140002
see 0.35048563147332973 0.42907012745170264 0.7869514008853653 1.0 0.4712923317036847 0.78623394735874
pop 0.3522165186323345 0.43365446386142165 0.7864024778538762 1.0 0.4712449756527382 0.792379345269941
down 0.35014849971928225 0.4299574127471348 0.7871575310950799 1.0 0.47225080527513674 0.7882243579523757
large 0.35033287116510414 0.4292465357975099 0.787597517367667 1.0 0.47242186930896657 0.7858468830607558
hole 0.34689144983010545 0.42759187839195545 0.7859114393879238 1.0 0.47193981441383953 0.789722951449004
under 0.3505870197266286 0.4277410080067688 0.7848196740404959 1.0 0.4695959669205216 0.7869497161318206
hedge 0.34997861533011354 0.4261367342721864 0.7812842947500442 1.0 0.47083699809664886 0.7898634258722361
another 0.35118462454563903 0.43080692793632397 0.7889935521686273 1.0 0.47366163345704837 0.7899058287842283
moment 0.3510868674406693 0.42934978350180175 0.7837047919544895 1.0 0.47265576689559013 0.7886374658481932
went 0.35052852356950115 0.4292236290252631 0.7866150072647582 1.0 0.472207572883285 0.786779162760718
how 0.351302987438581 0.42907312962384403 0.7879636606932477 1.0 0.4735674985375053 0.7858769401047176
world 0.3584079353289631 0.43765635591038043 0.8005971316494175 1.0 0.4745329941841663 0.8002691290699182
again 0.3504189623842864 0.4322691743527011 0.7904142423725427 1.0 0.4730157545047557 0.7887518796192734
straight 0.34360792666475204 0.42935817165261553 0.7931919823207773 1.0 0.4720027507239733 0.7910946398322126
like 0.3488411058751994 0.42699230561562573 0.7859274193059852 1.0 0.4719667371920392 0.784185152019715
tunnel 0.34360792666475204 0.42935817165261553 0.7931919823207773 1.0 0.4720027507239733 0.7910946398322126
some 0.3474125698859021 0.43136601141430897 0.7864170934595436 1.0 0.47112083931602566 0.7876758733737657
dipped 0.3474125698859021 0.43136601141430897 0.7864170934595436 1.0 0.47112083931602566 0.7876758733737657
not 0.34875685291994674 0.42871583402903857 0.786307406028499 1.0 0.47120935741642783 0.7858447956897949
about 0.34847396887933435 0.42930529574048837 0.7867714504999608 1.0 0.471234577216307 0.7854636726876426
stopping 0.34436968118259137 0.4245898699234807 0.7775903374252866 1.0 0.4718542016676792 0.7838449027225546
herself 0.35030350405692334 0.42722667712844065 0.7828817101280711 1.0 0.47075440931882717 0.7836838012344006
found 0.3467224928295965 0.42723485543500533 0.7840340853797274 1.0 0.4702653266038378 0.7836527673414192
falling 0.3484668166418474 0.42778163197865887 0.7804477544805135 1.0 0.47172416961389285 0.7845464310325077
deep 0.3503347078658131 0.43021020237698643 0.7823048886391732 1.0 0.47071709050747085 0.7871537362218246
fell 0.3497893864350622 0.4292699230487473 0.7873952405995046 1.0 0.47235207415939406 0.7870481540859493
slowly 0.34235485111085107 0.42732782317510826 0.7822208461909542 1.0 0.4721411879577017 0.7878331439814257
plenty 0.3465735903847488 0.4285073067451569 0.7852343346628914 1.0 0.47070350673036104 0.7876552440578651
look 0.3510048728817642 0.42918551541355576 0.7831912236740091 1.0 0.4722145693126642 0.7851299381607795
wonder 0.350828026123002 0.428732021225507 0.7873995152518524 1.0 0.47345345087490215 0.785946829815239
going 0.35091802067795796 0.42765695665689674 0.7850451620886166 1.0 0.47098752191084325 0.7838637718418283
happen 0.3514969826589244 0.43332777664246197 0.7927611621777921 1.0 0.4744018458834648 0.7910431260523495
next 0.3514969826589244 0.43332777664246197 0.7927611621777921 1.0 0.4744018458834648 0.7910431260523495
first 0.34791394111519086 0.4255826864448528 0.7830784018619472 1.0 0.47158387812793434 0.7849844987938935
tried 0.34575905505948334 0.4261943001140104 0.7820763538082871 1.0 0.47082151132670763 0.784782648375745
make 0.35198400396369106 0.43031553033718944 0.7844830409400532 1.0 0.4691576758049951 0.783277784804577
coming 0.3503988205670892 0.4327570848920638 0.781546152682408 1.0 0.4702365759971451 0.7823726339433639
too 0.34723006948336543 0.42505395966044524 0.783433432309195 1.0 0.4713043191746387 0.7815365168706306
dark 0.3472188228858938 0.4272040580556087 0.7834173847235789 1.0 0.4711579276428499 0.7819352959733764
anything 0.348018367827402 0.42906975400891295 0.7870160997671195 1.0 0.472111339863387 0.786031215082767
sides 0.35258129268827043 0.43331955713742115 0.7898801173074632 1.0 0.47194485549888343 0.7875550118960223
noticed 0.350794909396977 0.43017572774150353 0.7851440273542464 1.0 0.4718304899842536 0.7886707159573069
they 0.35172607280517854 0.42937805023991205 0.7891483545481061 1.0 0.4724414837139606 0.7881956445712641
were 0.351531835942624 0.43028671567897503 0.7890952642922228 1.0 0.4719357039547894 0.78838609292711
filled 0.3516259082971987 0.432434723965733 0.7854828439661902 1.0 0.46990567127856414 0.7898136238360314
cupboards 0.352574108635674 0.4320265737042949 0.7874838908615996 1.0 0.47277888981475313 0.7879081486654056
shelves 0.35208904105701183 0.4303649889239011 0.7878006368391499 1.0 0.4708877620454311 0.7887972937077647
here 0.3491174270721073 0.4293121998868689 0.7860520563416123 1.0 0.472350140853064 0.7881260091190352
saw 0.3472655424599045 0.4307339563397935 0.7873885745907399 1.0 0.4732585905714841 0.7895953011782897
maps 0.34693702847509983 0.4300206644892719 0.7850437689349907 1.0 0.4740889844276504 0.7921385785264824
hung 0.3494358691652169 0.432008185191745 0.7834781883439702 1.0 0.46937789345247255 0.792628743074952
upon 0.34973209922805065 0.42987433631842964 0.7853645202575619 1.0 0.471875416432089 0.7864398910714425
pegs 0.3494358691652169 0.432008185191745 0.7834781883439702 1.0 0.46937789345247255 0.792628743074952
jar 0.3490002800029898 0.4311905655848489 0.7892442924467965 1.0 0.47095361004473885 0.7861615625919859
from 0.3512292070592095 0.43057788511932155 0.7884508175901194 1.0 0.47138925060060444 0.788234083039214
one 0.3510675175673911 0.42928971362844 0.7874477780726263 1.0 0.47176609764348576 0.7857965895024984
passed 0.3528831271366882 0.4333526628612463 0.790997388197277 1.0 0.469990063374341 0.7882575530902471
labled 0.3476672530978988 0.428810880493903 0.7905360059418503 1.0 0.4721897313860189 0.7875064199554709
orange 0.3476672530978988 0.428810880493903 0.7905360059418503 1.0 0.4721897313860189 0.7875064199554709
marmalade 0.3476672530978988 0.428810880493903 0.7905360059418503 1.0 0.4721897313860189 0.7875064199554709
great 0.350564397297138 0.4320145906064871 0.793269120589495 1.0 0.47332116042251543 0.7878295224456006
disappointment 0.3505983550202735 0.43240154609883974 0.7951788270020408 1.0 0.4733064714978985 0.7892765659740912
empty 0.347671951276964 0.4313176585479627 0.7944408103309394 1.0 0.4716587721235777 0.7875373891069787
drop 0.3494955456236886 0.4326221010722725 0.7919947443000479 1.0 0.4704822009284511 0.7843866636806488
fear 0.3494955456236886 0.4326221010722725 0.7919947443000479 1.0 0.4704822009284511 0.7843866636806488
killing 0.3494955456236886 0.4326221010722725 0.7919947443000479 1.0 0.4704822009284511 0.7843866636806488
somebody 0.34677180597275536 0.4303201249900638 0.7877127878838496 1.0 0.4734373677064958 0.7848139450525836
managed 0.34677180597275536 0.4303201249900638 0.7877127878838496 1.0 0.4734373677064958 0.7848139450525836
put 0.3478437643004728 0.4310129467901146 0.7886452796954714 1.0 0.4733049583518665 0.7871372051896268
past 0.3535209689685269 0.4316190002446391 0.7894821098587457 1.0 0.4756480478915258 0.7860053663301844
such 0.3524368916446833 0.42681290029375446 0.7869372751584998 1.0 0.46965295962980574 0.7858603463211609
fall 0.3489956066140083 0.4291240265482777 0.7901244553005937 1.0 0.473802019938172 0.7884620695358805
tumbling 0.34338919023119996 0.42472155452411336 0.7797149040353635 1.0 0.46831134056265283 0.7870906768729314
stairs 0.34338919023119996 0.42472155452411336 0.7797149040353635 1.0 0.46831134056265283 0.7870906768729314
brave 0.3463357038267639 0.4215781424077688 0.782853479056785 1.0 0.4701974466388316 0.7846551620415628
ll 0.3521386424685002 0.4296524193778887 0.7889755407032626 1.0 0.47191198759393693 0.7875840811674757
me 0.34971343130856997 0.42785680424194084 0.7867939414561437 1.0 0.47089475187810215 0.7851748622208419
home 0.34718034422527544 0.4286227868922481 0.7891256785585112 1.0 0.47045438175586596 0.7905056639237393
why 0.34773123802589334 0.4271840299628202 0.7893782956363513 1.0 0.4708564456851875 0.7903735111613747
n't 0.3463726615050822 0.4276007171202362 0.7873077607337791 1.0 0.471244382949336 0.7861808717541335
even 0.3468274241921966 0.4277508575107562 0.7882517097221414 1.0 0.47152447870108277 0.7869575993100099
if 0.3493239296289351 0.42758129793693966 0.7872460708529033 1.0 0.4712591200222593 0.7858512294466452
off 0.35039199102469754 0.42962977978986633 0.7908676583204308 1.0 0.47237220985510386 0.7879197619523765
top 0.35152543719198653 0.42968144866706376 0.7924001172237325 1.0 0.47202907353680046 0.7904690603747695
house 0.35152543719198653 0.42968144866706376 0.7924001172237325 1.0 0.47202907353680046 0.7904690603747695
which 0.34915232675699664 0.4308096055729999 0.7883005188380677 1.0 0.47018214612935755 0.7864837172724223
likely 0.3523760546732425 0.43349826577240563 0.7931007261438252 1.0 0.4729442441750634 0.7905757976355493
true 0.3523760546732425 0.43349826577240563 0.7931007261438252 1.0 0.4729442441750634 0.7905757976355493
come 0.3504191413341084 0.4298259023909338 0.7877723732441021 1.0 0.4733811890606237 0.7880402847820325
an 0.35233171557370563 0.42970735816205635 0.790754934458927 1.0 0.4756154386255577 0.7867675840874514
end 0.3466358674396285 0.42419495512169836 0.7811858859271736 1.0 0.4718240561578972 0.7780399760033758
many 0.35251233902455403 0.4290419089980741 0.7880018707068626 1.0 0.4741406728861034 0.783618351180398
miles 0.3488028040757002 0.42722157472265065 0.7831706669762528 1.0 0.4738697692897179 0.7825259929156894
ve 0.3533708624985858 0.4316268877208415 0.78857466240259 1.0 0.4742300257520474 0.786108278304373
fallen 0.3537722458100387 0.4295418609066862 0.7871135965189313 1.0 0.4763484452196928 0.7842249341792082
said 0.34874100796071816 0.42760469080663976 0.7844251832514372 1.0 0.47054321249049724 0.7833377747305128
aloud 0.3487602627436393 0.43050289105497463 0.7883731806583674 1.0 0.471248394831848 0.7860945125908266
must 0.3443392768867264 0.42348684123879826 0.77856897473909 1.0 0.46987510051977205 0.7850722886050319
somewhere 0.34765122562059364 0.4297166046216057 0.7867622243595492 1.0 0.4719372658807115 0.785817879274758
near 0.3456444597398203 0.42705638546585706 0.7810306826407387 1.0 0.47035109014853377 0.7834288487524118
centre 0.3456444597398203 0.42705638546585706 0.7810306826407387 1.0 0.47035109014853377 0.7834288487524118
earth 0.3477270762189197 0.4284682696700355 0.7869970603071517 1.0 0.4723118841160796 0.7852924014246195
let 0.34520704129946383 0.42502021666187406 0.78039236566564 1.0 0.4699626825506421 0.7824938509055065
four 0.34382936545124204 0.42489942234731637 0.7792245661606277 1.0 0.47138909977658733 0.7808256852046068
thousand 0.34382936545124204 0.42489942234731637 0.7792245661606277 1.0 0.47138909977658733 0.7808256852046068
you 0.3494038160992569 0.4280153852642575 0.7862808126056426 1.0 0.47197916619848385 0.7856603381872994
learnt 0.3501469979075651 0.42324728089922437 0.78579026679029 1.0 0.47042388259911 0.7859563453427354
several 0.34794383073486207 0.4286036275546186 0.7884290061418059 1.0 0.46952282798575706 0.7855076964270103
things 0.34947045693362294 0.427426798674328 0.7873433100022177 1.0 0.47027333400500354 0.7837462007700882
sort 0.34909737152064907 0.4266957543160745 0.7843479925418836 1.0 0.4708378930829351 0.7828299682923263
lessons 0.3475186529304742 0.42581843998306307 0.7878332094084564 1.0 0.46899143267519605 0.7862627487998659
schoolroom 0.35070271436926637 0.4303212226850393 0.7900409212533254 1.0 0.470864862547177 0.7847594105874951
though 0.347572492207248 0.42847074205748475 0.787524898555852 1.0 0.4701014981492008 0.7837432211359256
good 0.35581884444406614 0.4311488472042845 0.7933967596804129 1.0 0.4729732592813387 0.7889401612919136
opportunity 0.3533639713341329 0.4283779114781435 0.7933766934494664 1.0 0.4734865046813167 0.7888310268307425
showing 0.3531648695413531 0.4338795731596992 0.7961772717179942 1.0 0.4749105007758899 0.7878076383543317
knowledge 0.3531648695413531 0.4338795731596992 0.7961772717179942 1.0 0.4749105007758899 0.7878076383543317
listen 0.3525254078527127 0.43281295215806104 0.7921746195994307 1.0 0.4725921529435749 0.7833465049615422
still 0.3512475376602601 0.43069114776916556 0.788396970397398 1.0 0.4719853695179472 0.7875875298035279
practice 0.3590471343405016 0.4344174281943297 0.7936415269202712 1.0 0.47477529928661005 0.7889694504910783
yes 0.3481715220972738 0.4322825862260957 0.7881636419300875 1.0 0.47093644898597237 0.7871248573773085
right 0.34949297374918303 0.4292023901071172 0.7873342712050219 1.0 0.4720154606361273 0.7861070014535406
distance 0.3481715220972738 0.4322825862260957 0.7881636419300875 1.0 0.47093644898597237 0.7871248573773085
latitude 0.35143863328222014 0.4336582971658219 0.7914552609228968 1.0 0.4727237590641937 0.7909522962204236
longitude 0.35372322592490546 0.4337847284932999 0.7918951903094102 1.0 0.4728418703465717 0.7894855096561936
got 0.35031289086590256 0.4296199035774097 0.7858398101801374 1.0 0.47103619899421223 0.7859591314321416
idea 0.35276293267735737 0.4348547104312042 0.7935363777492489 1.0 0.47365551338067624 0.7925133552664217
nice 0.35273853955807905 0.4307675364173399 0.7910658393546348 1.0 0.4738325487912345 0.7875292285319713
grand 0.35457598704567617 0.434005443798902 0.79610130637615 1.0 0.47686995606028176 0.7917813744793235
words 0.3500349007879156 0.43090663834991255 0.7904209972847381 1.0 0.4720410958884321 0.785702308678012
presently 0.3493917340659359 0.4324601996585328 0.7912170079369402 1.0 0.47313949341937367 0.7894926934531181
began 0.34849456951496466 0.4300525874079457 0.7874694527277555 1.0 0.4722211465093019 0.7874870275292783
through 0.3484084071033961 0.4286389251822414 0.7852180939144286 1.0 0.4718608755406471 0.7844725688577997
funny 0.35563868097064294 0.4351932214044673 0.7925888639071258 1.0 0.47318689715870943 0.7898824149587472
seem 0.35563868097064294 0.4351932214044673 0.7925888639071258 1.0 0.47318689715870943 0.7898824149587472
among 0.35192324478027026 0.43454885424172396 0.7927335143033407 1.0 0.472135791264176 0.7901460687412961
people 0.3499613968101342 0.42890237975927703 0.7880048256430536 1.0 0.4710917710349139 0.7857064907374848
walk 0.3540785112887627 0.43456014199231235 0.792575009672355 1.0 0.4742325154295236 0.792411061552394
their 0.3524937039151116 0.4322841471225245 0.791289273302094 1.0 0.4722022832627145 0.7889659122653744
heads 0.35253949282862895 0.4318576559426955 0.7892617683849769 1.0 0.4731332599883219 0.7951838600314453
downward 0.35253949282862895 0.4318576559426955 0.7892617683849769 1.0 0.4731332599883219 0.7951838600314453
antipathies 0.35253949282862895 0.4318576559426955 0.7892617683849769 1.0 0.4731332599883219 0.7951838600314453
rather 0.35065905408009335 0.42640781009557904 0.783480549346848 1.0 0.4715671406309394 0.7836958018980738
glad 0.34818328525726994 0.42501025257381425 0.7805984292268626 1.0 0.4688993676954617 0.7859954263811366
listening 0.3505565926514316 0.42762838366396977 0.7830495487226099 1.0 0.47379944991418593 0.787417377876695
sound 0.3465592498002355 0.4251221824699586 0.7830336028901301 1.0 0.4734937264317727 0.7840741524911279
word 0.3465592498002355 0.4251221824699586 0.7830336028901301 1.0 0.4734937264317727 0.7840741524911279
ask 0.35212079171044786 0.4310115417614838 0.7932413579665422 1.0 0.47458052776660464 0.7899984719474001
them 0.3494929578589439 0.42922880705648836 0.7888423586349329 1.0 0.4712853604243495 0.7871748423796279
name 0.35112021992383774 0.43112050363635396 0.7892014061064357 1.0 0.4738240516994161 0.7916145656645575
country 0.35112021992383774 0.43112050363635396 0.7892014061064357 1.0 0.4738240516994161 0.7916145656645575
is 0.34990709480042 0.42786834481004044 0.7853175410905654 1.0 0.471947976084612 0.7861259224687266
know 0.3506267295562496 0.4264907617077348 0.7868154620287671 1.0 0.47378935337276507 0.783461628698974
please 0.3486667786506642 0.4276878894168559 0.7828231781593283 1.0 0.47195488811364417 0.7890673637224843
ma'am 0.3486667786506642 0.4276878894168559 0.7828231781593283 1.0 0.47195488811364417 0.7890673637224843
new 0.3415054496645492 0.42621386467994704 0.7780322622311856 1.0 0.4721853009008824 0.7886927830280506
zeland 0.3415054496645492 0.42621386467994704 0.7780322622311856 1.0 0.4721853009008824 0.7886927830280506
australia 0.3415054496645492 0.42621386467994704 0.7780322622311856 1.0 0.4721853009008824 0.7886927830280506
curtsey 0.3414670403942662 0.4189032004879929 0.775107407555124 1.0 0.46823630686877693 0.7863748029941379
spoke 0.349065549686614 0.4273176058886426 0.7819746465770684 1.0 0.4734914847257589 0.7880110244671171
fancy 0.34947506914502946 0.4255336011874087 0.7823472656794263 1.0 0.47238137804491465 0.7843253423272332
curtseying 0.349065549686614 0.4273176058886426 0.7819746465770684 1.0 0.4734914847257589 0.7880110244671171
re 0.3459133618427404 0.42621651916444486 0.7813236690992799 1.0 0.4737771861925562 0.7871393321152782
air 0.34781545674830944 0.42806948804843287 0.7848514292465494 1.0 0.47236596347426557 0.7867352131123271
manage 0.35235473961594604 0.4302113339787631 0.7840981987823736 1.0 0.47236235538511 0.7873880490851219
ignorant 0.354765196747476 0.42727903613423823 0.789186306492426 1.0 0.47457162123059254 0.7845741118273093
little 0.3487184530603047 0.4271537505765305 0.7848841777686875 1.0 0.47081287948996037 0.7831116437623951
girl 0.354765196747476 0.42727903613423823 0.789186306492426 1.0 0.47457162123059254 0.7845741118273093
asking 0.35126485731029145 0.43126745787110804 0.7902965644378575 1.0 0.47118622102853486 0.7864494546070224
perhaps 0.3496660474169507 0.43238750290099215 0.7925167746498597 1.0 0.473529809120889 0.788216500267223
written 0.3496660474169507 0.43238750290099215 0.7925167746498597 1.0 0.473529809120889 0.788216500267223
else 0.35069783314516073 0.43252671383448116 0.787486640908192 1.0 0.47102413711719643 0.7887314598807795
soon 0.3513253405329682 0.42883523875379553 0.785222051052509 1.0 0.4700590786939462 0.7861588602208136
talking 0.35059711275916666 0.4324604334252532 0.789619769431563 1.0 0.4716093717601143 0.7911501097806519
dinah 0.35103826064004495 0.42752603037617787 0.7874000837754009 1.0 0.47250143192776817 0.7861553458083925
miss 0.35369832805401374 0.43120667809712004 0.7922496682262454 1.0 0.4724829850919764 0.7901609950306587
night 0.35049932788502425 0.4305888239643737 0.7930155155705628 1.0 0.4703981661812436 0.7878310568122678
should 0.35152204416861293 0.4272971042712498 0.7880519351523275 1.0 0.4705371704253961 0.7845321823466928
cat 0.3472130748370179 0.42688548394856474 0.789665992658404 1.0 0.47189436212508185 0.784885332138671
hope 0.35309676587060534 0.4292651265830285 0.7888732510658378 1.0 0.4720447717896412 0.7862772418387086
remember 0.35258554142913845 0.42740849324959795 0.787964941905694 1.0 0.4712333043591142 0.7838587333430371
saucer 0.35309676587060534 0.4292651265830285 0.7888732510658378 1.0 0.4720447717896412 0.7862772418387086
milk 0.3532781423661358 0.43186001957386166 0.7883809642257844 1.0 0.47142226848348673 0.7894642197789765
tea 0.3532781423661358 0.43186001957386166 0.7883809642257844 1.0 0.47142226848348673 0.7894642197789765
my 0.3524696539747309 0.4288002214565427 0.7866963754194201 1.0 0.47284090585286054 0.784484638238096
wish 0.3518829932111447 0.42797327126245566 0.7843102289363114 1.0 0.4734003374298563 0.784369469101617
are 0.35187158700499543 0.4247826445942808 0.7865384564164488 1.0 0.4721620528103358 0.7873397664447854
mice 0.3497230316837275 0.4299277954277628 0.7883893530459324 1.0 0.47095067495326587 0.7863299298224666
m 0.3497230316837275 0.4299277954277628 0.7883893530459324 1.0 0.47095067495326587 0.7863299298224666
afraid 0.3497230316837275 0.4299277954277628 0.7883893530459324 1.0 0.47095067495326587 0.7863299298224666
might 0.34793689538432787 0.42610850996230004 0.7847070092282487 1.0 0.47161058079627133 0.7824112650079926
catch 0.35176267928291655 0.43021748577540314 0.7921904674725264 1.0 0.47538878798244394 0.7870508231235818
bat 0.3513177757290563 0.4274142516944495 0.7888000624626501 1.0 0.47378464680074117 0.7836260168949457
mouse 0.3454638912214459 0.4297617779448678 0.7916442767714629 1.0 0.47226539026702513 0.7873405945151921
cats 0.35010504824192273 0.4293317210217492 0.7875443118830151 1.0 0.4731696069500186 0.7892538980927631
eat 0.35032615611797285 0.42905236690681753 0.7880934146350654 1.0 0.4723785414260305 0.788333955979954
bats 0.3492224651679784 0.43025917222454513 0.7893092864650052 1.0 0.4715333909720862 0.7912798466366916
saying 0.3513489294156282 0.4272938847141738 0.782273716435589 1.0 0.4721440049265907 0.7827281130566942
dreamy 0.3497526835546796 0.4266740893259531 0.7797247907802071 1.0 0.4704711321200734 0.7801150632110864
sometimes 0.35079875037442004 0.4295970399538086 0.7896428720340508 1.0 0.470357661878551 0.7871274298660339
couldn't 0.3455427786961256 0.42683271128181144 0.7852729986852729 1.0 0.4720666905473621 0.787275342808157
answer 0.3455427786961256 0.42683271128181144 0.7852729986852729 1.0 0.4720666905473621 0.787275342808157
question 0.3455427786961256 0.42683271128181144 0.7852729986852729 1.0 0.4720666905473621 0.787275342808157
matter 0.3473732406964207 0.43018607158570604 0.7881393324920587 1.0 0.4692650063579092 0.7869201127501463
felt 0.3501864900152909 0.42734065235787505 0.7858053594297605 1.0 0.47191638513531814 0.7830430829940458
dozing 0.34664681500426325 0.4314760705075775 0.7914505779584885 1.0 0.47420844081478886 0.7880680723819332
begun 0.3515804547743912 0.434834462963048 0.7899306553802831 1.0 0.47153834603446415 0.7850498135633425
dream 0.35481464693824477 0.4365820020603651 0.7920273077687464 1.0 0.4739459377545047 0.7873962644204091
walking 0.35481464693824477 0.4365820020603651 0.7920273077687464 1.0 0.4739459377545047 0.7873962644204091
hand 0.35388701553407287 0.43224765278057403 0.7884347539443758 1.0 0.4738895322449092 0.7863807165466441
earnestly 0.34526195166816037 0.4247827176363371 0.780019778190775 1.0 0.47325107852901405 0.7819795312538917
now 0.34948049750717897 0.42594212272354054 0.7833706266649947 1.0 0.47035376299858056 0.7826876631444406
tell 0.34885529679023397 0.4224263476309721 0.7830573715720115 1.0 0.4744160572609239 0.7807359243063128
truth 0.34885529679023397 0.4224263476309721 0.7830573715720115 1.0 0.4744160572609239 0.7807359243063128
ever 0.35120254940379725 0.4285654062567402 0.7877917504522252 1.0 0.4722079489048577 0.783749932587024
thump 0.3521036794814166 0.4292654185193762 0.7889730524043067 1.0 0.47523883161062697 0.7862405630822965
came 0.35026166420471855 0.4290491437862829 0.7866281040987504 1.0 0.47343036942634426 0.7849390129406391
heap 0.3471904533951379 0.4283270883077373 0.7867757456956662 1.0 0.47275268201186277 0.7855639192901489
sticks 0.3471904533951379 0.4283270883077373 0.7867757456956662 1.0 0.47275268201186277 0.7855639192901489
dry 0.3471904533951379 0.4283270883077373 0.7867757456956662 1.0 0.47275268201186277 0.7855639192901489
leaves 0.3471904533951379 0.4283270883077373 0.7867757456956662 1.0 0.47275268201186277 0.7855639192901489
bit 0.35534631917857623 0.43129662375332906 0.7888806077884449 1.0 0.47455453639149203 0.7882526748729898
hurt 0.35534631917857623 0.43129662375332906 0.7888806077884449 1.0 0.47455453639149203 0.7882526748729898
jumped 0.35534631917857623 0.43129662375332906 0.7888806077884449 1.0 0.47455453639149203 0.7882526748729898
overhead 0.3518049945165253 0.42731029977530127 0.7850013567483991 1.0 0.471801821960481 0.783141710147108
long 0.3497304669199335 0.4288565687917873 0.7851764322905558 1.0 0.47068496855906145 0.7864244700386758
passage 0.3489754923498397 0.42980008787346224 0.7856300721079293 1.0 0.47060906324304763 0.7874349187170473
sight 0.34995491590686867 0.4285448495569317 0.7845757125231082 1.0 0.4713715814663938 0.7918775124635844
hurrying 0.34995491590686867 0.4285448495569317 0.7845757125231082 1.0 0.4713715814663938 0.7918775124635844
lost 0.3553973580265631 0.4294696169179689 0.7874302941734224 1.0 0.47388457962406505 0.7903226454900618
away 0.3553973580265631 0.4294696169179689 0.7874302941734224 1.0 0.47388457962406505 0.7903226454900618
wind 0.3512914373553122 0.4272801953270261 0.7862293808350465 1.0 0.4717298778123021 0.7893630669673527
turned 0.35301128131780424 0.4283609858639079 0.7862467716388959 1.0 0.4728074666608518 0.7858382575649396
corner 0.35301128131780424 0.4283609858639079 0.7862467716388959 1.0 0.4728074666608518 0.7858382575649396
ears 0.34733125348998245 0.4266700294230686 0.7856526765630045 1.0 0.4689642742588395 0.7865914312515079
whiskers 0.3498230285070267 0.4309567620417212 0.7896413720325218 1.0 0.4713048371658654 0.7890165785517823
it's 0.3486548049921701 0.4269441935265316 0.7826238378669919 1.0 0.4695531821446934 0.7830239615739061
behind 0.3472331748914556 0.4267586972585969 0.78292245243728 1.0 0.4701296133164083 0.7831730964974094
longer 0.3548290919702902 0.43016156328722976 0.7864478316987126 1.0 0.47525356703440963 0.7855209964682599
low 0.34867869993475825 0.42856027548772924 0.7836227647886655 1.0 0.4710362563390857 0.7848772432254333
hall 0.3495319970755284 0.4285417428663681 0.7874891673074873 1.0 0.47107822535680643 0.7871654855539038
lit 0.3496938814300546 0.43259421341398474 0.7873129827567811 1.0 0.4703367991045981 0.785359248476831
row 0.3496938814300546 0.43259421341398474 0.7873129827567811 1.0 0.4703367991045981 0.785359248476831
lamps 0.3496938814300546 0.43259421341398474 0.7873129827567811 1.0 0.4703367991045981 0.785359248476831
hanging 0.3496938814300546 0.43259421341398474 0.7873129827567811 1.0 0.4703367991045981 0.785359248476831
roof 0.35461925016983725 0.43354730730215907 0.7927298054156315 1.0 0.4717059185615418 0.7906940406124541
doors 0.35224294599456124 0.4286588001868013 0.7891079878593683 1.0 0.4717506236362009 0.78769219787584
around 0.35166220351402766 0.4316183640371126 0.7895755633417479 1.0 0.4722085952250348 0.7917921197085213
locked 0.3540685440836192 0.43338109848268197 0.791112073450067 1.0 0.47354409918264734 0.7940559454844061
been 0.35040489380449863 0.4281365763523076 0.7908443536135794 1.0 0.4741112449627531 0.7927057157120182
side 0.35040489380449863 0.4281365763523076 0.7908443536135794 1.0 0.4741112449627531 0.7927057157120182
other 0.3520270060518109 0.42899865031346296 0.7883441430664841 1.0 0.47078165924089604 0.7849931731167545
trying 0.34875985199650944 0.42787866173085765 0.7833201737175456 1.0 0.4680675154486135 0.7862028703614647
every 0.3552201606002376 0.4323810294366708 0.7927149750566771 1.0 0.4718628996930893 0.7886707588734093
door 0.3496138483858043 0.42816209348512796 0.7860199782027314 1.0 0.47041436064797904 0.7860356774145012
walked 0.352353330550896 0.43069637220601276 0.7919161576071103 1.0 0.4746667829909139 0.7875393047467301
sadly 0.352353330550896 0.43069637220601276 0.7919161576071103 1.0 0.4746667829909139 0.7875393047467301
middle 0.352353330550896 0.43069637220601276 0.7919161576071103 1.0 0.4746667829909139 0.7875393047467301
wondering 0.3523441589467552 0.43091942896267255 0.7915281509706397 1.0 0.474694681180264 0.7851426163096038
three 0.348905211405982 0.43186229067217535 0.7898485697935181 1.0 0.46976761374034204 0.7890050453472539
legged 0.348905211405982 0.43186229067217535 0.7898485697935181 1.0 0.46976761374034204 0.7890050453472539
table 0.3501833973315967 0.4291721959585348 0.7853349799189729 1.0 0.47018338633395035 0.7845916547813301
solid 0.35172654432058814 0.4271376210741368 0.790623456014779 1.0 0.4713947065955792 0.7861327224473901
glass 0.35083078576515214 0.4293999679877814 0.7864531756944222 1.0 0.47043128496060166 0.7838751857943687
except 0.35046716655967863 0.4253592515100364 0.7851719664569856 1.0 0.47184909481504206 0.7817231000177038
tiny 0.35046716655967863 0.4253592515100364 0.7851719664569856 1.0 0.47184909481504206 0.7817231000177038
golden 0.3473294664716857 0.4254904307699077 0.7833074673667312 1.0 0.470988848543512 0.7831516292668608
key 0.3484476845851856 0.4269670351666196 0.7860549584570772 1.0 0.47095913252482935 0.7843813072417046
belong 0.3498760914392511 0.4237897327269058 0.785500572836185 1.0 0.47179515093649493 0.784702292278147
alas 0.3480330638119268 0.4278646716293341 0.7861211591993478 1.0 0.47060845181179173 0.7836458720287918
locks 0.349202387808778 0.4252677589576716 0.7894500504846439 1.0 0.47226049307197643 0.7818101083302498
small 0.34531693808991626 0.4272024852494204 0.7867339108126121 1.0 0.46970367351147385 0.7861866764960647
any 0.34926998324025627 0.4296685909711287 0.788278164141968 1.0 0.46968914550148033 0.7857168039961056
rate 0.3514891719799778 0.4329777194788997 0.7921747612049528 1.0 0.4710965536509192 0.7873118902039875
open 0.34857546440401005 0.42892467875404744 0.7872869428049197 1.0 0.46944410621312765 0.7883835408109259
however 0.35043885919726053 0.42674240001368 0.7854851668719345 1.0 0.4696355712116058 0.7867021906864228
second 0.34817181002217074 0.4282200866910902 0.7811661527662155 1.0 0.47091490233957656 0.7843784898578386
round 0.3471486211327082 0.4268599769385947 0.7845160163030446 1.0 0.4712075211131819 0.784623841437747
curtain 0.34523434331492875 0.42736545957037686 0.780320570739928 1.0 0.4713638479104516 0.7812006625176878
fifteen 0.3481161516335917 0.4290095482297811 0.7832641905013473 1.0 0.46993578744934794 0.7852297534170494
inches 0.352834554637097 0.4304835394345108 0.7866545728865127 1.0 0.47153684182646777 0.7851695211897831
high 0.352834554637097 0.4304835394345108 0.7866545728865127 1.0 0.47153684182646777 0.7851695211897831
lock 0.3505305542652513 0.4316289420453563 0.7913658641562987 1.0 0.47333579973570544 0.7863873662656652
delight 0.3505305542652513 0.4316289420453563 0.7913658641562987 1.0 0.47333579973570544 0.7863873662656652
fitted 0.3591627688957568 0.43122599915315757 0.7921716160486147 1.0 0.4752721722878853 0.7833750439987874
opened 0.3501109109434672 0.4295089294410871 0.7872176725726003 1.0 0.4706832726357118 0.7856677143706534
led 0.3443675853558526 0.4282469168243095 0.7855264581678981 1.0 0.46857307698642947 0.7873433449579169
larger 0.3462647666224824 0.42903098909072546 0.7832695708688747 1.0 0.46770250152622084 0.7864541528268929
than 0.3470758522540049 0.4272861741816281 0.7832739072882137 1.0 0.4729849310093618 0.7882089210965917
rat 0.3470758522540049 0.4272861741816281 0.7832739072882137 1.0 0.4729849310093618 0.7882089210965917
knelt 0.3470758522540049 0.4272861741816281 0.7832739072882137 1.0 0.4729849310093618 0.7882089210965917
along 0.34990867202810744 0.42922714714371485 0.7843759688046062 1.0 0.47236726842942384 0.7852262362532011
loveliest 0.3470985230144465 0.4311300686385673 0.7889279637070226 1.0 0.47223843235360113 0.7878506030172099
garden 0.3508318984150579 0.42950710567316325 0.7875053573121852 1.0 0.4709304086255657 0.7879759123667316
longed 0.3444864547968346 0.4290131407382348 0.7879488962137352 1.0 0.4696119386504433 0.7836358562075262
wander 0.3497784603499322 0.4345376213887937 0.7928912480515038 1.0 0.4700492644579406 0.7878920916591449
those 0.35037752407969075 0.4339677706573346 0.792460934868597 1.0 0.47064384483174954 0.7895016267973957
beds 0.3509779919224911 0.4333965842835987 0.7920296130979187 1.0 0.47123981881030497 0.7911149344379138
bright 0.3509779919224911 0.4333965842835987 0.7920296130979187 1.0 0.47123981881030497 0.7911149344379138
flowers 0.3509779919224911 0.4333965842835987 0.7920296130979187 1.0 0.47123981881030497 0.7911149344379138
cool 0.3509779919224911 0.4333965842835987 0.7920296130979187 1.0 0.47123981881030497 0.7911149344379138
fountains 0.34388303168685147 0.4297080419349895 0.7853886064469157 1.0 0.4703057719802696 0.7855751426033173
head 0.3476491529506404 0.42787261392507314 0.7869903353580763 1.0 0.4718057327196593 0.7866563805689771
doorway 0.34719014049791436 0.4277247489329164 0.7850789049390271 1.0 0.46967317994404717 0.7849716388053405
go 0.3420039468447807 0.424403693150074 0.7842298524241095 1.0 0.4716071554843018 0.7804099515320511
poor 0.34759849992395536 0.42599476882501797 0.7836576890851918 1.0 0.4704420319312873 0.7846456966035643
shoulders 0.3608883590854112 0.4304611863111402 0.7846367103696934 1.0 0.4755639762179808 0.7759564903214063
shut 0.35127397506318025 0.42672186756657626 0.7814447325405757 1.0 0.47690347194582544 0.7791094380206114
telescope 0.35003844429991443 0.4250545524315205 0.7809549475126796 1.0 0.474001315678765 0.7833207117400343
only 0.35532203453846595 0.42703863240909523 0.7874142707207334 1.0 0.4745235335248079 0.7831862796154487
begin 0.35311211575671553 0.4221422224273828 0.7848025554029674 1.0 0.4759082153339565 0.7812703637881359
happened 0.3525143870197551 0.4280571300763498 0.7872904593354189 1.0 0.4711441579199187 0.7844056880572744
lately 0.34836616195692144 0.4330976761290644 0.787846903280365 1.0 0.4691455677513377 0.782717799955521
few 0.3499254657851335 0.42764245118572575 0.7877417781594112 1.0 0.4701295003318157 0.7851406240993108
indeed 0.3499695212670204 0.42785058307251184 0.7860234891809098 1.0 0.47014156378525584 0.7834446267974833
really 0.3433279709306138 0.42726254008885345 0.7843470054644166 1.0 0.468454281782642 0.7826720352500882
impossible 0.3433279709306138 0.42726254008885345 0.7843470054644166 1.0 0.468454281782642 0.7826720352500882
waiting 0.34965203314440885 0.4256626053008424 0.7842104892527763 1.0 0.47120565707040624 0.7813054600245185
back 0.3525921991025644 0.4286209767740972 0.7859085752547672 1.0 0.4720113443951222 0.7824830978146987
half 0.35415070659465725 0.4307017897278774 0.7880825429291941 1.0 0.47295107333274317 0.7821013637922147
hoping 0.35415070659465725 0.4307017897278774 0.7880825429291941 1.0 0.47295107333274317 0.7821013637922147
find 0.34940091465636863 0.4275796621944319 0.789718529471365 1.0 0.4727007724406357 0.7874934822213921
rules 0.35142141361651597 0.43303905647294744 0.7915649084321181 1.0 0.4706184596071103 0.786240486906777
shutting 0.3442774990114614 0.4244276841671193 0.7829100535546916 1.0 0.4700081905079006 0.7847208694844396
telescopes 0.34551647051499096 0.42892219499818635 0.7896894112228677 1.0 0.47061512726402127 0.7827330437430937
bottle 0.35044618952516965 0.42858491614857813 0.7882344403232623 1.0 0.47117161968504584 0.7850845322717801
certainly 0.3444557736770002 0.4312493855504983 0.7874018452294851 1.0 0.470257200071694 0.7821021535512737
neck 0.3461292199321667 0.42550490210457215 0.7878534791569343 1.0 0.4714990566568009 0.7848682847635973
paper 0.3461292199321667 0.42550490210457215 0.7878534791569343 1.0 0.4714990566568009 0.7848682847635973
label 0.34611950910223177 0.42937577981746616 0.7892659150045699 1.0 0.47153769695662495 0.7810797840074426
drink 0.3461479734368029 0.42799565844634163 0.7867735201220587 1.0 0.4707113077476988 0.783492978751586
beautifully 0.3498576686639372 0.4292299834938483 0.7857922586242424 1.0 0.4717866551714183 0.7833008202695187
printed 0.347324107666986 0.4312317624347576 0.7851757629165664 1.0 0.4706721469705568 0.779923209543277
letters 0.3495877353477601 0.4288438007106648 0.7869284342480397 1.0 0.47376008799001296 0.7833797028944817
wise 0.34697263127281835 0.4248399731575003 0.7794520991328435 1.0 0.4701826966915668 0.7802711661053029
hurry 0.34798928603532503 0.424802513628281 0.7776200945896476 1.0 0.46957113502124787 0.7843584453460564
marked 0.34865473075793874 0.42765513406430705 0.7850004724280937 1.0 0.4693800025599836 0.7856498940308093
poison 0.34863264598110094 0.42679802415515833 0.7849120787341107 1.0 0.4688372566937476 0.7851664461961253
read 0.3531270069252154 0.43455995116560714 0.7927439275112784 1.0 0.475471571400094 0.7872307734202206
histories 0.3483711740676041 0.4314030007271053 0.7890278374049595 1.0 0.4700569298148625 0.784748798398748
children 0.34736139495539475 0.4273988650537671 0.7821751111858437 1.0 0.47003910093180357 0.7816698470571511
who 0.34736139495539475 0.4273988650537671 0.7821751111858437 1.0 0.47003910093180357 0.7816698470571511
d 0.34564485363096237 0.4247525076371683 0.7813649484040123 1.0 0.46903293243210736 0.7804170254732639
gotten 0.34736139495539475 0.4273988650537671 0.7821751111858437 1.0 0.47003910093180357 0.7816698470571511
burnt 0.34736139495539475 0.4273988650537671 0.7821751111858437 1.0 0.47003910093180357 0.7816698470571511
eaten 0.3475616472926385 0.4227420006609359 0.7792379101391781 1.0 0.473266497664563 0.7795106292351887
wild 0.3475616472926385 0.4227420006609359 0.7792379101391781 1.0 0.473266497664563 0.7795106292351887
beasts 0.3475616472926385 0.4227420006609359 0.7792379101391781 1.0 0.473266497664563 0.7795106292351887
unpleasant 0.34886436160174306 0.4256485893001901 0.7840150737006516 1.0 0.4697107498741687 0.7813507261238073
because 0.34886436160174306 0.4256485893001901 0.7840150737006516 1.0 0.4697107498741687 0.7813507261238073
simple 0.35068992512061703 0.4256606541502644 0.7905255233010379 1.0 0.47212741917091544 0.7826713164481061
friends 0.35092811819437697 0.4300357571113171 0.7900191312423228 1.0 0.4701966751724332 0.7855625481599116
taught 0.35092811819437697 0.4300357571113171 0.7900191312423228 1.0 0.4701966751724332 0.7855625481599116
red 0.3542324155728465 0.4280943316089842 0.7895589560956956 1.0 0.46989418441520625 0.7842696750852975
poker 0.34464100745831244 0.42648003589829336 0.7828644743340655 1.0 0.4711060681183568 0.7836955832415697
will 0.34464100745831244 0.42648003589829336 0.7828644743340655 1.0 0.4711060681183568 0.7836955832415697
burn 0.34464100745831244 0.42648003589829336 0.7828644743340655 1.0 0.4711060681183568 0.7836955832415697
hold 0.34464100745831244 0.42648003589829336 0.7828644743340655 1.0 0.4711060681183568 0.7836955832415697
cut 0.3444801426377953 0.42493245358542997 0.7816400970691122 1.0 0.47047551104787666 0.7810250807855502
your 0.35098019392134117 0.43112621260788464 0.7868710756261 1.0 0.4698112080029854 0.782068724194711
finger 0.35098019392134117 0.43112621260788464 0.7868710756261 1.0 0.4698112080029854 0.782068724194711
deeply 0.35098019392134117 0.43112621260788464 0.7868710756261 1.0 0.4698112080029854 0.782068724194711
knife 0.35098019392134117 0.43112621260788464 0.7868710756261 1.0 0.4698112080029854 0.782068724194711
usually 0.3495298984434876 0.4304427925191574 0.7911485205359541 1.0 0.47244641892827005 0.7883370310081337
bleeds 0.3495298984434876 0.4304427925191574 0.7911485205359541 1.0 0.47244641892827005 0.7883370310081337
forgotten 0.3471998726229662 0.42614795527741844 0.7840819766051202 1.0 0.46838306802033364 0.7840628449910122
almost 0.35805971883305837 0.43409998780191 0.7883666660802819 1.0 0.4730898003669479 0.7867019457596752
certain 0.35805971883305837 0.43409998780191 0.7883666660802819 1.0 0.4730898003669479 0.7867019457596752
disagree 0.35805971883305837 0.43409998780191 0.7883666660802819 1.0 0.4730898003669479 0.7867019457596752
sooner 0.3525520291333161 0.4311251024974983 0.7849472260419186 1.0 0.47121746749584725 0.7824182816710061
later 0.3525520291333161 0.4311251024974983 0.7849472260419186 1.0 0.47121746749584725 0.7824182816710061
ventured 0.348225379157679 0.4225068945637217 0.7811885376746844 1.0 0.4704905018502964 0.7831285182878761
taste 0.348225379157679 0.4225068945637217 0.7811885376746844 1.0 0.4704905018502964 0.7831285182878761
finding 0.3510011295846768 0.4250390483891031 0.7834396374413173 1.0 0.4704195442430612 0.7844649486907598
fact 0.3477860953841495 0.42640712334737085 0.7833291208185198 1.0 0.469873695017155 0.7784158410241487
mixed 0.3477860953841495 0.42640712334737085 0.7833291208185198 1.0 0.469873695017155 0.7784158410241487
flavor 0.3477860953841495 0.42640712334737085 0.7833291208185198 1.0 0.469873695017155 0.7784158410241487
cherry 0.3521475880352187 0.42727011656261826 0.7853782543931288 1.0 0.4711223679381678 0.7801866696146446
tart 0.3521475880352187 0.42727011656261826 0.7853782543931288 1.0 0.4711223679381678 0.7801866696146446
custard 0.34714035248698427 0.42524363977127255 0.7840254404365045 1.0 0.4688509321197662 0.7811041552068705
pine 0.34714035248698427 0.42524363977127255 0.7840254404365045 1.0 0.4688509321197662 0.7811041552068705
apple 0.34714035248698427 0.42524363977127255 0.7840254404365045 1.0 0.4688509321197662 0.7811041552068705
roast 0.34714035248698427 0.42524363977127255 0.7840254404365045 1.0 0.4688509321197662 0.7811041552068705
turkey 0.3498825292866988 0.4269363596762484 0.7846716375993875 1.0 0.4711645108926409 0.7817526349631425
toffee 0.3498825292866988 0.4269363596762484 0.7846716375993875 1.0 0.4711645108926409 0.7817526349631425
buttered 0.3498825292866988 0.4269363596762484 0.7846716375993875 1.0 0.4711645108926409 0.7817526349631425
toast 0.3564155105430936 0.42841486445142934 0.7873611344923779 1.0 0.47114791867008887 0.7833956075759916
finished 0.35155789215515265 0.42554142124108574 0.7826939343252693 1.0 0.46957074388242726 0.7858418788770704
curious 0.3452956175685016 0.4231720912197368 0.7761804489383184 1.0 0.46973856265315106 0.7844698563186123
feeling 0.3458590129088075 0.4242130857864504 0.7766592657275126 1.0 0.4714470536399346 0.7887248595899949
ten 0.35754032142069014 0.4319535831856215 0.7900358755857391 1.0 0.47313360846572694 0.7851094502687194
face 0.35754032142069014 0.4319535831856215 0.7900358755857391 1.0 0.47313360846572694 0.7851094502687194
brightened 0.35253413923123156 0.4304407960022169 0.7863469250207036 1.0 0.4690244779026822 0.7857776883165604
size 0.35300274645204593 0.4274994805807337 0.7845232650247616 1.0 0.4689425542850578 0.785138054263894
lovely 0.3478002308237948 0.42624586707185186 0.7846670303772643 1.0 0.4687726705402168 0.7887611487311474
waited 0.3474854719502228 0.4222808169337463 0.7854026678505107 1.0 0.46842081979332617 0.7868681299054645
minutes 0.3496116515347407 0.42558047210528216 0.7868287397163987 1.0 0.46981030715657784 0.7858995076454777
shrink 0.34555620079385096 0.423842698813157 0.7815318217232492 1.0 0.46714085765185087 0.7799206340906925
further 0.34555620079385096 0.423842698813157 0.7815318217232492 1.0 0.46714085765185087 0.7799206340906925
nervous 0.35143097099172127 0.4230205939163593 0.7820684362904701 1.0 0.4706766182756588 0.7766784520965974
altogether 0.35096035777540235 0.425358756070902 0.783160521350726 1.0 0.47348037693211525 0.779584353211114
candle 0.35386105839159426 0.42517916782691473 0.7845978600869502 1.0 0.4724776669115581 0.781445422291147
flame 0.34988338066829094 0.4237548586585802 0.7827187856894127 1.0 0.47127454577962496 0.7806505316244244
blown 0.3475105570835519 0.4260458868921419 0.7837881950114979 1.0 0.47000989220731476 0.7811646137638615
thing 0.3519254423689533 0.42642401685496784 0.7824856009284474 1.0 0.46946897707031954 0.7844033251859559
while 0.3456559636546478 0.422062976451159 0.7806663429798347 1.0 0.4715966293044244 0.7826203694004763
more 0.3537757533531431 0.42757017443018425 0.7856898235016124 1.0 0.4703486154370441 0.7858008366454822
decided 0.3575793948991826 0.4311372560418654 0.7889140255216144 1.0 0.4717751935540302 0.7873184478092543
possibly 0.3469743705902439 0.42946648500809687 0.7872454723404542 1.0 0.47035635924930125 0.7856424690819014
reach 0.34853643999072936 0.43097524731722664 0.7872408836781472 1.0 0.4690923381891719 0.7865908312296933
plainly 0.35087704831582106 0.43313652210367976 0.7823940284531705 1.0 0.47029645591040947 0.7815705839394238
best 0.3451807911221258 0.4290550497742801 0.7801133733464183 1.0 0.46812719957542104 0.779834184326795
climb 0.3451807911221258 0.4290550497742801 0.7801133733464183 1.0 0.46812719957542104 0.779834184326795
legs 0.3473612374951964 0.4294437956153079 0.7793263829748518 1.0 0.4680003439027094 0.7848410535496089
slippery 0.34791731830469846 0.4245010635503089 0.7793138887112667 1.0 0.46946878724448404 0.784009775340887
sat 0.3498697383824785 0.42553965078837397 0.7804642150465062 1.0 0.46940833873313315 0.7861816926940395
cried 0.3511428561906101 0.42367183049765317 0.7804094796137605 1.0 0.472207478455566 0.7873466683018634
crying 0.3516650961283382 0.426319355111401 0.7832115244676086 1.0 0.4720315413495793 0.7818246543977994
sharply 0.3583210756049727 0.4289598695962287 0.7882643467366465 1.0 0.47390095156309175 0.7832331091595709
advise 0.3490647335828978 0.4275570781717513 0.7916114886712429 1.0 0.4711328389113755 0.7874140223279233
leave 0.3490647335828978 0.4275570781717513 0.7916114886712429 1.0 0.4711328389113755 0.7874140223279233
minute 0.35133698426900184 0.43027643242893626 0.7911163261657002 1.0 0.4699809499796419 0.786360177689332
generally 0.35504948632341893 0.43065658144621133 0.7931716273986109 1.0 0.4706518572703772 0.7890204299281094
gave 0.35504948632341893 0.43065658144621133 0.7931716273986109 1.0 0.4706518572703772 0.7890204299281094
advice 0.35504948632341893 0.43065658144621133 0.7931716273986109 1.0 0.4706518572703772 0.7890204299281094
seldom 0.3448307873039647 0.42736859561177043 0.7874544625171058 1.0 0.46976711534015336 0.7815040071062267
followed 0.3448307873039647 0.42736859561177043 0.7874544625171058 1.0 0.46976711534015336 0.7815040071062267
scolded 0.35017876210664195 0.4271011789968433 0.7887298440428052 1.0 0.4703965070261978 0.7809813241665287
severely 0.3540650410435722 0.433651976505853 0.7867978121443168 1.0 0.47025521468856174 0.7839329058106308
bring 0.3540650410435722 0.433651976505853 0.7867978121443168 1.0 0.47025521468856174 0.7839329058106308
tears 0.3463160109725751 0.4279768394535818 0.7809944666617652 1.0 0.4683299690943452 0.78305962601153
remembered 0.3455101152812035 0.4270025860317862 0.7787276243156539 1.0 0.4641806700202324 0.7846449265121196
box 0.34770996569213775 0.4274645495755255 0.7825549546073485 1.0 0.4669042414548322 0.7842848566382618
cheated 0.34484146594651194 0.42238671596053534 0.7816671625311312 1.0 0.4666255782165562 0.7841682182816364
game 0.3378991198258303 0.41878678633200644 0.7763680733063195 1.0 0.4654163231558025 0.7805780803177127
croquet 0.3378991198258303 0.41878678633200644 0.7763680733063195 1.0 0.4654163231558025 0.7805780803177127
playing 0.3378991198258303 0.41878678633200644 0.7763680733063195 1.0 0.4654163231558025 0.7805780803177127
against 0.3378991198258303 0.41878678633200644 0.7763680733063195 1.0 0.4654163231558025 0.7805780803177127
child 0.3405412214960795 0.419599985449491 0.7773910937483546 1.0 0.4691375951646361 0.7798275381783336
fond 0.3405412214960795 0.419599985449491 0.7773910937483546 1.0 0.4691375951646361 0.7798275381783336
pretending 0.3405412214960795 0.419599985449491 0.7773910937483546 1.0 0.4691375951646361 0.7798275381783336
two 0.35015107618066244 0.42609443566079624 0.7849011110151378 1.0 0.46977720716965243 0.7838797170140629
pretend 0.3508637080711718 0.42851344666285124 0.7882988882332096 1.0 0.47077822126990654 0.7880779593486982
hardly 0.34828295106875856 0.42574313343686987 0.7896312883847513 1.0 0.47125910752967276 0.7902411618726995
enough 0.34828295106875856 0.42574313343686987 0.7896312883847513 1.0 0.47125910752967276 0.7902411618726995
respectable 0.3535676223627774 0.4278763862458741 0.7874170297080644 1.0 0.46807984077421605 0.7841820420412089
person 0.3535676223627774 0.4278763862458741 0.7874170297080644 1.0 0.46807984077421605 0.7841820420412089
eye 0.35171723034469954 0.4284410481126212 0.7854838654764502 1.0 0.4695860815695383 0.7839206261895424
lying 0.3498925742267619 0.42792289236476194 0.7863522872432211 1.0 0.46960646621896596 0.7839276089018535
cake 0.34944446808456536 0.4293647913355817 0.7859465616105021 1.0 0.4677596669931562 0.7842940771774418
currants 0.34872077006553437 0.4302181187550388 0.7852647928869023 1.0 0.4710029558490227 0.7870955305656769
makes 0.35169197575156685 0.4301266243673232 0.7887669057905536 1.0 0.4682863036602763 0.7866482994375559
grow 0.352093462007682 0.4312582277508273 0.7878124766016291 1.0 0.4676662659078265 0.7873563992238991
can 0.35099098678401053 0.4308238073878066 0.7870304962245446 1.0 0.46808775131038793 0.787299006751758
smaller 0.3540970391663769 0.43003859430300595 0.7883890356542703 1.0 0.4674982407717244 0.787177876499385
creep 0.35189329809418873 0.42916582879686394 0.7868240825355792 1.0 0.4683420591517198 0.7870625349380257
