word v0 v1 v2 v3 v4 v5
alice 0.4795330959014821 0.450745254719155 0.9459943344942879 1.0 0.8458321956667254 0.8982959222641329
was 0.47935548233876024 0.45077359733646505 0.9448224581081934 1.0 0.8450287310360179 0.8968629091366142
beginning 0.4797553459607075 0.4519997898498772 0.9553337553421165 1.0 0.8516620440046669 0.9029712963550274
to 0.47867941414153475 0.44990434512210226 0.9446577431869627 1.0 0.8446654306367399 0.8971888820568696
get 0.4806431959911066 0.45105530097417035 0.9472735896282949 1.0 0.8455140769324901 0.8992541687268394
very 0.48023846222060146 0.45132817252998664 0.9463905497465167 1.0 0.8459919432402364 0.8989891485823175
tired 0.48149973348319935 0.45238844446307813 0.9496244308080726 1.0 0.8484077881473874 0.9035717518541627
of 0.47914351005009365 0.4504639545169384 0.9463894668648352 1.0 0.8457838840793144 0.8983098429259545
sitting 0.48188700284559505 0.4539741184524968 0.9538268796907119 1.0 0.8545145651449317 0.9062049351065534
by 0.4801260221720989 0.4515782839087265 0.9491436478457917 1.0 0.8478459924159015 0.899436755411766
her 0.47958907720043253 0.45069428063552547 0.9467906344775883 1.0 0.8463406281752902 0.8981701058678012
sister 0.4814680441778278 0.4541213048214142 0.9531842275715459 1.0 0.8554438074239226 0.9079452122798725
on 0.4799231229123771 0.45150091505606044 0.9467322881511041 1.0 0.8453370050732015 0.898440379621295
the 0.4795919379325434 0.45066920967216223 0.9454423452628736 1.0 0.8451174663271527 0.8977327458643998
bank 0.4806640399596847 0.4524952843656794 0.9520522679925012 1.0 0.850502317104342 0.90242825781622
and 0.4796721237045653 0.45088968250177214 0.9457937293768365 1.0 0.8450474724336005 0.8981335305974434
having 0.47906100966335174 0.4501330067233783 0.9466296278300744 1.0 0.846432142837509 0.9012787465060815
nothing 0.4792212180793813 0.45125697972807305 0.9474188496028302 1.0 0.8493563041307929 0.901245203931857
do 0.479466069038515 0.4510426930548688 0.9480770746879493 1.0 0.8462976610815808 0.8975668702230649
once 0.47824913482547543 0.45081723087280934 0.9457295206751937 1.0 0.8471379354321585 0.9027720006828819
or 0.4787169744239174 0.4505344544564251 0.9451400894077258 1.0 0.8460708261157311 0.8982609749219715
twice 0.47723002731604136 0.4513333564934249 0.9536416992301843 1.0 0.8554028633593198 0.9088460613047624
she 0.4788882521234768 0.45030779434656426 0.9440667426956493 1.0 0.8441863883779299 0.8970189866750391
peeped 0.48104818999847804 0.45426880579677914 0.9525402018027564 1.0 0.8563750359304049 0.9096892092434362
into 0.47886547451816236 0.44979085285591575 0.9428330187761913 1.0 0.8427430380543977 0.8959254281381706
book 0.4800027064623351 0.45182921528974057 0.9491934534133895 1.0 0.8494523389154652 0.9025968511441981
reading 0.48098218184208763 0.45242920372269474 0.950279324165716 1.0 0.8504743628426051 0.9049210540911118
but 0.4789613001465934 0.4501853076638364 0.945101157311712 1.0 0.8446685575241701 0.8972536611412905
it 0.4793131879169015 0.4504685756347596 0.9447855817161072 1.0 0.8442111952379607 0.8977993000477562
had 0.47966104563876344 0.45094334388905966 0.9462066854764903 1.0 0.8449306738127387 0.8974173969958449
no 0.47920786622718653 0.450364910065483 0.9454141918172617 1.0 0.8432479356087119 0.8956045677830465
pictures 0.47951544274071334 0.45059208552022767 0.9484576588488507 1.0 0.8495244437354101 0.9032927429001479
conversations 0.48025996515166336 0.4548235278942554 0.9547549383704694 1.0 0.8540565742644711 0.9093411170600988
in 0.4797780495701406 0.45095710621028373 0.9463123079868173 1.0 0.8460681926004795 0.8984709468534767
what 0.4783336981619533 0.4502168135145122 0.9440898298663754 1.0 0.8456617818214889 0.8980842176800199
s 0.48018828284339704 0.4511734070236619 0.9468175946776937 1.0 0.8457868222301178 0.8999322027169049
use 0.4800037423657045 0.45097523398438694 0.9468657554102027 1.0 0.8447378520215991 0.8997790310904433
a 0.4793979856137226 0.45097754324760914 0.944891997157066 1.0 0.8447133802572799 0.8972261086952585
thought 0.4791490482558573 0.45073922982033104 0.9455681113315035 1.0 0.8475492421681657 0.8997043798309726
without 0.4799826942128016 0.4502193356991607 0.950763526738389 1.0 0.8479771374556407 0.9002859820720482
conversation 0.47911059859733773 0.4496057980020675 0.9539740511939097 1.0 0.8535859177304617 0.9069919788332099
so 0.47961727531162573 0.45026219014829605 0.9449281120815666 1.0 0.8454720237732879 0.898443777162148
considering 0.4794572734694403 0.4521197009489059 0.9503217230701849 1.0 0.8533529190437623 0.9070167994834395
own 0.47575053046137517 0.44891745360034957 0.9444475345078398 1.0 0.8454349639704221 0.8967088290159859
mind 0.47658523818595744 0.4494125976819986 0.9454769411005561 1.0 0.848233922049977 0.8979205286650187
as 0.4792703893484268 0.45023170266204754 0.9459669977153846 1.0 0.8449508464717228 0.8969063298119023
well 0.479695102069076 0.450914312122044 0.944944252376235 1.0 0.8472327651227174 0.899346354074207
could 0.47982581031088095 0.45134825718951715 0.9452520977889822 1.0 0.8436628736780579 0.8954597156278443
for 0.47880887432198 0.4498239473076996 0.9438980654116558 1.0 0.8442119492342527 0.8971632718622801
hot 0.4803518211632821 0.45019673548330164 0.9437749288476764 1.0 0.8449671443160489 0.8969358787161246
day 0.4792092736015225 0.4509746428963344 0.9481198641191817 1.0 0.8517407093239306 0.900396092104831
made 0.48163564134422665 0.45271892280696097 0.9517956404272407 1.0 0.8505482393357379 0.9013769360954399
feel 0.479033604193116 0.4500207064102878 0.9490759301320035 1.0 0.848451891324955 0.9004311378994687
sleepy 0.48164140837299607 0.45145727794831025 0.9509372622505103 1.0 0.8501765467732971 0.901674812589931
stupid 0.479033604193116 0.4500207064102878 0.9490759301320035 1.0 0.848451891324955 0.9004311378994687
whether 0.4783653315855691 0.45007463520861696 0.9477123639172874 1.0 0.8478379418027788 0.9003461285805751
pleasure 0.47823515662590466 0.44978497096548514 0.9524902003983977 1.0 0.8553267245004398 0.9058950034443181
making 0.47823515662590466 0.44978497096548514 0.9524902003983977 1.0 0.8553267245004398 0.9058950034443181
daisy 0.4762887937070354 0.452064927961181 0.9514399316818758 1.0 0.85376545844779 0.9002526640040704
chain 0.4762887937070354 0.452064927961181 0.9514399316818758 1.0 0.85376545844779 0.9002526640040704
would 0.47957756813757335 0.4504347396295365 0.947828099223057 1.0 0.8460597510667458 0.896552223999925
be 0.4789612100555748 0.4504339941063556 0.9455014066895836 1.0 0.8450672219186411 0.8971074628449877
worth 0.4762887937070354 0.452064927961181 0.9514399316818758 1.0 0.85376545844779 0.9002526640040704
trouble 0.4799458220895694 0.45129953706824816 0.9498230797578674 1.0 0.8500698008244998 0.9029591872354157
getting 0.47824271734308793 0.44928764388518644 0.9432142094236807 1.0 0.8459711174826666 0.8961497790226047
up 0.4801415467547117 0.45110818236084965 0.946245820662269 1.0 0.8443114587270931 0.8970895315492394
picking 0.4799458220895694 0.45129953706824816 0.9498230797578674 1.0 0.8500698008244998 0.9029591872354157
daisies 0.4799458220895694 0.45129953706824816 0.9498230797578674 1.0 0.8500698008244998 0.9029591872354157
when 0.4782300901867474 0.4499941101397362 0.9454252647730329 1.0 0.8450633889185076 0.8983725999558987
suddenly 0.48041088315247066 0.45080771034758965 0.9504810574416008 1.0 0.8482282495442619 0.9002351102216374
white 0.4783374935305588 0.4492869648180288 0.9435309251770951 1.0 0.8461191424407134 0.8953452841557025
rabbit 0.47799503088308576 0.45073974616353 0.9464291730161718 1.0 0.847911838887479 0.8999962937536826
with 0.4791076446203341 0.4508594384370479 0.9447608123750718 1.0 0.8451891413549206 0.8977951970923491
pink 0.47745109058906726 0.4490259116701845 0.9456844596695266 1.0 0.8512666287098604 0.8991067939577436
eyes 0.4774235769569635 0.4489542185373171 0.9417160457679195 1.0 0.8455239242628533 0.894730805670742
ran 0.4798710906241553 0.45204945463994906 0.9477068677464824 1.0 0.8501120833404131 0.9053830181022325
close 0.47819350567956675 0.4501927880114891 0.9441981087974998 1.0 0.8464616469203118 0.8964153748126009
there 0.47968910876287746 0.45066941024964924 0.9458247945432207 1.0 0.8450347509237547 0.8963538696341347
remarkable 0.4807536301475221 0.45147098790614765 0.9522863110857713 1.0 0.8552533145407978 0.9057854012601858
that 0.4797283695293213 0.45083711700114526 0.9456519246903772 1.0 0.845259575156754 0.8980614807621345
nor 0.4807536301475221 0.45147098790614765 0.9522863110857713 1.0 0.8552533145407978 0.9057854012601858
did 0.47749784601582856 0.4492281453337957 0.9449294070641264 1.0 0.8428897761304857 0.8948120499438041
think 0.4792428723285073 0.4507321167683486 0.9469411112891776 1.0 0.8461899771452241 0.8976951938222484
much 0.4799533817443974 0.45175113592705174 0.9448594447007133 1.0 0.8438095183314416 0.8953164315077159
out 0.47883040578374725 0.45079322792065013 0.94447013049904 1.0 0.8450118136687221 0.8985628155127885
way 0.4794613573019549 0.450093466011392 0.9461518490850206 1.0 0.8449747797109152 0.8982409718684661
hear 0.4796676000452601 0.4517645026068441 0.9449379687229776 1.0 0.8454028156267761 0.8982281216151683
say 0.47907220873011036 0.449333522395336 0.9439228747293121 1.0 0.8437914731002928 0.8958256338982336
itself 0.4797137858170515 0.4516325761730528 0.9517994257919048 1.0 0.8495335999655151 0.9042123140193584
oh 0.4814399075300778 0.45151690566760516 0.9468263415603083 1.0 0.8466036477509167 0.8978101177655826
dear 0.48160044205695335 0.4516706631550332 0.9482338647333991 1.0 0.8494002917674156 0.9002732095254151
i 0.4797748299875774 0.4503492079273614 0.9452429333894214 1.0 0.8447653230533134 0.8973542635130214
shall 0.4786500254294301 0.4496727219631556 0.9462890411279685 1.0 0.8451452982088624 0.8974364902337062
late 0.4780530358216664 0.44927462249204586 0.9417313676882394 1.0 0.8448890647760219 0.8957666342995335
over 0.47837975210116984 0.45023336749061793 0.9442402796377741 1.0 0.8459242680822714 0.8977889576727708
afterwards 0.47731808935313674 0.45085690751579743 0.9462549888670843 1.0 0.851729502419149 0.9051694216483382
occurred 0.47731808935313674 0.45085690751579743 0.9462549888670843 1.0 0.851729502419149 0.9051694216483382
ought 0.47864771431362857 0.449778239422709 0.9477548334771811 1.0 0.8509607118523597 0.9031453492514441
have 0.4772875960904118 0.4477767753007403 0.9433790345995419 1.0 0.8444864713325044 0.8952439375823242
wondered 0.47864771431362857 0.449778239422709 0.9477548334771811 1.0 0.8509607118523597 0.9031453492514441
at 0.47954986877982425 0.45078442659206014 0.9455098453769919 1.0 0.8457330521491792 0.8985534724976433
this 0.47946009206248186 0.4501552493267484 0.9450259086856966 1.0 0.8448226765215865 0.8975295175312258
time 0.4785255658835886 0.45085451000980264 0.9454873147310512 1.0 0.8453880647435891 0.8969417232835772
all 0.48029494859694644 0.4506803438983428 0.9464732746571421 1.0 0.8448104567845245 0.8961104409855046
seemed 0.48003362766199553 0.4519283547325487 0.946237051776317 1.0 0.8465569879090254 0.8969968284636097
quite 0.4793639944768682 0.4487607592870545 0.9472504236190973 1.0 0.8449646616337474 0.9001864349375829
natural 0.47943591992175777 0.4479545573235227 0.9521064003827655 1.0 0.8515232985495603 0.9053941636791385
actually 0.47824558596976247 0.4501091026405263 0.9507388202498088 1.0 0.8498572956897809 0.9047928486163886
took 0.4787723840607521 0.45010287366334495 0.9475781334032134 1.0 0.8478826428596605 0.9023792074360417
watch 0.47625391223315655 0.4493002554938618 0.940668497112744 1.0 0.845058486258638 0.896278125443289
its 0.48014045606028655 0.45058052435356466 0.9476231931350622 1.0 0.849587198634348 0.9039671810545238
waistcoat 0.47625391223315655 0.4493002554938618 0.940668497112744 1.0 0.845058486258638 0.896278125443289
pocket 0.4763875249733961 0.44999426534859766 0.9413472036711983 1.0 0.8456200722161779 0.8968223434785948
looked 0.4789038012778476 0.45059770015251976 0.9450148496585925 1.0 0.8444605348129012 0.8969014008056666
then 0.47920020514464834 0.4507084992316394 0.9480658683896953 1.0 0.8506153911012756 0.9040822486855952
hurried 0.48075750575578313 0.45233721021990186 0.9520418916547022 1.0 0.8518734878310796 0.9083899229243343
started 0.48107054815204486 0.45146203582111527 0.9493832113732503 1.0 0.851821082115293 0.9033937096191302
feet 0.47882386996332044 0.44958434252703033 0.9446975832255481 1.0 0.8454010441165982 0.8949480049082966
flashed 0.4762098859168185 0.4486564816813725 0.9401500227331376 1.0 0.8453367033829826 0.8946274603735689
across 0.4769387163197531 0.4501137635337462 0.9437195397583313 1.0 0.8483578133454118 0.9010093540926705
she'd 0.4762098859168185 0.4486564816813725 0.9401500227331376 1.0 0.8453367033829826 0.8946274603735689
never 0.47950236442282795 0.4511881618733471 0.9460100277500134 1.0 0.8465059167788702 0.8990671285056075
before 0.4783275959392251 0.450623409085634 0.9434276166079314 1.0 0.8433342297834827 0.8936474661273595
seen 0.477434944060335 0.4499505883799931 0.9429414547642563 1.0 0.845004958387565 0.8958044616449103
either 0.47664699062945215 0.4483919217367551 0.9396653991559544 1.0 0.8425220069561492 0.8944183982096024
take 0.4738473738954946 0.4491185819910737 0.9370678630049051 1.0 0.8410372897749071 0.8922860974507096
burning 0.4738473738954946 0.4491185819910737 0.9370678630049051 1.0 0.8410372897749071 0.8922860974507096
curiosity 0.47861772928121155 0.4522362232549721 0.9453278682446022 1.0 0.8495733681928526 0.9057338291708013
field 0.47767442563020973 0.4515847996244941 0.9473227468949919 1.0 0.8514074373983104 0.9074514819300709
after 0.479009304723858 0.45118604369327786 0.945945213481928 1.0 0.848577508522589 0.9037464113321506
fortunately 0.47670283210333336 0.45059161903179873 0.9452714015301209 1.0 0.8488241164831604 0.9040840106259135
just 0.47681321726916737 0.45095290890688916 0.9442885169985986 1.0 0.8456235002495126 0.897111132790165
see 0.4786144327004313 0.44959577344376356 0.944170924898555 1.0 0.8444882611772447 0.8967344073570751
pop 0.4808146171213437 0.45305697054352956 0.9509035716596557 1.0 0.8510218115586408 0.9089309333245629
down 0.4798080271681468 0.4511670051141836 0.9465163399436913 1.0 0.8468637588962236 0.8985112695730688
large 0.4795564360992093 0.45139029692145566 0.946437537516467 1.0 0.8458740201143639 0.8989303819339236
hole 0.47985837800362807 0.4522925966832515 0.9494862233701495 1.0 0.8495904916134888 0.9034665846632471
under 0.48302025705640034 0.45016096857063653 0.9455534972842142 1.0 0.843462861891607 0.9031941322000235
hedge 0.48547773558038765 0.4543387158839229 0.9570184445543194 1.0 0.8555484247551537 0.9130317640324257
another 0.47941690061501846 0.4509557398069622 0.9477202353021084 1.0 0.8448282478093753 0.898340091768797
moment 0.4784730704083364 0.4497544749152452 0.9473649901913916 1.0 0.8467576148161635 0.8983634504284428
went 0.48016695187346453 0.45132317173063485 0.948224800183041 1.0 0.8476424937362914 0.9011615678615374
how 0.47936042685506786 0.4504706920641432 0.94516342339022 1.0 0.8461980068294629 0.8967346808689182
world 0.4803164741556958 0.452500289890082 0.945422252123599 1.0 0.8512627890869175 0.907300928645849
again 0.4775520957396312 0.4505708266510933 0.9449733863068405 1.0 0.8446647093284272 0.8949340562289461
straight 0.4789501560273511 0.4529057798356561 0.9511169711523276 1.0 0.8518842408058672 0.907175510004031
like 0.47939084049688657 0.4509362196892248 0.9455172368692165 1.0 0.845649615009508 0.8995526209948077
tunnel 0.4789501560273511 0.4529057798356561 0.9511169711523276 1.0 0.8518842408058672 0.907175510004031
some 0.48240541489920635 0.45088029947864044 0.953737882882844 1.0 0.8540284550713247 0.908577517303411
dipped 0.48240541489920635 0.45088029947864044 0.953737882882844 1.0 0.8540284550713247 0.908577517303411
not 0.4794293353276326 0.45065228500047877 0.9454034972984878 1.0 0.8436855199991912 0.8959235831584316
about 0.4793664126573066 0.4501268530962137 0.944305013875908 1.0 0.84511300910075 0.8967481868773843
stopping 0.4791630426053641 0.4497819933264868 0.9439874326689423 1.0 0.8470742618493526 0.8995508996665793
herself 0.47977513206061595 0.4503960144335507 0.9443138873998237 1.0 0.8452504761184271 0.8993918249537549
found 0.4803801591333379 0.45171565881960635 0.9453856078347472 1.0 0.8440409790189807 0.8973434402073974
falling 0.4819416393313522 0.4526166599651742 0.9453309453838001 1.0 0.8417251992550863 0.8961645528530183
deep 0.4790147952914239 0.4513569624551512 0.9431254409383704 1.0 0.8467502332809297 0.8985409430200179
fell 0.48041250583378864 0.45022034352736473 0.9473250272766652 1.0 0.8461807301491139 0.9011979572751525
slowly 0.47631075935999934 0.4491721262364987 0.9411264540803793 1.0 0.8458717867623147 0.8990398757210981
plenty 0.4782506331686219 0.4486220432018745 0.9450707519432415 1.0 0.8471382538386805 0.9020449939743308
look 0.47923990593437704 0.4500142694053803 0.9443301453347364 1.0 0.8433094243489515 0.8956760136563443
wonder 0.480052706840947 0.4509084724189018 0.9491207685136186 1.0 0.8478138920605949 0.8986723852969617
going 0.4782411571220437 0.44980423697505945 0.9410897663908714 1.0 0.8421541845107938 0.896680289559406
happen 0.47800190967007705 0.45048739472131605 0.9483587382607856 1.0 0.8458838320840896 0.9003234042970831
next 0.47800190967007705 0.45048739472131605 0.9483587382607856 1.0 0.8458838320840896 0.9003234042970831
first 0.4787693203679367 0.450866532995961 0.9424996963795856 1.0 0.8445186871952928 0.8970446791346789
tried 0.47900067635443094 0.4487428196186935 0.9444013252610532 1.0 0.8438432783322157 0.8983595732078535
make 0.4805202087472537 0.45172319690050383 0.9448713694221056 1.0 0.8449246737655162 0.9003112655197745
coming 0.47807900904023937 0.45115053912884195 0.9400761047894578 1.0 0.8453506693781527 0.898127306720087
too 0.47886316757420394 0.4505250007845429 0.9445294388184299 1.0 0.8454681253929844 0.8990458560900104
dark 0.4783041269806783 0.4496666698101755 0.9440539937103519 1.0 0.8435495454654268 0.8957611339972908
anything 0.47806688309935047 0.4487572126846005 0.9458317660771726 1.0 0.8482529817985975 0.9015794906555499
sides 0.47857820907658416 0.45147571154116983 0.9459488588503207 1.0 0.8454117253162773 0.8996354273232872
noticed 0.47838780620684807 0.45151711668426553 0.9471376894566437 1.0 0.8466984266250178 0.8985231172323197
they 0.47908804306297464 0.44961926381430906 0.9455842517380588 1.0 0.8453933209804635 0.8967318705501306
were 0.4796231234964811 0.4506586064902467 0.9448127790942878 1.0 0.8455032513879771 0.8966840039000294
filled 0.47709138523337796 0.4506505439052943 0.9470191267956957 1.0 0.8470784561191605 0.900068154294518
cupboards 0.4777720551946019 0.4497258338057579 0.947400972022091 1.0 0.8451363665739807 0.898413374420002
shelves 0.47647936541864694 0.4490060408214282 0.9440880968753258 1.0 0.8460115620490808 0.8963922371713747
here 0.4810706462712107 0.45190778376424806 0.9482447563239219 1.0 0.8451404715727068 0.8965850787783558
saw 0.478172187477169 0.45066671108054884 0.944873423894729 1.0 0.8452012494277766 0.897831859365358
maps 0.4765679664774543 0.4482349256098704 0.9391644293168936 1.0 0.8414462064074781 0.895200248683072
hung 0.47846178076605506 0.44974492228245794 0.9412132856137566 1.0 0.8445783324203403 0.8980318591279068
upon 0.48059154664756504 0.4514020407293 0.9450645974856487 1.0 0.8436197341987421 0.8947736767643485
pegs 0.47846178076605506 0.44974492228245794 0.9412132856137566 1.0 0.8445783324203403 0.8980318591279068
jar 0.47739098639443606 0.4484687515727744 0.9441237012913537 1.0 0.844881771545393 0.8971730269693005
from 0.4813822243076234 0.45136375583899485 0.9456660636605396 1.0 0.8457129319062464 0.8985767078138724
one 0.47980558454331274 0.4501502956237524 0.9471084926975034 1.0 0.8445448307732909 0.8974542338124359
passed 0.4769741287756263 0.4487714030507004 0.9474097151851203 1.0 0.8477338615371875 0.90078006020529
labled 0.47776314190040814 0.4479752127922214 0.9461444046075742 1.0 0.8472917987932493 0.8982849441196413
orange 0.47776314190040814 0.4479752127922214 0.9461444046075742 1.0 0.8472917987932493 0.8982849441196413
marmalade 0.47776314190040814 0.4479752127922214 0.9461444046075742 1.0 0.8472917987932493 0.8982849441196413
great 0.4771549023345782 0.44950029353629606 0.9424756102615486 1.0 0.8427290095561121 0.8939099445652748
disappointment 0.4774797843515342 0.45007554010577683 0.94299840617685 1.0 0.8455946418798386 0.8973753181653584
empty 0.4745597768618192 0.4470238609114357 0.9414381680960628 1.0 0.8434406189725994 0.8950401609205337
drop 0.4754982558540632 0.44685290097580715 0.9438241480090939 1.0 0.843858166586356 0.8943950759497117
fear 0.4754982558540632 0.44685290097580715 0.9438241480090939 1.0 0.843858166586356 0.8943950759497117
killing 0.4754982558540632 0.44685290097580715 0.9438241480090939 1.0 0.843858166586356 0.8943950759497117
somebody 0.47594297426704624 0.44925476497349104 0.9441440885908182 1.0 0.8428685864679253 0.8924315243213673
managed 0.47594297426704624 0.44925476497349104 0.9441440885908182 1.0 0.8428685864679253 0.8924315243213673
put 0.47593617485075485 0.4485808141384419 0.9455320772656126 1.0 0.8435819399230747 0.8945062905158627
past 0.4784490070464736 0.4488061748667915 0.9477807314471607 1.0 0.8432048855493943 0.8967676336582393
such 0.478811891423291 0.4501459678592761 0.9462906922712307 1.0 0.8450214312940368 0.8998208085664231
fall 0.4791146521473659 0.4498194873271116 0.9456143845898582 1.0 0.8446217002676558 0.8961396691834594
tumbling 0.4804946578491248 0.4515339557512052 0.9522376355525878 1.0 0.8521453036705827 0.9062795714087865
stairs 0.4804946578491248 0.4515339557512052 0.9522376355525878 1.0 0.8521453036705827 0.9062795714087865
brave 0.480141162514955 0.4509282063956808 0.9498256354946382 1.0 0.8512074390098875 0.9035854574468507
ll 0.4790807874653987 0.449412998232258 0.9421302889806994 1.0 0.8419587770894815 0.8942340063741182
me 0.4801726868945237 0.450231047566144 0.9446728925946537 1.0 0.8428269306110785 0.8958455291912083
home 0.47911979262583937 0.4488100352839148 0.9457805897981104 1.0 0.8459011712457402 0.899097759174397
why 0.4793712682797782 0.4489139517786627 0.945132533756738 1.0 0.8436558424090055 0.8964237995148835
n't 0.477599780730907 0.4482522414267189 0.9441073860313468 1.0 0.84149731182487 0.8939045506374782
even 0.48130042366449155 0.4508174720503248 0.9503801251643648 1.0 0.8461284067250094 0.898747034423971
if 0.4816082224074247 0.45038994858855513 0.9458878725670244 1.0 0.843918192410774 0.8992031233760958
off 0.48011579404929294 0.45117415757165313 0.9463200223261752 1.0 0.8446877463791469 0.8987512689776317
top 0.48296484990465216 0.45111918225534164 0.9505459661885308 1.0 0.8515441401470015 0.9052572785591514
house 0.48296484990465216 0.45111918225534164 0.9505459661885308 1.0 0.8515441401470015 0.9052572785591514
which 0.4816797264998703 0.4512690708331925 0.9468792852569397 1.0 0.8437298808380717 0.8970434897690779
likely 0.48125940779840687 0.45021952614752087 0.9490736648719312 1.0 0.8468964104563615 0.9006078339319653
true 0.48125940779840687 0.45021952614752087 0.9490736648719312 1.0 0.8468964104563615 0.9006078339319653
come 0.4789748908027444 0.4486585984257883 0.943328001882088 1.0 0.8428228308435819 0.8971054548654291
an 0.47969555250959695 0.45000673108380573 0.9457743676564888 1.0 0.8427068302755163 0.8924938436227295
end 0.4788332854961306 0.44951307491130943 0.9418138461771428 1.0 0.8426757405924317 0.8954631104888754
many 0.47681311192350073 0.4495114430986354 0.9438593565535083 1.0 0.8419319596087828 0.8898932240004365
miles 0.47837533208606714 0.44915715219562946 0.9444359783842762 1.0 0.8437744582226335 0.89171022993319
ve 0.4781209910887142 0.45039938205906793 0.944290151596888 1.0 0.8451222564400247 0.8934150795374098
fallen 0.47739906379547015 0.4493042759972441 0.9450413756682072 1.0 0.8437672442714889 0.8905580502900372
said 0.4797031809279677 0.449983347488404 0.9426241409854893 1.0 0.8416965429194924 0.8970073783196949
aloud 0.4784732529854736 0.449057156870585 0.9440489177483232 1.0 0.8422148138140063 0.8936866953202272
must 0.47788453768054917 0.4495893819670914 0.9391158125057758 1.0 0.8407780043045292 0.8944095127780133
somewhere 0.4794369017161932 0.45042503436163966 0.947657270806885 1.0 0.8457992784009077 0.8976909249677667
near 0.47843439680453165 0.4497344013819434 0.9455553198780764 1.0 0.8450996950213194 0.8979041447535674
centre 0.47843439680453165 0.4497344013819434 0.9455553198780764 1.0 0.8450996950213194 0.8979041447535674
earth 0.47979845740051713 0.44871715365610715 0.9453483145566081 1.0 0.8451507913675791 0.8955439573818196
let 0.4810060006364303 0.4486088719322808 0.9459012447666136 1.0 0.8462788179726949 0.8964684063526429
four 0.4793541733495488 0.44900964064655247 0.9438289855647625 1.0 0.8437816911862782 0.892865446166805
thousand 0.4793541733495488 0.44900964064655247 0.9438289855647625 1.0 0.8437816911862782 0.892865446166805
you 0.48028961475353693 0.4510090113709184 0.9463446331339141 1.0 0.844020660973071 0.8969249411709408
learnt 0.47753786886618993 0.4497139468125532 0.9459792282558124 1.0 0.8483800886905012 0.8967287092392724
several 0.4813538754801512 0.4509981104243244 0.9459425518239133 1.0 0.8457044062162252 0.8987969936116327
things 0.47998662501284 0.4513818673452719 0.9460019047079935 1.0 0.8444661702850077 0.8959204102796989
sort 0.48057571030764606 0.4504870077538557 0.946618723540706 1.0 0.845947703933704 0.8982972252750855
lessons 0.4797390600315535 0.4505635885165933 0.9458417826097624 1.0 0.8497590822832407 0.8995533128452825
schoolroom 0.4815214214844874 0.4506830344794442 0.9489129092429441 1.0 0.8474633326264492 0.9002472641114678
though 0.48137345516782815 0.451676755561426 0.9482516152397634 1.0 0.8459370600606353 0.8994757579813879
good 0.4799467765142623 0.4509654495033149 0.947013855903807 1.0 0.8463654079947214 0.8994448194535117
opportunity 0.48105397570986924 0.45174436658129896 0.9519074626422616 1.0 0.8476969637097167 0.9011695750570381
showing 0.48358604924998033 0.45309854913369313 0.9542495351832089 1.0 0.8471649431787223 0.9003204212389709
knowledge 0.48358604924998033 0.45309854913369313 0.9542495351832089 1.0 0.8471649431787223 0.9003204212389709
listen 0.48111011211172033 0.4503837585307905 0.9513916298569799 1.0 0.8456720549477615 0.8978398845102217
still 0.48046716497094133 0.45029536877408105 0.9470821965718936 1.0 0.8442813879261363 0.8940964138338213
practice 0.4790057289802368 0.4493372868365516 0.943914026526559 1.0 0.8448082744169811 0.8958366072497356
yes 0.4787166526113032 0.4510640197827908 0.9440220908967492 1.0 0.8466507635397692 0.8942664773295194
right 0.47804192178314303 0.4491729678873856 0.9412915795500459 1.0 0.8417846314225131 0.8920343771129636
distance 0.4787166526113032 0.4510640197827908 0.9440220908967492 1.0 0.8466507635397692 0.8942664773295194
latitude 0.4755246077663454 0.4496422402615312 0.9418769020428656 1.0 0.8453949207392177 0.8943578351263445
longitude 0.4774184678859936 0.4497892800747763 0.9420624697157031 1.0 0.8451107375275668 0.8957350554633037
got 0.4790543173651589 0.4513501419828276 0.9426467710660812 1.0 0.84483648519902 0.8976849835804833
idea 0.47551484104863745 0.44902058464305555 0.9415956164607483 1.0 0.8444406896135183 0.8938757737126439
nice 0.48032864977896506 0.44854654079931655 0.9435248590087428 1.0 0.8399177207013134 0.8950762248698485
grand 0.47733521202916546 0.44587056358073096 0.9418524855123654 1.0 0.8403832975108477 0.8912197367312966
words 0.48043187889149574 0.44890977403095683 0.9431340787235827 1.0 0.8412761048426544 0.893526929755656
presently 0.4772776149315018 0.4487297981644594 0.9472904932516829 1.0 0.8422744931792453 0.8958956649025188
began 0.47934227353685405 0.45109154218200725 0.9466733661950335 1.0 0.8462880370284456 0.8949239204074063
through 0.4804895047690618 0.4505126302464106 0.9443493149594308 1.0 0.8413480558433868 0.8938365138047787
funny 0.4768200597333859 0.4477191741200906 0.9425676028394955 1.0 0.8439816533550412 0.896162483713232
seem 0.4768200597333859 0.4477191741200906 0.9425676028394955 1.0 0.8439816533550412 0.896162483713232
among 0.48016207346598366 0.4496343755654252 0.9449805660659949 1.0 0.8424061329168939 0.8951202747938869
people 0.4786767198729696 0.4492010227100463 0.9453552604576098 1.0 0.8422768028642892 0.8967860509804578
walk 0.4790005624517388 0.44846372292207975 0.9421926720270823 1.0 0.8421907654110188 0.8947020435746508
their 0.4807300209532454 0.4500035973793919 0.9443246950946229 1.0 0.8427931171076616 0.8955172998464844
heads 0.4807891124734078 0.4496292669772553 0.9505227995959418 1.0 0.8464605924468624 0.9014571084625874
downward 0.4807891124734078 0.4496292669772553 0.9505227995959418 1.0 0.8464605924468624 0.9014571084625874
antipathies 0.4807891124734078 0.4496292669772553 0.9505227995959418 1.0 0.8464605924468624 0.9014571084625874
rather 0.4820802738820586 0.450587192878902 0.9477950616274163 1.0 0.8447756088629119 0.8991464071336205
glad 0.4810606812248073 0.44883301895397754 0.9464391162624984 1.0 0.8393233491636239 0.8928393353499159
listening 0.4773899961924986 0.4464639474646869 0.9419864720601044 1.0 0.8382850315115717 0.890799408011913
sound 0.47581466928731847 0.44660731129043124 0.9388440956692514 1.0 0.8361711896258451 0.8868161956871148
word 0.47581466928731847 0.44660731129043124 0.9388440956692514 1.0 0.8361711896258451 0.8868161956871148
ask 0.47655885466776965 0.4480552096885022 0.9428027935349536 1.0 0.8410580718684849 0.8912665060656586
them 0.47891793135652994 0.4502645942279233 0.9446586477328721 1.0 0.8431754429656623 0.8943080399834575
name 0.473189559091113 0.4445974787182629 0.9385652133455114 1.0 0.8369721900750755 0.8862387461117788
country 0.473189559091113 0.4445974787182629 0.9385652133455114 1.0 0.8369721900750755 0.8862387461117788
is 0.47634286207908866 0.4474966931146586 0.9393519084764542 1.0 0.8408118716156475 0.8917580617110065
know 0.47823308771326256 0.4490935070082609 0.9435966697092893 1.0 0.8427112816451527 0.8946552473990248
please 0.4760358754050739 0.44581524052833177 0.9386979720252 1.0 0.8371326340036401 0.8826362904859751
ma'am 0.4760358754050739 0.44581524052833177 0.9386979720252 1.0 0.8371326340036401 0.8826362904859751
new 0.4777585261643306 0.4476604032211765 0.9400947224245172 1.0 0.8376311234308352 0.8893631692917816
zeland 0.4777585261643306 0.4476604032211765 0.9400947224245172 1.0 0.8376311234308352 0.8893631692917816
australia 0.4777585261643306 0.4476604032211765 0.9400947224245172 1.0 0.8376311234308352 0.8893631692917816
curtsey 0.4780106645053484 0.445949891294574 0.9432894755714067 1.0 0.8417016232274538 0.8947881042037265
spoke 0.47942149690692887 0.4512932842825192 0.9469504150755229 1.0 0.8433668109903304 0.8928819279993876
fancy 0.48025495574742466 0.45087443836866253 0.9464328971193581 1.0 0.8470241470584109 0.8989240322441676
curtseying 0.47942149690692887 0.4512932842825192 0.9469504150755229 1.0 0.8433668109903304 0.8928819279993876
re 0.48417478293449423 0.45423293849131224 0.9470193546484262 1.0 0.8399397878251287 0.8944731612404997
air 0.481084955017245 0.45206270081135524 0.9495995337373191 1.0 0.8437313108602231 0.8971850119905926
manage 0.47929049334307516 0.4525809693974336 0.9455708243679053 1.0 0.8402920329404147 0.8902597650887673
ignorant 0.4788913030412277 0.4510202387752958 0.9451578660937998 1.0 0.8423725182518078 0.8912422486859112
little 0.4805557846976136 0.45104178941851714 0.9452518034392786 1.0 0.8425126145058828 0.8959734574859596
girl 0.4788913030412277 0.4510202387752958 0.9451578660937998 1.0 0.8423725182518078 0.8912422486859112
asking 0.4777455625411082 0.4497093248597728 0.9449822420941055 1.0 0.8437950969363126 0.8909562318537096
perhaps 0.48044711904328463 0.4511209804808399 0.9497753923485133 1.0 0.8465042437767225 0.8974760648512837
written 0.48044711904328463 0.4511209804808399 0.9497753923485133 1.0 0.8465042437767225 0.8974760648512837
else 0.4771757374757429 0.45076762116800195 0.9437965468305066 1.0 0.8492491348659532 0.8957508550208114
soon 0.48000929722507263 0.45121147403799844 0.9439821063332771 1.0 0.8434711832429318 0.8967649846597554
talking 0.47655352563736797 0.45166399965172416 0.9400138781989914 1.0 0.8447540006280799 0.8860737123199606
dinah 0.47798943214788575 0.45154671248752054 0.9401762777302808 1.0 0.8433560726571953 0.8906536606274488
miss 0.4786508617910994 0.45126504171145226 0.9382047959289729 1.0 0.8423308420043073 0.8858171063658478
night 0.47619530809285265 0.45020741566145 0.9393212338577012 1.0 0.8438576716243469 0.8893914209783171
should 0.4786574927270429 0.450949926369765 0.9441702632269562 1.0 0.8488438604029882 0.8990030736773632
cat 0.4777773828976316 0.45228192157775493 0.9371065400561044 1.0 0.8437790855009478 0.8896685656347127
hope 0.4782930199719174 0.45041673706740626 0.9413447344572381 1.0 0.8452374760394724 0.8897199736652682
remember 0.4791585530128683 0.449577188763372 0.943636270585205 1.0 0.8433484368293136 0.8954554626410017
saucer 0.4782930199719174 0.45041673706740626 0.9413447344572381 1.0 0.8452374760394724 0.8897199736652682
milk 0.47389098362066573 0.4502032594491322 0.9393404573926791 1.0 0.8437904303166637 0.88859155731443
tea 0.47389098362066573 0.4502032594491322 0.9393404573926791 1.0 0.8437904303166637 0.88859155731443
my 0.4790935466363989 0.45041133047596266 0.9447295338023958 1.0 0.8444836688926673 0.8958219380327429
wish 0.48021506799014474 0.4528357915568129 0.9459384150777331 1.0 0.8464091016196625 0.8960753403506885
are 0.48119447710006347 0.4520495361032243 0.9516545112969743 1.0 0.8469720561393498 0.8979882803056832
mice 0.47797355183325424 0.44987730906518736 0.9521977293803939 1.0 0.8475493088716041 0.899915798715395
m 0.47797355183325424 0.44987730906518736 0.9521977293803939 1.0 0.8475493088716041 0.899915798715395
afraid 0.47797355183325424 0.44987730906518736 0.9521977293803939 1.0 0.8475493088716041 0.899915798715395
might 0.47827516268387693 0.4506429910641278 0.9435930951863857 1.0 0.8432282029628076 0.895996296822753
catch 0.48341077113665015 0.452983608100445 0.9564934786129025 1.0 0.8491021765723428 0.9048282884452441
bat 0.48100422116424213 0.4520090416607538 0.9506609528720429 1.0 0.8464523016617002 0.8988751711657423
mouse 0.48367032771331725 0.45494360524498556 0.9551940242300829 1.0 0.8485205204684814 0.9015168318528997
cats 0.4800746607354261 0.45064033032131956 0.9498333874590177 1.0 0.8488324038512565 0.898515323020193
eat 0.48049789240734037 0.45080150768681865 0.9478360060079991 1.0 0.8465328529326523 0.8984093534264221
bats 0.47981267651525816 0.4504899858254514 0.9491181036395206 1.0 0.8471803687302419 0.8977813471900477
saying 0.4805878019712007 0.4530603401156411 0.9477030506847486 1.0 0.8473469396038105 0.8975150086751442
dreamy 0.48334608237661897 0.45484329077576163 0.954298700755614 1.0 0.8521069697271877 0.9024028569008352
sometimes 0.47765905107926665 0.44942056164480915 0.9433296606283458 1.0 0.8445608893966551 0.898394525268818
couldn't 0.47698294974707006 0.44821537124704547 0.9462373173968526 1.0 0.8439388265650302 0.8916860343107851
answer 0.47698294974707006 0.44821537124704547 0.9462373173968526 1.0 0.8439388265650302 0.8916860343107851
question 0.47698294974707006 0.44821537124704547 0.9462373173968526 1.0 0.8439388265650302 0.8916860343107851
matter 0.47708797576085565 0.4490394112737987 0.945267872767634 1.0 0.8388856337454629 0.8917956532361613
felt 0.4763521116630619 0.4490343898112449 0.940422983695609 1.0 0.8437876731898675 0.896092228307576
dozing 0.4770655475539669 0.45128568729920776 0.9446769520226378 1.0 0.8452273417090894 0.8953905497984553
begun 0.4783819771038356 0.4518833701151729 0.9436136363539871 1.0 0.8416942495082428 0.8912362667805643
dream 0.47761828840198706 0.45088914279220604 0.942485879938324 1.0 0.8422435238072842 0.8915458175664941
walking 0.47761828840198706 0.45088914279220604 0.942485879938324 1.0 0.8422435238072842 0.8915458175664941
hand 0.4777346161416799 0.4510901964643858 0.9418222031887559 1.0 0.8424337005846583 0.8921054885542071
earnestly 0.4800392121816493 0.45202255416773096 0.94333081881699 1.0 0.843458256010713 0.8925403226235956
now 0.4812057846625838 0.45192448223106296 0.9436577226575021 1.0 0.8439343972970678 0.897759814924601
tell 0.4782324144984791 0.4511742452080545 0.9415111625235303 1.0 0.8401168983984176 0.88937474214564
truth 0.4782324144984791 0.4511742452080545 0.9415111625235303 1.0 0.8401168983984176 0.88937474214564
ever 0.4793058995131136 0.4511360389450577 0.9464174288831277 1.0 0.8448155637426723 0.8961764767199467
thump 0.4763703302030482 0.448968421012403 0.9418494795381946 1.0 0.8402864831631441 0.8894098216262447
came 0.4808405327947504 0.45174094631146977 0.946800508130049 1.0 0.842955573190777 0.894259905801227
heap 0.47613367707960474 0.44879851264488774 0.9393508224558353 1.0 0.838755796663469 0.8873716815130264
sticks 0.47613367707960474 0.44879851264488774 0.9393508224558353 1.0 0.838755796663469 0.8873716815130264
dry 0.47613367707960474 0.44879851264488774 0.9393508224558353 1.0 0.838755796663469 0.8873716815130264
leaves 0.47613367707960474 0.44879851264488774 0.9393508224558353 1.0 0.838755796663469 0.8873716815130264
bit 0.47449570138087455 0.44762387469524856 0.9398555636087307 1.0 0.8404980682502803 0.8893966268176223
hurt 0.47449570138087455 0.44762387469524856 0.9398555636087307 1.0 0.8404980682502803 0.8893966268176223
jumped 0.47449570138087455 0.44762387469524856 0.9398555636087307 1.0 0.8404980682502803 0.8893966268176223
overhead 0.4793030833356162 0.44842536945449485 0.9438022994367307 1.0 0.8373895534937236 0.890202897054268
long 0.4812277940042343 0.4512313985997333 0.9452784288293253 1.0 0.8435156797774881 0.8956746060629956
passage 0.4774196460389657 0.45028502674783655 0.9424320158086192 1.0 0.8425100245445573 0.8916251308056055
sight 0.4798233343058928 0.4502068575540501 0.9427668413553546 1.0 0.8428888098795037 0.8903477989597334
hurrying 0.4798233343058928 0.4502068575540501 0.9427668413553546 1.0 0.8428888098795037 0.8903477989597334
lost 0.4795664841350868 0.45038877251317805 0.9429399612480563 1.0 0.8427626508232398 0.8924558699127454
away 0.4795664841350868 0.45038877251317805 0.9429399612480563 1.0 0.8427626508232398 0.8924558699127454
wind 0.4766715461645838 0.4509801070249776 0.9429265694403843 1.0 0.842842115773833 0.8919052617441584
turned 0.4774561152992025 0.4502153890735917 0.9382366999981363 1.0 0.8417976333430015 0.8900655081593053
corner 0.4774561152992025 0.4502153890735917 0.9382366999981363 1.0 0.8417976333430015 0.8900655081593053
ears 0.4768104396334662 0.44904106963930485 0.9399813034023865 1.0 0.8430989170176902 0.8956254841548955
whiskers 0.4754146105940083 0.4488444442018791 0.936668873246131 1.0 0.8413491443327108 0.8899483461172053
it's 0.47775390805374895 0.448203614343054 0.939220768365516 1.0 0.8421225395073376 0.8938284774671192
behind 0.4765472435059706 0.44976093661654 0.9399207591604684 1.0 0.8426402566284211 0.8885272220123129
longer 0.47803229647277684 0.45205132186541 0.9452019914311862 1.0 0.8460634610985135 0.8945004252037926
low 0.4820276746495251 0.4530031842572475 0.9464529132258394 1.0 0.8449046757443739 0.895581749615532
hall 0.47964351428262997 0.4518647044338557 0.9446641776232428 1.0 0.8450864232532884 0.8944142998427027
lit 0.4776655245889081 0.4506842711337148 0.9445796440946956 1.0 0.8453471588376952 0.8934823632370789
row 0.4776655245889081 0.4506842711337148 0.9445796440946956 1.0 0.8453471588376952 0.8934823632370789
lamps 0.4776655245889081 0.4506842711337148 0.9445796440946956 1.0 0.8453471588376952 0.8934823632370789
hanging 0.4776655245889081 0.4506842711337148 0.9445796440946956 1.0 0.8453471588376952 0.8934823632370789
roof 0.4803463418296034 0.45134829894746004 0.9454994286674581 1.0 0.8471509507920388 0.8928296699664195
doors 0.4791666519955823 0.4512050241902176 0.9433583574019143 1.0 0.8467343819904384 0.892220318715705
around 0.47850298684379644 0.45065198680410606 0.9428493186465989 1.0 0.843403033351092 0.8929157959721271
locked 0.4808121610152913 0.4502380229339652 0.9485027489765904 1.0 0.8476835247539742 0.8993071256242561
been 0.4818257338860516 0.45404916153636476 0.9500252550578692 1.0 0.8506536741876808 0.8983183367363908
side 0.4818257338860516 0.45404916153636476 0.9500252550578692 1.0 0.8506536741876808 0.8983183367363908
other 0.4826299744890183 0.4533918654007887 0.9513500604851951 1.0 0.8470753572084476 0.8989088387233878
trying 0.4790428554436629 0.4509627232737024 0.9448986493411397 1.0 0.8439575905416502 0.8974291407853214
every 0.4814946159483473 0.4544324947443311 0.951176413948786 1.0 0.8497996159216009 0.8991243761400656
door 0.478598550934701 0.45026650934256995 0.942982562309766 1.0 0.8428703988669871 0.8955329361366716
walked 0.48086517290988506 0.4521833889417543 0.9448142189522751 1.0 0.8457451913937362 0.8945014531571837
sadly 0.48086517290988506 0.4521833889417543 0.9448142189522751 1.0 0.8457451913937362 0.8945014531571837
middle 0.48086517290988506 0.4521833889417543 0.9448142189522751 1.0 0.8457451913937362 0.8945014531571837
wondering 0.48050713231043457 0.45171212625085955 0.9456516603203712 1.0 0.8425314445355455 0.8912324183365343
three 0.48735120460151926 0.4559992904739411 0.9607146680814211 1.0 0.8516682806665483 0.903449286157586
legged 0.48735120460151926 0.4559992904739411 0.9607146680814211 1.0 0.8516682806665483 0.903449286157586
table 0.48213537049313004 0.4511136512601798 0.9471599298228801 1.0 0.8440580478727229 0.9007271371941399
solid 0.48426289636881903 0.4554432892067917 0.9545417090356566 1.0 0.8526649042889161 0.9023319005783855
glass 0.48357891507887724 0.4519371105258168 0.9492192939300079 1.0 0.8450478674644937 0.9015178392382006
except 0.47792264595528045 0.45153249621557934 0.9413249451813471 1.0 0.8458734721597467 0.8946789008651256
tiny 0.47792264595528045 0.45153249621557934 0.9413249451813471 1.0 0.8458734721597467 0.8946789008651256
golden 0.4792943808970014 0.45084247069257416 0.9431574037004412 1.0 0.8414258032335601 0.8944197689458279
key 0.4807120362649007 0.45173624720255656 0.9446652514520929 1.0 0.8428029658303969 0.8972086434112304
belong 0.47798547619449266 0.45106156896047717 0.9412145891890034 1.0 0.8463172884682688 0.8916101999107863
alas 0.47768972221995276 0.45028115023609544 0.9402781720472372 1.0 0.840277184728797 0.8953050453382748
locks 0.48004479552992585 0.4527118461287295 0.9450286280142649 1.0 0.8473599084554011 0.8984669425015445
small 0.48155048046426885 0.4522426737480767 0.9464779215735412 1.0 0.8460002162654979 0.8983080848201614
any 0.4791178308544769 0.4513944396218887 0.944727434100916 1.0 0.8445078463902854 0.897512747251565
rate 0.4819407345993825 0.4512095148179478 0.9480789476094728 1.0 0.844360768636109 0.8974253255142733
open 0.4783675638797047 0.4535218637440035 0.9485413460230553 1.0 0.8481153920714943 0.8992395592013872
however 0.4820493216004865 0.45271413808126126 0.9453903701410251 1.0 0.8469145421003788 0.9011760768953776
second 0.47940499594855723 0.45281610367508907 0.9447644315935996 1.0 0.8458584679264026 0.8956721325160455
round 0.4804127045315692 0.45295584955399426 0.9459073733323916 1.0 0.8440939129606594 0.8952996830025884
curtain 0.4837516811591768 0.4538539468938556 0.9467000645096431 1.0 0.8454651358204333 0.8967681990413281
fifteen 0.4763775371778514 0.44891008958859563 0.94000292021886 1.0 0.8415602716691015 0.8889608965367726
inches 0.47934208773298254 0.45128793601193107 0.9446324612494456 1.0 0.8463288756196669 0.8970937064266851
high 0.47934208773298254 0.45128793601193107 0.9446324612494456 1.0 0.8463288756196669 0.8970937064266851
lock 0.47683142705488313 0.4489275377811458 0.9419550780495473 1.0 0.8398757854038325 0.8904595760129084
delight 0.47683142705488313 0.4489275377811458 0.9419550780495473 1.0 0.8398757854038325 0.8904595760129084
fitted 0.4777938000407811 0.4504875591575467 0.943114241859184 1.0 0.8402526370945251 0.8921660399928605
opened 0.4799157745026521 0.45001583468082423 0.9431534958410019 1.0 0.8433817844770113 0.8996049577023537
led 0.47571073447697315 0.4507727322725007 0.9445705922660159 1.0 0.8421179160404686 0.8904681954644944
larger 0.4840849472166919 0.4539689326233747 0.945840491590363 1.0 0.8445213799249597 0.9002395157503653
than 0.4752610446531526 0.4496863852150292 0.940510958801668 1.0 0.8414996755544757 0.8904510693144021
rat 0.4752610446531526 0.4496863852150292 0.940510958801668 1.0 0.8414996755544757 0.8904510693144021
knelt 0.4752610446531526 0.4496863852150292 0.940510958801668 1.0 0.8414996755544757 0.8904510693144021
along 0.47732230997077824 0.4505382499034519 0.9413416303158476 1.0 0.8444172370629689 0.8928025510894835
loveliest 0.4834667734957957 0.4534713549425618 0.9504981842113761 1.0 0.8456722973688335 0.8963873837821489
garden 0.4799359359799854 0.45078068238270913 0.9437700849878818 1.0 0.8430685482277154 0.8953735462954617
longed 0.48178017267685325 0.45359523814736136 0.9483930621492613 1.0 0.8462883510908422 0.8987394031206649
wander 0.4813251957098484 0.450806652119513 0.9477723274272115 1.0 0.8426217991771509 0.8955390861768238
those 0.4797243612280011 0.4501080588233378 0.9473209628397706 1.0 0.8428574980605759 0.8940623161413218
beds 0.4781281110165384 0.44941146607162547 0.9468708908140119 1.0 0.843092521978898 0.892589775095897
bright 0.4781281110165384 0.44941146607162547 0.9468708908140119 1.0 0.843092521978898 0.892589775095897
flowers 0.4781281110165384 0.44941146607162547 0.9468708908140119 1.0 0.843092521978898 0.892589775095897
cool 0.4781281110165384 0.44941146607162547 0.9468708908140119 1.0 0.843092521978898 0.892589775095897
fountains 0.48333025931389473 0.451118899804469 0.9463437810608648 1.0 0.8436593805606217 0.8904406225813953
head 0.4819863250570454 0.4516589421088125 0.9514273409834915 1.0 0.8444356779326565 0.8965204842553512
doorway 0.48382947710793356 0.4537423439742931 0.9531499324630944 1.0 0.8458568793179853 0.8982899266487119
go 0.47950595196115914 0.4502416630387692 0.9461245836755753 1.0 0.8421861453382534 0.8872619706031606
poor 0.4802023284898143 0.4498627765010778 0.9439962217808582 1.0 0.8410533079222972 0.8956531743338974
shoulders 0.4808428534733017 0.45082447591826386 0.9475969446658389 1.0 0.8424451244424451 0.8936717701522602
shut 0.48300852476984313 0.45395323106941216 0.9489440705004477 1.0 0.8448621312212928 0.8963403428210921
telescope 0.4819779445186031 0.4523500959517399 0.9437861104158409 1.0 0.8448336604626784 0.8970723283289277
only 0.48089188876216915 0.4513933037837459 0.9450574020605518 1.0 0.8472439020325631 0.8985708826888786
begin 0.47944327844198686 0.44911388165953253 0.9408353777345045 1.0 0.8433638955029809 0.8918716564631011
happened 0.47604492929286096 0.4493681762000995 0.9414288321522059 1.0 0.8399099503932299 0.8919502027377463
lately 0.4791419198454462 0.4528727206656927 0.9447358610252614 1.0 0.8411476694479388 0.8909282343684601
few 0.47974923838044653 0.451165498369841 0.9395207772962962 1.0 0.8419567167965322 0.895671857234802
indeed 0.4826067338887249 0.4536684593793603 0.9438696347651296 1.0 0.8446221419889268 0.8979437283996259
really 0.4816067064319208 0.45051097864497003 0.940577119244727 1.0 0.8423578097811344 0.8938354750198689
impossible 0.4816067064319208 0.45051097864497003 0.940577119244727 1.0 0.8423578097811344 0.8938354750198689
waiting 0.47834257527289176 0.4506314538664896 0.9475168283995019 1.0 0.8437103260747989 0.8949504466646684
back 0.47884561424978694 0.44925543892990316 0.9439491348666087 1.0 0.8415485444364795 0.8955939819985755
half 0.47952340802733145 0.45018282605023346 0.9462091799786317 1.0 0.8434159866571369 0.8954388996163242
hoping 0.47952340802733145 0.45018282605023346 0.9462091799786317 1.0 0.8434159866571369 0.8954388996163242
find 0.47787476324674943 0.4504473664729684 0.9444994688005013 1.0 0.83988784958181 0.8937295779373712
rules 0.48104827272837686 0.4505237272797731 0.9458802487137987 1.0 0.8421152458537801 0.8956927882942373
shutting 0.4782210333491009 0.4506035916902573 0.9408801049215559 1.0 0.8393655854170589 0.8937285103080979
telescopes 0.4791086036883919 0.4517658512295498 0.9490917673592772 1.0 0.8422725313982495 0.8965416092503925
bottle 0.4835349814135476 0.45346220597135006 0.9492971857273247 1.0 0.844711187213016 0.9009042693022209
certainly 0.4844607052481377 0.4542294045677648 0.9480208408873994 1.0 0.8441970491866985 0.896465753549743
neck 0.4814141042639991 0.4530947205412051 0.9470431595812178 1.0 0.842340405150622 0.8949295652429432
paper 0.4814141042639991 0.4530947205412051 0.9470431595812178 1.0 0.842340405150622 0.8949295652429432
label 0.47870834231479004 0.45016035726809733 0.9417361379264626 1.0 0.8391304985779917 0.8874634733567947
drink 0.4812832490086264 0.45107728112347356 0.9446403807710991 1.0 0.8412021520653155 0.8932252245596058
beautifully 0.47932948527575286 0.4503046546411693 0.9436451195118291 1.0 0.8412813240466257 0.8948229154071566
printed 0.4763619538984755 0.4483708442134157 0.9401973934706308 1.0 0.8384657770567595 0.8877399500850504
letters 0.477839326366152 0.4484502140023997 0.9434422417778338 1.0 0.8393538047248484 0.8895682398097493
wise 0.47796091085805054 0.44855708412397216 0.940310136768938 1.0 0.8387955843821141 0.8926459849864948
hurry 0.47831959290734416 0.4484487684781077 0.9418593051749812 1.0 0.8347600462665461 0.8892233606870622
marked 0.48293181033995425 0.45213517768812056 0.9454907075533114 1.0 0.8431387474517087 0.8996314725586202
poison 0.48237056138923773 0.45180193736504093 0.9453586702875679 1.0 0.8413455483827804 0.8982946250820056
read 0.4795811985057663 0.44955289743392746 0.9447319139383641 1.0 0.8419603118124732 0.8949782441782052
histories 0.48296740830494744 0.45143228719779166 0.9460432409985822 1.0 0.8416529507178729 0.8980412751110581
children 0.4819012812345738 0.4523071608878702 0.9526762616515969 1.0 0.8475733038389702 0.905416135516289
who 0.4819012812345738 0.4523071608878702 0.9526762616515969 1.0 0.8475733038389702 0.905416135516289
d 0.4818332002001715 0.4516586846914079 0.9490098787452407 1.0 0.8453664407078413 0.9041421454254651
gotten 0.4819012812345738 0.4523071608878702 0.9526762616515969 1.0 0.8475733038389702 0.905416135516289
burnt 0.4819012812345738 0.4523071608878702 0.9526762616515969 1.0 0.8475733038389702 0.905416135516289
eaten 0.48440285727110277 0.45305136401637913 0.9539127300651982 1.0 0.8491825916800723 0.9065602543486802
wild 0.48440285727110277 0.45305136401637913 0.9539127300651982 1.0 0.8491825916800723 0.9065602543486802
beasts 0.48440285727110277 0.45305136401637913 0.9539127300651982 1.0 0.8491825916800723 0.9065602543486802
unpleasant 0.48375467264004357 0.45236100699204945 0.9515220765765311 1.0 0.8443766777800205 0.8986953250840125
because 0.48375467264004357 0.45236100699204945 0.9515220765765311 1.0 0.8443766777800205 0.8986953250840125
simple 0.48086755980652346 0.44964071556014445 0.9450421752871467 1.0 0.8408837245084693 0.896605122580126
friends 0.4824594463896558 0.4515434423962189 0.9464566774005333 1.0 0.8433954572880887 0.8963325405316318
taught 0.4824594463896558 0.4515434423962189 0.9464566774005333 1.0 0.8433954572880887 0.8963325405316318
red 0.4795752157923169 0.45080993243294026 0.945643487665812 1.0 0.8409762612837158 0.8955986931410441
poker 0.48185527262255257 0.4492933966465569 0.9449216686810431 1.0 0.8430189058314553 0.8976455687008578
will 0.48185527262255257 0.4492933966465569 0.9449216686810431 1.0 0.8430189058314553 0.8976455687008578
burn 0.48185527262255257 0.4492933966465569 0.9449216686810431 1.0 0.8430189058314553 0.8976455687008578
hold 0.48185527262255257 0.4492933966465569 0.9449216686810431 1.0 0.8430189058314553 0.8976455687008578
cut 0.4841742226525679 0.4520045752723682 0.9482721693908828 1.0 0.8452222015599317 0.9010599755044982
your 0.4823624422614977 0.453732941100462 0.9500594051215536 1.0 0.8487761978509845 0.9045199140085951
finger 0.4823624422614977 0.453732941100462 0.9500594051215536 1.0 0.8487761978509845 0.9045199140085951
deeply 0.4823624422614977 0.453732941100462 0.9500594051215536 1.0 0.8487761978509845 0.9045199140085951
knife 0.4823624422614977 0.453732941100462 0.9500594051215536 1.0 0.8487761978509845 0.9045199140085951
usually 0.4849111155358867 0.45610371745381284 0.9521906386021707 1.0 0.8493847777727821 0.9043115869885905
bleeds 0.4849111155358867 0.45610371745381284 0.9521906386021707 1.0 0.8493847777727821 0.9043115869885905
forgotten 0.48406071496702385 0.45298303917595634 0.9489807280792958 1.0 0.8451994355613442 0.9034386815437616
almost 0.48301345038436666 0.4514762435074054 0.9445004362137075 1.0 0.8420008698702269 0.8994793244931332
certain 0.48301345038436666 0.4514762435074054 0.9445004362137075 1.0 0.8420008698702269 0.8994793244931332
disagree 0.48301345038436666 0.4514762435074054 0.9445004362137075 1.0 0.8420008698702269 0.8994793244931332
sooner 0.48526714977959934 0.45344440019942284 0.9474460955073273 1.0 0.8444727944716734 0.902911541865458
later 0.48526714977959934 0.45344440019942284 0.9474460955073273 1.0 0.8444727944716734 0.902911541865458
ventured 0.47947986510499746 0.4490504638627594 0.9440446917383258 1.0 0.8382971207658227 0.8965158818508172
taste 0.47947986510499746 0.4490504638627594 0.9440446917383258 1.0 0.8382971207658227 0.8965158818508172
finding 0.4776735338250544 0.4490331685659982 0.9421091552184373 1.0 0.8390032405764236 0.8956060345706518
fact 0.48146179032474035 0.44882888572164586 0.9430472997808216 1.0 0.8376424420152145 0.8936723527436837
mixed 0.48146179032474035 0.44882888572164586 0.9430472997808216 1.0 0.8376424420152145 0.8936723527436837
flavor 0.48146179032474035 0.44882888572164586 0.9430472997808216 1.0 0.8376424420152145 0.8936723527436837
cherry 0.48141259457833374 0.4498562013907846 0.9412579333262083 1.0 0.839124740205187 0.897785711567161
tart 0.48141259457833374 0.4498562013907846 0.9412579333262083 1.0 0.839124740205187 0.897785711567161
custard 0.4802547046210868 0.4497734479041747 0.9408833095864525 1.0 0.8395926052112375 0.8965386329138834
pine 0.4802547046210868 0.4497734479041747 0.9408833095864525 1.0 0.8395926052112375 0.8965386329138834
apple 0.4802547046210868 0.4497734479041747 0.9408833095864525 1.0 0.8395926052112375 0.8965386329138834
roast 0.4802547046210868 0.4497734479041747 0.9408833095864525 1.0 0.8395926052112375 0.8965386329138834
turkey 0.4799843435951653 0.45032663351136476 0.9383077330459256 1.0 0.8401802626395628 0.8927854855367814
toffee 0.4799843435951653 0.45032663351136476 0.9383077330459256 1.0 0.8401802626395628 0.8927854855367814
buttered 0.4799843435951653 0.45032663351136476 0.9383077330459256 1.0 0.8401802626395628 0.8927854855367814
toast 0.47813146075726426 0.4501628761450113 0.9400202550765708 1.0 0.8367914858717047 0.8911889152555159
finished 0.4789085706377634 0.4510684342880236 0.93834952197082 1.0 0.8370887394121365 0.8908348053864252
curious 0.4791058845157854 0.44912834586105876 0.937262149107464 1.0 0.8377817984121184 0.8933510644842418
feeling 0.47867041441255803 0.449261036968789 0.9320676017241292 1.0 0.8346031783565036 0.8891446196123073
ten 0.4823667050228655 0.45371396156654975 0.9493558044965681 1.0 0.8511940994332803 0.9053913005985184
face 0.4823667050228655 0.45371396156654975 0.9493558044965681 1.0 0.8511940994332803 0.9053913005985184
brightened 0.4824990893614087 0.45253809037813875 0.9452429114031362 1.0 0.8486471205615785 0.9020554505841895
size 0.4790706090944415 0.4502260733527028 0.9375415657016406 1.0 0.8403679033441188 0.8924963566054896
lovely 0.4777937624944172 0.45005552243965435 0.9414361701190683 1.0 0.8445054083067847 0.8959980339350118
waited 0.48003598150379007 0.4521559732999986 0.940889135135841 1.0 0.8476859720518749 0.9011136989401223
minutes 0.47925411823996955 0.449440755611482 0.9350651284590924 1.0 0.8402301746977943 0.8950774548933851
shrink 0.4742416928484509 0.4496570398259918 0.934282078515673 1.0 0.8412302682625894 0.8959777571432811
further 0.4742416928484509 0.4496570398259918 0.934282078515673 1.0 0.8412302682625894 0.8959777571432811
nervous 0.47677294854207614 0.45016271742130176 0.9339436104146798 1.0 0.8432760249614769 0.8955871052339177
altogether 0.4816634658460519 0.4510984076208751 0.9467607354770494 1.0 0.8477126457242827 0.9050523308624898
candle 0.4803168988308013 0.45056835553383123 0.9438857425008358 1.0 0.8471910869642013 0.9022613522936281
flame 0.4810981068021066 0.4504507217352085 0.9459093609957293 1.0 0.8507240139424117 0.9050363995488966
blown 0.4779324466757451 0.4505000687671494 0.9397251691162489 1.0 0.8439202729801135 0.8985450547929854
thing 0.4808874238351938 0.44915867262871384 0.9442516973552518 1.0 0.8396851993616841 0.8985544331154973
while 0.4785943296685432 0.4501951587987448 0.9434756881175821 1.0 0.8404647626598263 0.8948759254294866
more 0.475858344829835 0.449015788458208 0.9401641273989237 1.0 0.8397128229900931 0.8946917256680571
decided 0.4785604657460089 0.4488298810213483 0.9394100141998196 1.0 0.8390531520609547 0.8937453722071736
possibly 0.4768297906744165 0.4477358290335275 0.9380271149103425 1.0 0.8380306876063705 0.8890584728603455
reach 0.4826452444669692 0.4512307776460702 0.9434978798246023 1.0 0.841671731283523 0.8984221784874638
plainly 0.48110260025384466 0.44903286300039597 0.9462621035787805 1.0 0.8402271595705313 0.9003397848770541
best 0.4817965475065236 0.4494534451731416 0.947438665443878 1.0 0.8401121762774941 0.9010924281970989
climb 0.4817965475065236 0.4494534451731416 0.947438665443878 1.0 0.8401121762774941 0.9010924281970989
legs 0.48306979985186027 0.45082580289976104 0.9456101320092075 1.0 0.8420882109274953 0.9053093845288454
slippery 0.4762670139319639 0.448230737610378 0.944355872881103 1.0 0.840397793570925 0.8988341108877346
sat 0.4834577719641637 0.4496455991818436 0.9439846383331351 1.0 0.8354554278081988 0.8970568260833579
cried 0.47971967099027685 0.45083080920219787 0.9430862490638069 1.0 0.8394633509414954 0.8971939792016014
crying 0.4780837978876404 0.4476127677334801 0.9408396802484005 1.0 0.8447372044863054 0.902930666432728
sharply 0.48094188364157114 0.45006302647911145 0.9441875278524091 1.0 0.8432076237749603 0.9017761726882914
advise 0.4780650287231396 0.449294656130068 0.9438730882208203 1.0 0.8425331833223342 0.9020717576782802
leave 0.4780650287231396 0.449294656130068 0.9438730882208203 1.0 0.8425331833223342 0.9020717576782802
minute 0.48019085938294975 0.4505712231655378 0.9427132489072311 1.0 0.8447228098146918 0.9026854509280887
generally 0.4797822816920264 0.4518260071437296 0.9452162752953942 1.0 0.8465974460097581 0.9013533555415246
gave 0.4797822816920264 0.4518260071437296 0.9452162752953942 1.0 0.8465974460097581 0.9013533555415246
advice 0.4797822816920264 0.4518260071437296 0.9452162752953942 1.0 0.8465974460097581 0.9013533555415246
seldom 0.4787750219032463 0.45060977882573294 0.9427030113354518 1.0 0.8444904874481916 0.8998872362338424
followed 0.4787750219032463 0.45060977882573294 0.9427030113354518 1.0 0.8444904874481916 0.8998872362338424
scolded 0.4766656668480497 0.4490924761437084 0.9391358381886472 1.0 0.8434388628611624 0.8988743281086174
severely 0.47839802653152513 0.4481727109387521 0.9382125229125222 1.0 0.8428122901303619 0.8946088391796351
bring 0.47839802653152513 0.4481727109387521 0.9382125229125222 1.0 0.8428122901303619 0.8946088391796351
tears 0.4773962022318255 0.4488828873586806 0.937767667037661 1.0 0.8398102127763725 0.8903769102594645
remembered 0.47454911187796417 0.4476741978788203 0.9381281107946314 1.0 0.8397766048646904 0.8922314334281076
box 0.47995296076162647 0.4495227499844458 0.9425119081813951 1.0 0.8410584168528273 0.8970496463068512
cheated 0.4782183884332416 0.4492394023439579 0.9433224948599382 1.0 0.8448638826990557 0.9013519158742338
game 0.4780314286196889 0.44970185552268316 0.9450319873098437 1.0 0.8455704936336476 0.8971694208117107
croquet 0.4780314286196889 0.44970185552268316 0.9450319873098437 1.0 0.8455704936336476 0.8971694208117107
playing 0.4780314286196889 0.44970185552268316 0.9450319873098437 1.0 0.8455704936336476 0.8971694208117107
against 0.4780314286196889 0.44970185552268316 0.9450319873098437 1.0 0.8455704936336476 0.8971694208117107
child 0.4766172714782744 0.4458734406923353 0.9439588277807024 1.0 0.839785274223739 0.8976521634895382
fond 0.4766172714782744 0.4458734406923353 0.9439588277807024 1.0 0.839785274223739 0.8976521634895382
pretending 0.4766172714782744 0.4458734406923353 0.9439588277807024 1.0 0.839785274223739 0.8976521634895382
two 0.47829769092982316 0.44828589733399743 0.9450706845925637 1.0 0.8423221420261016 0.8979549089542965
pretend 0.47856815350623827 0.4483651854163775 0.9441096046942737 1.0 0.8434118185980644 0.8992310356683287
hardly 0.4796229382843931 0.44901794858433025 0.9444839768711375 1.0 0.8414087782902635 0.8937477733099223
enough 0.4796229382843931 0.44901794858433025 0.9444839768711375 1.0 0.8414087782902635 0.8937477733099223
respectable 0.48296175961774684 0.4522959370482592 0.9496673238474832 1.0 0.8444986168739514 0.9024955384791625
person 0.48296175961774684 0.4522959370482592 0.9496673238474832 1.0 0.8444986168739514 0.9024955384791625
eye 0.48395908838068186 0.45180043520981994 0.9498694279989175 1.0 0.8441498113368148 0.9037827076510819
lying 0.48538630036286323 0.4513813902937281 0.9469196295033796 1.0 0.8423472241430424 0.9018941538800394
cake 0.48527564525812555 0.4507040854401972 0.945827423170359 1.0 0.8443310856485351 0.9019434675877425
currants 0.4846255009015533 0.4531408027128509 0.9458891586693156 1.0 0.848550114963817 0.9036657000623848
makes 0.48285168902618564 0.4500521690671504 0.945784313498886 1.0 0.8421182014797456 0.9050815750565734
grow 0.48545108993149466 0.4520006170915056 0.9454271258216471 1.0 0.842095573030072 0.9060418397287624
can 0.48336547225083826 0.44979129652949157 0.9409917147908369 1.0 0.8390473629656454 0.901351083076538
smaller 0.48241904125309315 0.449270440000055 0.9418710214390144 1.0 0.8388765653057686 0.9042331693162988
creep 0.47831227354868266 0.4449158094450371 0.9331115996970898 1.0 0.8328635924477117 0.8949521213469733
