word v0 v1 v2 v3 v4 v5
alice 0.5766974794097137 0.4418636448134981 0.6720342964807188 1.0 0.5711399161376637 0.6278223083111061
was 0.5769557547575759 0.4422676985483352 0.6737425716160581 1.0 0.5711043202133971 0.6284482631042291
beginning 0.5804921276752388 0.44690285219968484 0.6750985902998968 1.0 0.5729747115860916 0.6274781085842168
to 0.5769937445682298 0.44229249320589165 0.6733996395959594 1.0 0.5710205260057839 0.6288913477263832
get 0.5764296505851988 0.44159211164366896 0.6744725135805802 1.0 0.5700940988835486 0.6279417878804434
very 0.5768450390202653 0.442107921535804 0.6744731071143389 1.0 0.5713923180200534 0.6284216758777611
tired 0.576284504269405 0.44164025845818816 0.6770388365844402 1.0 0.5697915092823158 0.6282991805246676
of 0.5773366333361675 0.442423127532192 0.6739953160224136 1.0 0.5706328470453055 0.6284918780475148
sitting 0.578554205833663 0.44522557623718506 0.6777244002590603 1.0 0.571919144133475 0.6273892168536332
by 0.5785720411135563 0.4440447830962702 0.6748126768231792 1.0 0.5719548740559939 0.629460617911823
her 0.5774498488675867 0.44299586509674843 0.6741252614930234 1.0 0.5709455544433465 0.6286607854469414
sister 0.5783415459238029 0.44444838274692167 0.6771318636695312 1.0 0.5717749960595747 0.6281409327485543
on 0.5765402233044343 0.440671238956663 0.6741135953104388 1.0 0.5700351663466446 0.6276495911746071
the 0.5771854578806305 0.44228323834342514 0.6738945010152343 1.0 0.5707062608697877 0.6284209463741969
bank 0.5789426909439735 0.4451143609200891 0.6812900875268741 1.0 0.5704150793991344 0.6277990554184186
and 0.5761446979140729 0.4414976922925319 0.6732765644460604 1.0 0.5711016010292941 0.6280687127314933
having 0.5741106155356219 0.4404972292460731 0.6771393994218667 1.0 0.5694808221308058 0.6282996415793832
nothing 0.5769837631737197 0.44259948606321353 0.6752925382508888 1.0 0.5719194344984885 0.62725728918444
do 0.5759915814973744 0.4411665133594381 0.673953840210101 1.0 0.5721641051143709 0.6280184392576538
once 0.5751777300516688 0.4402884386988912 0.6747925933041258 1.0 0.5707916897399149 0.6282119747222467
or 0.5769298160890278 0.4431129049217792 0.675282099356379 1.0 0.5711531022371654 0.6284911533243183
twice 0.5769728089480448 0.44474888699671444 0.6802312206993428 1.0 0.5715887955134309 0.628203458258423
she 0.5762350891882867 0.4414027197808944 0.6737354328145518 1.0 0.5707747350308652 0.6283910705680653
peeped 0.5781287825685744 0.44367081120201224 0.6765390388490615 1.0 0.5716307778669075 0.62889301430491
into 0.5756409549038636 0.4404886686541409 0.6729317999561177 1.0 0.5694807255337135 0.6280212414229918
book 0.57715379226957 0.44327034822802625 0.6770754288008151 1.0 0.5706082996512055 0.6274694786320412
reading 0.5769451233472249 0.4443649461726075 0.6773897284004019 1.0 0.5704471754030402 0.6284654314343862
but 0.5775798097515277 0.44256583988535386 0.6740146960869585 1.0 0.5707206170852699 0.6293451164215792
it 0.5763478017159555 0.4413374485006456 0.6737623789201397 1.0 0.5708068326285618 0.6281318190265285
had 0.5765870811079501 0.4424161103027432 0.6736300028413716 1.0 0.5712708834997972 0.6288568349960614
no 0.5766363898286068 0.44215988749537743 0.6744549302956743 1.0 0.5705278629472678 0.6295351056871599
pictures 0.5773421649936162 0.44443508202054344 0.6763843838055698 1.0 0.5719986233181725 0.6278228108587302
conversations 0.5775706056887852 0.4453538517590513 0.6742781086102047 1.0 0.5703441759964746 0.6284676177195844
in 0.5762773523581444 0.4418259437796746 0.6735860188706481 1.0 0.5707970042871962 0.6287393259748061
what 0.5771235788709683 0.44354467364691375 0.6737150984580773 1.0 0.5718126567137877 0.629430234017842
s 0.5760220466285527 0.4404279499274116 0.6738044264456802 1.0 0.5706344776252125 0.62815040932339
use 0.5764005185279475 0.4415357875738813 0.6727447002596271 1.0 0.5699269203134965 0.6286129535320601
a 0.5761745376903883 0.4417157425391697 0.6733981658004513 1.0 0.5705985548196425 0.6277479245131297
thought 0.5770123089019806 0.44216619371600485 0.6731790915648311 1.0 0.5711747554966299 0.6272926247838305
without 0.5783532425614909 0.4446922177421281 0.673924398100972 1.0 0.5717848213333223 0.6282298387780897
conversation 0.5786377288893422 0.44674392698421467 0.6774911675092157 1.0 0.5717093779235979 0.6279243241284724
so 0.5765948400184758 0.44171015389759494 0.6728155980439091 1.0 0.5710525549421801 0.6279902046256469
considering 0.5766098871906157 0.4432602491970584 0.6767503711600131 1.0 0.5734276039462306 0.62820751753663
own 0.5750860577486222 0.44163291374612956 0.6765831168235523 1.0 0.5697834159146024 0.6301341323257861
mind 0.5776936645743167 0.4458651588113381 0.6759549096514024 1.0 0.5731324233413744 0.6299714252009623
as 0.5774325408362521 0.44269390904614003 0.6734726598139018 1.0 0.5717906766092515 0.6287242980905309
well 0.5768779964763447 0.443146939181246 0.6735266269731145 1.0 0.5714733973647419 0.6294319001831598
could 0.5769590185823593 0.44252617905936403 0.6741491351588483 1.0 0.5703890863783911 0.6278702377083758
for 0.5760180418414014 0.4416363691550701 0.673418915813599 1.0 0.5708414220346061 0.6283455802786846
hot 0.5753767686222794 0.4413146396956694 0.6730077915868451 1.0 0.5710622185321239 0.6262602819615987
day 0.5777190038707074 0.44400156446345945 0.6791687330052407 1.0 0.5718374513009528 0.6271713891258758
made 0.576525714076012 0.44115467052421053 0.6735696858938313 1.0 0.5728708369939786 0.6260313779113449
feel 0.5769450215276754 0.4446587917368442 0.6780220933841911 1.0 0.5715004760991579 0.6269616121030158
sleepy 0.5763140962332964 0.441713432033529 0.6746238396290414 1.0 0.5710172276255161 0.6273184973584771
stupid 0.5769450215276754 0.4446587917368442 0.6780220933841911 1.0 0.5715004760991579 0.6269616121030158
whether 0.5765509160641237 0.44320795351106695 0.6794963395596003 1.0 0.5720215183605084 0.6286254452779919
pleasure 0.5789637166529347 0.44554135968169456 0.677397194135465 1.0 0.5720351790917368 0.6287673074039545
making 0.5789637166529347 0.44554135968169456 0.677397194135465 1.0 0.5720351790917368 0.6287673074039545
daisy 0.5786867049160588 0.44477346520498134 0.6764538874633461 1.0 0.5697888347785679 0.628401498628822
chain 0.5786867049160588 0.44477346520498134 0.6764538874633461 1.0 0.5697888347785679 0.628401498628822
would 0.5775668047386034 0.44246464241885985 0.6737993497775531 1.0 0.5696273837794393 0.6285007513749297
be 0.5764655984859839 0.44161900066659776 0.6741720016495016 1.0 0.5702288768105189 0.6278600660033523
worth 0.5786867049160588 0.44477346520498134 0.6764538874633461 1.0 0.5697888347785679 0.628401498628822
trouble 0.5800599733506971 0.44425356505638314 0.6752015675239776 1.0 0.5711801842409322 0.6261108522423365
getting 0.5782085693699203 0.4433214068385532 0.6748644257409758 1.0 0.5705346736669861 0.6283960575450863
up 0.5772598700741791 0.44157229353499805 0.6730672390566772 1.0 0.5702338194622446 0.6284928379782797
picking 0.5800599733506971 0.44425356505638314 0.6752015675239776 1.0 0.5711801842409322 0.6261108522423365
daisies 0.5800599733506971 0.44425356505638314 0.6752015675239776 1.0 0.5711801842409322 0.6261108522423365
when 0.5769793367466153 0.4417868868422454 0.6725279465520948 1.0 0.5712708095286327 0.6280005058461303
suddenly 0.5764360654208298 0.4430111980461591 0.6745392738309675 1.0 0.5716723094926329 0.6264048423191811
white 0.5780205342130897 0.443937425763165 0.6762002678458153 1.0 0.5720438065743609 0.6274951301479881
rabbit 0.5778838917434618 0.4440855436551472 0.6758339426556057 1.0 0.5718138480398746 0.6274849714562032
with 0.5771152734915773 0.44311187731224316 0.6742984514121491 1.0 0.5716401735782418 0.6288600767888072
pink 0.5789114281207459 0.4451689497929307 0.6754566816384717 1.0 0.5744937342128934 0.6270740235305858
eyes 0.5771250069987421 0.44199016561886695 0.6727786426633479 1.0 0.5721464301913538 0.6288390980023701
ran 0.5782790399660911 0.447548768571896 0.6739245402232565 1.0 0.5742246092274855 0.6272003430174644
close 0.5783277650136108 0.4439167021612119 0.6738904082534722 1.0 0.5720678019244116 0.6259950659717229
there 0.5775994277801078 0.4421510315403837 0.6737909104986604 1.0 0.570468089551641 0.6295599194941753
remarkable 0.5794362243171475 0.4447799615001613 0.6757852481770678 1.0 0.5713778109001669 0.6266535846869721
that 0.5765214219503817 0.44231473987247266 0.6730743393300035 1.0 0.5711807907309063 0.628232797010187
nor 0.5794362243171475 0.4447799615001613 0.6757852481770678 1.0 0.5713778109001669 0.6266535846869721
did 0.5768575908285084 0.44234832057943385 0.6743672668588828 1.0 0.5718033881346614 0.62740250667519
think 0.5772021585421296 0.44333972126231297 0.6738603324309164 1.0 0.5717940250271619 0.6291793007314859
much 0.5774895910905506 0.4418859633580063 0.6755627552657109 1.0 0.5714912951260165 0.6269645851547765
out 0.5760206295430994 0.4427529149505656 0.6747990728155248 1.0 0.5716801303717198 0.6293022433426907
way 0.5756623278128172 0.4414177378462443 0.6738233213755405 1.0 0.5706771233544703 0.6277347378302454
hear 0.5779563427332778 0.44369930601031843 0.6749238032961017 1.0 0.5726818819448206 0.6262233511911764
say 0.5776489653283226 0.44334353920298625 0.6745417452639011 1.0 0.5710985394589054 0.6283270239533837
itself 0.5781458556085487 0.4451299286526689 0.675886049577198 1.0 0.5709126891038189 0.6252466044039396
oh 0.5774285705655884 0.44310758695285124 0.6746218174034341 1.0 0.5711725782386158 0.6273197760035846
dear 0.5776798817867758 0.4421918732490289 0.6742485397005721 1.0 0.5708614445269201 0.6284797466039069
i 0.5766360530198923 0.4421646103525743 0.673693708533603 1.0 0.5705000132636502 0.628977119385069
shall 0.5785028318929019 0.44376398665922046 0.6748392223825441 1.0 0.5719400146868642 0.6287243714432234
late 0.5781694290622266 0.44274721096445063 0.675643741086982 1.0 0.5703486373489978 0.6274383396376236
over 0.5771997371439989 0.4426513311074807 0.6734766638590017 1.0 0.5715830549400962 0.6260553674618798
afterwards 0.5767885606109258 0.4433088078970692 0.6766033722930043 1.0 0.5724791312477193 0.6247992723771162
occurred 0.5767885606109258 0.4433088078970692 0.6766033722930043 1.0 0.5724791312477193 0.6247992723771162
ought 0.5797016732276549 0.44448688631054495 0.6762310220933303 1.0 0.5728935439676205 0.6262693217502476
have 0.5800981447958486 0.4452063011058379 0.6752397244944747 1.0 0.5723144068344537 0.6276959316596966
wondered 0.5797016732276549 0.44448688631054495 0.6762310220933303 1.0 0.5728935439676205 0.6262693217502476
at 0.5766858877724843 0.4424337722291538 0.6752693655368485 1.0 0.5706961269668609 0.6286862406691405
this 0.5765209468574828 0.442278893186043 0.6727867890146895 1.0 0.5703327810279055 0.6288726653629894
time 0.5774593643712561 0.44323842528231794 0.6739405149082734 1.0 0.5712486703840217 0.6286172641816011
all 0.5771072876231425 0.4420026548640799 0.6746801870192515 1.0 0.5720847551517726 0.6296192346459198
seemed 0.5773131020524881 0.4442881491975893 0.6764026344675257 1.0 0.57122869951667 0.6307968544901982
quite 0.5781248006387872 0.4434096618825939 0.6775679690691631 1.0 0.570939207592501 0.6296374361245031
natural 0.5787509854353666 0.4465026627209439 0.6783043319062596 1.0 0.5726026790372227 0.6281230139034585
actually 0.5781025395682006 0.4456508313278283 0.67605294333468 1.0 0.5720861034231449 0.6290920408671561
took 0.576525014685351 0.44340252791139884 0.6738007271062169 1.0 0.5722181909493924 0.6275281158200071
watch 0.5776966287864312 0.44722250636614636 0.6766447433226448 1.0 0.5726521615701418 0.6294921894059297
its 0.5785544248694737 0.4465769520964021 0.6746745980866791 1.0 0.573142962588915 0.6259505373968014
waistcoat 0.5776966287864312 0.44722250636614636 0.6766447433226448 1.0 0.5726521615701418 0.6294921894059297
pocket 0.5776184844521393 0.44793821456513433 0.6770416290401253 1.0 0.5725020725773278 0.6299278035903353
looked 0.5771268256193715 0.4442751419167878 0.6726965754887272 1.0 0.5716325895626734 0.6286599343016285
then 0.5762811644073729 0.44476898569972323 0.6746016542337396 1.0 0.5720524895709728 0.6294053074621019
hurried 0.5757401626321592 0.4457152475018012 0.6765927706769286 1.0 0.570737906814859 0.6279779244620912
started 0.5767067023267457 0.4457664075444796 0.6765121904046735 1.0 0.5736585797530297 0.6284686591022144
feet 0.5767434971114423 0.4437368254819754 0.6722236348824259 1.0 0.5716534214973616 0.627213281537449
flashed 0.5778505244171447 0.4466155298261074 0.6729988283454155 1.0 0.5745209077508874 0.6307468538074583
across 0.5781602460813469 0.44584306090850817 0.6743182573340942 1.0 0.5738744045793013 0.6287366987192753
she'd 0.5778505244171447 0.4466155298261074 0.6729988283454155 1.0 0.5745209077508874 0.6307468538074583
never 0.577016924485542 0.4424854077803876 0.6760165265710975 1.0 0.5728830859716675 0.6296448836852396
before 0.5772546424471205 0.4437604058967675 0.6750656577347538 1.0 0.5714156809596956 0.6275110659676952
seen 0.5758755675287092 0.4425715204029933 0.675145892141023 1.0 0.5711197965545287 0.628361933432981
either 0.5775682971317253 0.44324089969074504 0.672981598430633 1.0 0.5706327534755493 0.6282731850447963
take 0.576498168051384 0.44708715701237545 0.672868181189681 1.0 0.5735001758607583 0.6299539502427088
burning 0.576498168051384 0.44708715701237545 0.672868181189681 1.0 0.5735001758607583 0.6299539502427088
curiosity 0.5783463026194899 0.44877576056767393 0.6729801088386292 1.0 0.5743796208685782 0.628670772112923
field 0.5784682136110826 0.445074966933024 0.6756302136266956 1.0 0.573231562932326 0.6267379283120197
after 0.5757546451083865 0.4418663751241927 0.6746550049677086 1.0 0.5715138770893902 0.627511990811436
fortunately 0.5750893347511721 0.4423850079414816 0.6768405398868866 1.0 0.5727340057158008 0.6282529652159573
just 0.5760132974470216 0.44263571252622175 0.6736090534220431 1.0 0.5727946481422326 0.6269027692713631
see 0.5763493052347884 0.44241420876776727 0.6756418830446758 1.0 0.5719253425135249 0.6287423742954638
pop 0.5760225832432848 0.4423774879757452 0.6783699313591915 1.0 0.5721372257013672 0.6254662581452299
down 0.5765812796864234 0.4429889944246133 0.673404735229937 1.0 0.5715839646645803 0.6288529192521726
large 0.5770976870630561 0.44109723572911447 0.6761262989262437 1.0 0.5702633901159274 0.6270640129075175
hole 0.5768690416351715 0.44233013675681493 0.6745565307120118 1.0 0.5705994425983544 0.6276326595199848
under 0.5738767907543784 0.43762278497980744 0.6747554349611677 1.0 0.5676750014346624 0.6279867021031932
hedge 0.5741355061113456 0.44109663366821644 0.6799345500748639 1.0 0.5702169412414472 0.6282278267512246
another 0.5759348309021146 0.44127614280074773 0.679737388455229 1.0 0.5709752660428977 0.627147223887611
moment 0.5769338255440337 0.44337129923238966 0.671411673535335 1.0 0.5715246701343808 0.6270656812343933
went 0.5771766227609453 0.44171880325637775 0.674172004740961 1.0 0.5720228421117495 0.6282292245365912
how 0.5771522336676045 0.44320383749490744 0.6746427500530418 1.0 0.5714776788412853 0.6289336995751078
world 0.5777460385544297 0.44274519894296227 0.6741604612547736 1.0 0.5730871601325502 0.6274383440904973
again 0.576362897812832 0.4433549845565148 0.6753853709514902 1.0 0.5718314260025047 0.6303864160201295
straight 0.5783557915228107 0.44480023563956833 0.675099885076733 1.0 0.5730052924107776 0.6287033683123764
like 0.5760370140561264 0.44204107752550204 0.6726392714634707 1.0 0.570239325918179 0.6282142949957795
tunnel 0.5783557915228107 0.44480023563956833 0.675099885076733 1.0 0.5730052924107776 0.6287033683123764
some 0.5760467890571849 0.4448761453800602 0.6740688365423019 1.0 0.5718164959887456 0.6267289067143565
dipped 0.5760467890571849 0.4448761453800602 0.6740688365423019 1.0 0.5718164959887456 0.6267289067143565
not 0.5770201052239174 0.44197267317220257 0.6716041066226068 1.0 0.5693824986762661 0.6279251962516118
about 0.57602097306381 0.4416958693917331 0.6748886495718536 1.0 0.5715932732396786 0.6288395603630486
stopping 0.5769700061265649 0.44511967310963924 0.6742157865536363 1.0 0.5735972401534534 0.62672628454081
herself 0.5754064079325525 0.4398461505341019 0.6732026911497373 1.0 0.5707547871349683 0.6289140735402492
found 0.5764798424871238 0.44039267896694795 0.6726239463785133 1.0 0.5698045415297309 0.6269356810077009
falling 0.5768329438729921 0.44489784892595 0.6718429507326691 1.0 0.5725637599804925 0.6286282512801776
deep 0.575699229108772 0.44406137143472807 0.6744760332244566 1.0 0.5719175556304689 0.6287874866218787
fell 0.5780566962324085 0.4435067884447682 0.6758407330861196 1.0 0.5710370539720956 0.6294576324225986
slowly 0.5785596957271052 0.4453865493948218 0.6777127764241331 1.0 0.5745805880760417 0.6309245854876092
plenty 0.5802787289978044 0.4450292964936973 0.6755676561538848 1.0 0.5746591594263601 0.6317257739901216
look 0.5755835870622782 0.4434991092040707 0.6757209650105092 1.0 0.5722778384042061 0.6303798088400464
wonder 0.5768015490079698 0.44311131302507584 0.6737984685389999 1.0 0.5717978571217092 0.6293968763571032
going 0.5748764083576516 0.44069224988836897 0.6737670101705279 1.0 0.5697208362277992 0.6278764038012778
happen 0.5803618744875287 0.44659925820727525 0.673674396516689 1.0 0.5737667570352513 0.6303893869752367
next 0.5803618744875287 0.44659925820727525 0.673674396516689 1.0 0.5737667570352513 0.6303893869752367
first 0.576700276757965 0.4426339036102585 0.6750382492461326 1.0 0.5715664543880062 0.627569899843282
tried 0.5756920313439797 0.4418924108330474 0.6743604641132729 1.0 0.5690438432890381 0.629883467303848
make 0.5750752741696541 0.44053719295591776 0.6749378224786664 1.0 0.5710647543526369 0.6307433668106106
coming 0.5745174086233636 0.4440792929931736 0.6770330112036733 1.0 0.5735249013052837 0.6326614555235471
too 0.5757106321939514 0.44131314655557785 0.6727210871315112 1.0 0.570893141854184 0.6285651599660882
dark 0.5756381922547176 0.44385231666305436 0.6754880828363479 1.0 0.5714250082151172 0.6294069209740683
anything 0.5769415226780775 0.4435448122365437 0.6771461240155034 1.0 0.5733569754274696 0.6316692537135742
sides 0.5766976259330961 0.4457654542621871 0.6721694331446751 1.0 0.5748637172439314 0.6324491695540262
noticed 0.5774211624520121 0.44458324155685774 0.675258084037403 1.0 0.5703432046699446 0.6282308189444733
they 0.5777980201624225 0.4433298164410644 0.6731360441691215 1.0 0.5712038735127588 0.6298576071521819
were 0.5781768392129897 0.4429811688979397 0.6729766692116601 1.0 0.5716881339501653 0.6303888396180762
filled 0.5787744690932887 0.4466456466272597 0.6766370639812033 1.0 0.5714277494082736 0.6299701270282295
cupboards 0.5781980706942295 0.44606323354724603 0.6772576182809893 1.0 0.5715903696205615 0.6290688028877863
shelves 0.5783637750230975 0.4431456173149516 0.675999541468284 1.0 0.5705375899006041 0.6283647160002837
here 0.5768022918269295 0.44164173783139693 0.6734924958218914 1.0 0.5710603359504248 0.6294895551665733
saw 0.5766560673826482 0.44333238435981076 0.6737566966139545 1.0 0.5702868098076743 0.628427008602491
maps 0.57576963185688 0.4420152300519131 0.6775705439223865 1.0 0.5714504342784663 0.6289656345375508
hung 0.5764435204315116 0.44219578482027694 0.6742713703555344 1.0 0.5738402962035318 0.6270782762486141
upon 0.5760032615315217 0.44083367528396317 0.6724763740365388 1.0 0.570452932259822 0.6270725490153695
pegs 0.5764435204315116 0.44219578482027694 0.6742713703555344 1.0 0.5738402962035318 0.6270782762486141
jar 0.5780051737328895 0.44453899512419287 0.6714554664889503 1.0 0.5719320103681764 0.6288555671782478
from 0.57858379861829 0.4420890283365891 0.6750576889326888 1.0 0.5715935533003867 0.6283585239583874
one 0.577443549128416 0.442119132365674 0.6748822704899959 1.0 0.5702809718670871 0.6297787652925719
passed 0.579364260229748 0.44290867943421675 0.6741624974740871 1.0 0.5702536308173562 0.6278024903246269
labled 0.5778203241525846 0.4427067416854257 0.6741230315840872 1.0 0.5713046253561936 0.6283191753050984
orange 0.5778203241525846 0.4427067416854257 0.6741230315840872 1.0 0.5713046253561936 0.6283191753050984
marmalade 0.5778203241525846 0.4427067416854257 0.6741230315840872 1.0 0.5713046253561936 0.6283191753050984
great 0.5790864772570924 0.4427000377781768 0.6697733934787913 1.0 0.5719050726848305 0.6281413444409369
disappointment 0.5790302433337488 0.4425712259406372 0.6703189084700624 1.0 0.5718950774798107 0.6299189445074298
empty 0.5787520088550612 0.44419582115851425 0.6698046317244006 1.0 0.5719348679716244 0.6304864536671858
drop 0.581060905211697 0.44792537532392 0.6713797591578056 1.0 0.571514638082266 0.6317456396554053
fear 0.581060905211697 0.44792537532392 0.6713797591578056 1.0 0.571514638082266 0.6317456396554053
killing 0.581060905211697 0.44792537532392 0.6713797591578056 1.0 0.571514638082266 0.6317456396554053
somebody 0.5787285366422428 0.4451968901329476 0.6738285732872398 1.0 0.5707103384796339 0.6308403980533296
managed 0.5787285366422428 0.4451968901329476 0.6738285732872398 1.0 0.5707103384796339 0.6308403980533296
put 0.5768935205295375 0.4430915467535164 0.6755116152453657 1.0 0.5712141611845014 0.6279875228737486
past 0.5776268396435265 0.44548604173654266 0.6778726093796179 1.0 0.571751531960503 0.6281755590192921
such 0.5743477661425933 0.4402471199762592 0.6713405158498118 1.0 0.5694037791483705 0.6282962054979369
fall 0.577747610528661 0.44313624925349293 0.6741810983662125 1.0 0.5717763717249807 0.6284591659776753
tumbling 0.5756027908554723 0.44090944304962737 0.6732080622599841 1.0 0.5700116206377029 0.6286423089504275
stairs 0.5756027908554723 0.44090944304962737 0.6732080622599841 1.0 0.5700116206377029 0.6286423089504275
brave 0.5762934420580054 0.4410942945343446 0.6755563854809479 1.0 0.5691790487756418 0.6275775316617297
ll 0.5760179638587559 0.4410967891065136 0.6733191776256994 1.0 0.5710423219552354 0.6303544805998273
me 0.5764268903487731 0.4411605690380797 0.6739614295459408 1.0 0.5706622876132141 0.6294810470371889
home 0.5760704860283034 0.4409468202476864 0.6778426608426275 1.0 0.5676995421448509 0.6281834357917591
why 0.575012051941163 0.43747801598805586 0.675449598462922 1.0 0.5669894601758975 0.6285556918895593
n't 0.5759903363799914 0.44141617404897526 0.6774911476622285 1.0 0.5707707087560078 0.6283838400767279
even 0.5774030610988659 0.4406991517929319 0.6756950337721066 1.0 0.5689885474975883 0.6265284789221295
if 0.5755010820053084 0.44063841867315967 0.672962372521009 1.0 0.5698422303099334 0.6273191136649751
off 0.5767648795423872 0.4408818619388211 0.675469373212506 1.0 0.5704256354839197 0.6286060243888948
top 0.5804693632170771 0.4449741486882861 0.6761281270658429 1.0 0.570816824877967 0.6296493347870064
house 0.5804693632170771 0.4449741486882861 0.6761281270658429 1.0 0.570816824877967 0.6296493347870064
which 0.5761568951713525 0.4403452458976545 0.6728853467793101 1.0 0.5707366383314619 0.6277725974208891
likely 0.5780535063859997 0.44276413098838624 0.671751079883209 1.0 0.5707165117268062 0.6309882011708173
true 0.5780535063859997 0.44276413098838624 0.671751079883209 1.0 0.5707165117268062 0.6309882011708173
come 0.5777151896389914 0.4430630593810999 0.6737399752166713 1.0 0.5718190985691497 0.6315556040354753
an 0.5779098790751677 0.44353953887211406 0.6745058503682879 1.0 0.5719832779388657 0.6306017767682925
end 0.5759700242899661 0.4416616932470407 0.6714818980218492 1.0 0.5700692542664745 0.6292662446993886
many 0.5770692738965931 0.4436244701969647 0.6747167509511629 1.0 0.5711972735142495 0.6308761137650608
miles 0.5766826410900422 0.4445112280477798 0.6742333625711562 1.0 0.5712825183043466 0.6312290479634091
ve 0.57832699010142 0.44438695256567656 0.6720823649640348 1.0 0.5724542603716469 0.6310520015136034
fallen 0.5781964371458274 0.4454944515546076 0.6745265102510327 1.0 0.5718875222085483 0.6328299527345975
said 0.575308914575875 0.4403298820248683 0.6720101919826296 1.0 0.5696128230785582 0.628848982069004
aloud 0.5789843155246029 0.44623852703326233 0.6727931889623413 1.0 0.5702313025985672 0.6294376213965115
must 0.5749949789309864 0.44030790240068285 0.6732577008959914 1.0 0.5701745158040565 0.6281863588155009
somewhere 0.5782054453707549 0.44345698358140356 0.6746890503728947 1.0 0.5722161826739509 0.6301459828504282
near 0.5765302747992344 0.4441692409372068 0.6755277912217723 1.0 0.571113868471583 0.6300805036767514
centre 0.5765302747992344 0.4441692409372068 0.6755277912217723 1.0 0.571113868471583 0.6300805036767514
earth 0.5766600115013574 0.4447068366637459 0.6759919129828347 1.0 0.5731420577938464 0.6291930098828783
let 0.5769068409832534 0.4447014727125904 0.676519518761457 1.0 0.5738225370094537 0.6275225307977073
four 0.5751690062347072 0.4435281092420254 0.6739402461078612 1.0 0.5706775788255353 0.6296283136686653
thousand 0.5751690062347072 0.4435281092420254 0.6739402461078612 1.0 0.5706775788255353 0.6296283136686653
you 0.5765574719721572 0.4420116392993078 0.6705952698326314 1.0 0.5710263824152756 0.6285682817807324
learnt 0.576558838048173 0.4457460048518092 0.6712134014531866 1.0 0.5708715890416809 0.6294309469190443
several 0.5763527680278517 0.44213013193836653 0.6738342409053479 1.0 0.5698266588477464 0.6298887380612223
things 0.5773681603629205 0.44242209853681 0.6725160478596967 1.0 0.5700672350443782 0.6294920797423084
sort 0.5766776087943408 0.4422869105134351 0.6727350290640682 1.0 0.5690589085814385 0.6293844658816143
lessons 0.5783885166893598 0.44707021450700674 0.671451519384395 1.0 0.5703691702910462 0.6312513461531195
schoolroom 0.5772305471250864 0.4452187742991042 0.6733107831011741 1.0 0.5705875131240696 0.629260837943889
though 0.5775756925391896 0.44165719531083497 0.6752875387771161 1.0 0.5710416287746605 0.6284705120655141
good 0.577075393290158 0.4427477475397236 0.6764415088034245 1.0 0.5709785281920338 0.6297736994982466
opportunity 0.577809257720744 0.4452474936014922 0.676634361334952 1.0 0.570603770997026 0.6302699021207605
showing 0.5801021469701076 0.44440814351207764 0.6774927901707233 1.0 0.5702898175228449 0.6298505071149074
knowledge 0.5801021469701076 0.44440814351207764 0.6774927901707233 1.0 0.5702898175228449 0.6298505071149074
listen 0.5789606111068026 0.44459125527684246 0.67420225641233 1.0 0.5687806047120181 0.6317536488469302
still 0.579086813504259 0.4446494057379629 0.6719820171153865 1.0 0.5694103111892546 0.6299586501041818
practice 0.5767981927137217 0.44328750915357285 0.6727772782801681 1.0 0.5700065726886665 0.6278883838344672
yes 0.5751907224367809 0.44180313425502954 0.6719171233620123 1.0 0.5708128335670009 0.6295008531036101
right 0.5750794396274417 0.44190046071018296 0.6743920118051534 1.0 0.5708727271727647 0.6297143001299342
distance 0.5751907224367809 0.44180313425502954 0.6719171233620123 1.0 0.5708128335670009 0.6295008531036101
latitude 0.5800928993907949 0.4466253995313799 0.6714135916726367 1.0 0.5729522132352617 0.6304015299447826
longitude 0.579117309446165 0.4452265785397005 0.671683736455595 1.0 0.5735569920789052 0.6305060906717312
got 0.5770413417478151 0.44117533624769234 0.6679607732569504 1.0 0.5717768012023992 0.6282949307927406
idea 0.58158736662662 0.44812133899591 0.6740404700349274 1.0 0.5744608946373081 0.6299879426613135
nice 0.5766512056472423 0.4406490565212334 0.6718310360887467 1.0 0.5702312921524301 0.6297358910725008
grand 0.5787737600233683 0.4457571443375581 0.6714569254501797 1.0 0.5722373726085377 0.630425303389388
words 0.5763382961306406 0.4414180012500793 0.6741639781824407 1.0 0.570371005656706 0.6278937243123885
presently 0.5771494137454706 0.44503438404830403 0.6727429824918808 1.0 0.5703493606467529 0.6318459821751286
began 0.5765814593568553 0.44315357894617885 0.6728065935727576 1.0 0.5718892358412637 0.630191689946
through 0.5759990013117261 0.4413808179671046 0.6732620581430727 1.0 0.5705170523400506 0.6288535714284585
funny 0.5785671623594703 0.4448109192749916 0.6734618351439561 1.0 0.5744028082397754 0.6335123275943079
seem 0.5785671623594703 0.4448109192749916 0.6734618351439561 1.0 0.5744028082397754 0.6335123275943079
among 0.5782215437722206 0.44491093865472403 0.675528031096634 1.0 0.5739508037869165 0.6321180363623999
people 0.5764533662426082 0.4411569077685701 0.6737743155927014 1.0 0.5702520825194215 0.6289209511195982
walk 0.5794167105905247 0.44670529211277266 0.6730634532115152 1.0 0.5743429288398533 0.6365820776778661
their 0.5777616892644093 0.4442099496219209 0.6714230397167354 1.0 0.5714367914981863 0.6326599753268497
heads 0.5789816749151765 0.444112531450161 0.671044664189512 1.0 0.5753101809913209 0.6323863197097942
downward 0.5789816749151765 0.444112531450161 0.671044664189512 1.0 0.5753101809913209 0.6323863197097942
antipathies 0.5789816749151765 0.444112531450161 0.671044664189512 1.0 0.5753101809913209 0.6323863197097942
rather 0.5764893185547662 0.4396275543579941 0.6730334650209663 1.0 0.5699097767549564 0.630566884252877
glad 0.577038417834654 0.44455058000886494 0.6785862569712566 1.0 0.5717708145464416 0.6335666987904591
listening 0.5743823449565849 0.44252853299382927 0.6782754874574753 1.0 0.5700119494292776 0.6307218435744324
sound 0.575903925223346 0.44284590522068357 0.6773613284523646 1.0 0.5715153961027258 0.6310153989418026
word 0.575903925223346 0.44284590522068357 0.6773613284523646 1.0 0.5715153961027258 0.6310153989418026
ask 0.5781726057022325 0.4427460812152859 0.6740434234397297 1.0 0.5733520180643743 0.6305825201263652
them 0.5775881762762394 0.4429888337067436 0.6706614125488743 1.0 0.5682886419269276 0.6292306327624684
name 0.5803414688815876 0.44460638824102006 0.6729488935949349 1.0 0.570640331649949 0.6281071053198426
country 0.5803414688815876 0.44460638824102006 0.6729488935949349 1.0 0.570640331649949 0.6281071053198426
is 0.5772117917367281 0.44246938180850004 0.6715251429260142 1.0 0.5702289052562958 0.6289221706559995
know 0.5766551578317665 0.44250294767975007 0.6729486564337301 1.0 0.57039450232336 0.6283030826262813
please 0.5808684504840104 0.44568989672998577 0.6727791336455093 1.0 0.5705588627436657 0.6295151851010866
ma'am 0.5808684504840104 0.44568989672998577 0.6727791336455093 1.0 0.5705588627436657 0.6295151851010866
new 0.5767948983622335 0.44250998244781165 0.6689602637211156 1.0 0.5696040338334926 0.630883634196973
zeland 0.5767948983622335 0.44250998244781165 0.6689602637211156 1.0 0.5696040338334926 0.630883634196973
australia 0.5767948983622335 0.44250998244781165 0.6689602637211156 1.0 0.5696040338334926 0.630883634196973
curtsey 0.57573434753382 0.44349122957536047 0.6644173785478839 1.0 0.5685452489441125 0.6307399705349377
spoke 0.577555931704484 0.4437234244629893 0.6654392743945996 1.0 0.5732295970612715 0.6288561477492525
fancy 0.5756550085677343 0.44191163321384874 0.6704229043763316 1.0 0.5712777499277177 0.6286513083578957
curtseying 0.577555931704484 0.4437234244629893 0.6654392743945996 1.0 0.5732295970612715 0.6288561477492525
re 0.5781862053149561 0.44525791474722176 0.6680122852226271 1.0 0.5739397946255033 0.6284470492321048
air 0.5784315904688672 0.44453432430933754 0.6697256424638881 1.0 0.5733558944433049 0.6309579435586757
manage 0.5780879895991156 0.44417986443076796 0.670563513932871 1.0 0.5715975204875906 0.6288508502984933
ignorant 0.5766883473997432 0.44210037137978764 0.6720388546344352 1.0 0.5723857439037138 0.6312550252082075
little 0.5755688042069368 0.4395682602808427 0.6731582673629973 1.0 0.5698591079322319 0.6280838503660942
girl 0.5766883473997432 0.44210037137978764 0.6720388546344352 1.0 0.5723857439037138 0.6312550252082075
asking 0.5778289129621136 0.44219916996694775 0.6732860359536157 1.0 0.5744032575311847 0.6328349225971451
perhaps 0.5798811528451755 0.4427444979425548 0.6738500407022016 1.0 0.5733188501750826 0.6302114830105996
written 0.5798811528451755 0.4427444979425548 0.6738500407022016 1.0 0.5733188501750826 0.6302114830105996
else 0.5767403804977901 0.4437120817397196 0.6710897834904017 1.0 0.5740670148706718 0.627814687243675
soon 0.5746129556862973 0.43921040641129583 0.6742589203405159 1.0 0.5703870027489607 0.6280940028202772
talking 0.5769095949560917 0.4456471654280585 0.6744405120076483 1.0 0.5747803008117163 0.631053129920562
dinah 0.5769658696270428 0.4417642139654872 0.6732304648616608 1.0 0.5721418625933795 0.6294934285721108
miss 0.5783139996815189 0.4447959273493338 0.6774118851434446 1.0 0.5741986397747608 0.6310099653494238
night 0.5763658431263251 0.44229729331072 0.6771651331819106 1.0 0.5688223693273495 0.6318057801510361
should 0.57560806942346 0.4425158994010065 0.6774930406748293 1.0 0.5692295975998856 0.6298305701797132
cat 0.5766631249910564 0.4420590761171956 0.6742025653263434 1.0 0.5710531045112067 0.6313469752027994
hope 0.5764974541235933 0.4407831251089521 0.6699402086852726 1.0 0.5703740458663119 0.6296101822615884
remember 0.5749737954639677 0.440634812827277 0.6724667997368334 1.0 0.5692013428621961 0.6291064267632923
saucer 0.5764974541235933 0.4407831251089521 0.6699402086852726 1.0 0.5703740458663119 0.6296101822615884
milk 0.5772862512810345 0.44071023047168556 0.6707318720509563 1.0 0.5718327991446791 0.6305089491154308
tea 0.5772862512810345 0.44071023047168556 0.6707318720509563 1.0 0.5718327991446791 0.6305089491154308
my 0.5763809002789425 0.44082234448387825 0.6723398538508224 1.0 0.5704801986773154 0.628637103528161
wish 0.5762860083508686 0.4417658482141272 0.6717073704600478 1.0 0.5704460709730469 0.6296740139606889
are 0.5776463146866017 0.4431762162904325 0.672106878816788 1.0 0.5711637181913196 0.6337112469382774
mice 0.5786756536178882 0.4438146321924475 0.671429769046265 1.0 0.5727751400051899 0.6334553105201037
m 0.5786756536178882 0.4438146321924475 0.671429769046265 1.0 0.5727751400051899 0.6334553105201037
afraid 0.5786756536178882 0.4438146321924475 0.671429769046265 1.0 0.5727751400051899 0.6334553105201037
might 0.5761512452823637 0.44057617156482787 0.6730021563049149 1.0 0.5706638500751593 0.6284584244671527
catch 0.5777622202625747 0.44328960830646047 0.6713764335170249 1.0 0.5704655893457694 0.6295939908406485
bat 0.5783749745135996 0.4434178778024666 0.6708000329419272 1.0 0.5710053737569438 0.6276171421134283
mouse 0.5761857243132859 0.4423200283923912 0.6725282707800332 1.0 0.5705985988926505 0.6283824311363166
cats 0.575393598334526 0.4389217248056129 0.673378689534422 1.0 0.5714618321705824 0.6269049704303332
eat 0.5760138261118581 0.4395577570415006 0.6717556237748133 1.0 0.5718263102921441 0.627821483532766
bats 0.5756280390443013 0.4391071578704801 0.6729650854942967 1.0 0.5718354241718114 0.6269164293512571
saying 0.5751591471579863 0.4382476466009306 0.6720250875182014 1.0 0.571967958711807 0.6265889901162649
dreamy 0.5742144856831434 0.4364292019420867 0.6719929046492418 1.0 0.5715592940474589 0.6268158500492913
sometimes 0.5751064258268525 0.4381624621643525 0.6692768285874109 1.0 0.5717701847524168 0.628192330280754
couldn't 0.5757281097879128 0.4391455321092761 0.6725071214754351 1.0 0.5697096377738234 0.6269309907276757
answer 0.5757281097879128 0.4391455321092761 0.6725071214754351 1.0 0.5697096377738234 0.6269309907276757
question 0.5757281097879128 0.4391455321092761 0.6725071214754351 1.0 0.5697096377738234 0.6269309907276757
matter 0.5743860580318151 0.43972266517877856 0.6765358061040481 1.0 0.5707305340801762 0.6245120741781042
felt 0.5743905580001599 0.4396905156623004 0.6716988417049313 1.0 0.5710059213594633 0.6266221122864384
dozing 0.5754075131031614 0.44141529181364497 0.6721516885352412 1.0 0.5728628632881589 0.6253933998221012
begun 0.5774405709078041 0.44260214561838035 0.6723737514911553 1.0 0.5711941312115387 0.6272832149083308
dream 0.5767862516984102 0.44195127392546846 0.6730620225125328 1.0 0.5724554404690858 0.6263539049235591
walking 0.5767862516984102 0.44195127392546846 0.6730620225125328 1.0 0.5724554404690858 0.6263539049235591
hand 0.5764450266269435 0.44100839058533525 0.6725591565308355 1.0 0.5724161383870601 0.6263579407227908
earnestly 0.5765850053264248 0.44212043182911737 0.6699760888703987 1.0 0.5728623387101858 0.6261140842436582
now 0.5752493631716556 0.4397254536845985 0.6727002943497302 1.0 0.5695987229191428 0.6269200539152818
tell 0.5770311046105301 0.44223964907796803 0.6713652136434891 1.0 0.5724821990261709 0.6263633509235563
truth 0.5770311046105301 0.44223964907796803 0.6713652136434891 1.0 0.5724821990261709 0.6263633509235563
ever 0.5754273445877135 0.44244447638347734 0.673329166403694 1.0 0.5706079673555995 0.627951092908047
thump 0.575992216898813 0.4412836919044406 0.6725789217066419 1.0 0.5699090543722315 0.625999304246843
came 0.5755842346422245 0.4397761599741488 0.6726982041888517 1.0 0.569346270148646 0.6271496815705642
heap 0.5770126142400558 0.442524915279931 0.6712852887840601 1.0 0.5690385545100088 0.6254938094735095
sticks 0.5770126142400558 0.442524915279931 0.6712852887840601 1.0 0.5690385545100088 0.6254938094735095
dry 0.5770126142400558 0.442524915279931 0.6712852887840601 1.0 0.5690385545100088 0.6254938094735095
leaves 0.5770126142400558 0.442524915279931 0.6712852887840601 1.0 0.5690385545100088 0.6254938094735095
bit 0.5769419196812846 0.4417807179138181 0.6658621833831891 1.0 0.569091979307971 0.6275435818280545
hurt 0.5769419196812846 0.4417807179138181 0.6658621833831891 1.0 0.569091979307971 0.6275435818280545
jumped 0.5769419196812846 0.4417807179138181 0.6658621833831891 1.0 0.569091979307971 0.6275435818280545
overhead 0.5753477577946327 0.44204276045613916 0.674822179632998 1.0 0.5694974177155697 0.6283105858215164
long 0.5763795566652038 0.44169575127061594 0.6720601935979837 1.0 0.5715578638146586 0.6280348414818974
passage 0.5773050053180832 0.4414138433579067 0.6725843259096465 1.0 0.5692269063127087 0.6267234154079223
sight 0.5792137231803682 0.44470788209289086 0.6697493348863681 1.0 0.5700435467432595 0.6281535916136121
hurrying 0.5792137231803682 0.44470788209289086 0.6697493348863681 1.0 0.5700435467432595 0.6281535916136121
lost 0.5775608260894115 0.442379145349811 0.6709561607828269 1.0 0.5729300197685878 0.6282235458921779
away 0.5775608260894115 0.442379145349811 0.6709561607828269 1.0 0.5729300197685878 0.6282235458921779
wind 0.5775429391528561 0.44410818496224314 0.6718399587717582 1.0 0.5727869278504714 0.6270652161665844
turned 0.5781048164745105 0.441891092680742 0.6734364733273753 1.0 0.5722611411476127 0.6267324951987373
corner 0.5781048164745105 0.441891092680742 0.6734364733273753 1.0 0.5722611411476127 0.6267324951987373
ears 0.5752062699728923 0.4396853717013808 0.6749300289424696 1.0 0.5707656026907257 0.6291857776298364
whiskers 0.5775379845747598 0.44162314250965 0.6745498858270171 1.0 0.5724022608469617 0.6292838115284598
it's 0.5764265162578046 0.4403236363430264 0.6737894447280516 1.0 0.568539804794836 0.6280768393787779
behind 0.5755255217288585 0.441415105601642 0.6760812384159911 1.0 0.570194769354144 0.6273447615513295
longer 0.5775877815387523 0.4399463003006905 0.6715827147692682 1.0 0.5692550423025263 0.6264769816548438
low 0.5766793713417488 0.4408238620556832 0.6697455511013458 1.0 0.5707949395503391 0.62835076994976
hall 0.5780447939209895 0.4423383393447435 0.6737257301484318 1.0 0.5723675045675698 0.6282003616668231
lit 0.5813279511709312 0.44357292585757196 0.6756395812505902 1.0 0.5722899963080388 0.6316988975619836
row 0.5813279511709312 0.44357292585757196 0.6756395812505902 1.0 0.5722899963080388 0.6316988975619836
lamps 0.5813279511709312 0.44357292585757196 0.6756395812505902 1.0 0.5722899963080388 0.6316988975619836
hanging 0.5813279511709312 0.44357292585757196 0.6756395812505902 1.0 0.5722899963080388 0.6316988975619836
roof 0.5820220427685822 0.44333817739059617 0.6773869491223876 1.0 0.5725396606087233 0.6298890948033136
doors 0.5798676861883727 0.4418966353680296 0.6740407227464005 1.0 0.5726065358882889 0.6276776147390416
around 0.5797218123757326 0.44351093003112946 0.6771583019196048 1.0 0.5740152436096034 0.6309840878481444
locked 0.5785213825508931 0.4432272919494239 0.6726657618435139 1.0 0.5756781760862237 0.6318563421842315
been 0.5777136000701337 0.4428229964505391 0.6708268749270542 1.0 0.575520127254589 0.6328374509579214
side 0.5777136000701337 0.4428229964505391 0.6708268749270542 1.0 0.575520127254589 0.6328374509579214
other 0.5771236229806936 0.4415103335976344 0.671378923950589 1.0 0.5723584281653951 0.6294754593428954
trying 0.5745992667080971 0.44014010906414663 0.673405810528994 1.0 0.5698587360356279 0.6303609321244356
every 0.5771285321508526 0.4441876246450311 0.6695227156441269 1.0 0.5740987375478647 0.6308255089032879
door 0.5749606118653853 0.44047241294035866 0.6727961864521881 1.0 0.5696522679072508 0.6281957154129726
walked 0.5758561739479761 0.44240316425522747 0.6750693137505509 1.0 0.5737882912568432 0.6280876702272059
sadly 0.5758561739479761 0.44240316425522747 0.6750693137505509 1.0 0.5737882912568432 0.6280876702272059
middle 0.5758561739479761 0.44240316425522747 0.6750693137505509 1.0 0.5737882912568432 0.6280876702272059
wondering 0.5746973086445455 0.44296433322030426 0.6782475034992586 1.0 0.5728843754522647 0.6302661928800902
three 0.5776039842374828 0.4399331722500194 0.6714921205425299 1.0 0.5740503829277962 0.6276328868473419
legged 0.5776039842374828 0.4399331722500194 0.6714921205425299 1.0 0.5740503829277962 0.6276328868473419
table 0.5764693609984848 0.43903089928908784 0.672544142255294 1.0 0.5692043836155423 0.6280999786525223
solid 0.5761039865189933 0.43763032467097196 0.669091580564882 1.0 0.5742491071633121 0.6250957747124213
glass 0.5756681290460547 0.43802182249351224 0.6735660668322454 1.0 0.5697204813857389 0.6283268800089391
except 0.5772713671728396 0.43973906131799595 0.6724326207644411 1.0 0.5744127220539594 0.6263640609415247
tiny 0.5772713671728396 0.43973906131799595 0.6724326207644411 1.0 0.5744127220539594 0.6263640609415247
golden 0.575937854905011 0.439206051212478 0.6732021019371623 1.0 0.5720876389631677 0.6273496875516228
key 0.5754468490744437 0.4388425388004585 0.6750153058262497 1.0 0.5695938803700629 0.6270200288573416
belong 0.5777029730966042 0.4404481635053628 0.6706784102533516 1.0 0.5726737326534489 0.6254555035568486
alas 0.5778177108666535 0.4397416825663555 0.6705452951141593 1.0 0.5693340022137496 0.6252660267644733
locks 0.5774896199466225 0.44075309550970987 0.6738341755904502 1.0 0.5693893052072772 0.626197258687718
small 0.5753244634180348 0.4387865332057267 0.6734043995432695 1.0 0.5682919667669386 0.6267167280026776
any 0.575981185028689 0.4405972785525579 0.6730851949262225 1.0 0.5679087583118957 0.6270199286757856
rate 0.5768900703389508 0.44046143449814446 0.6768931605455591 1.0 0.5682429451412981 0.6260976720786028
open 0.5761698451243215 0.4413212545522496 0.66796528718626 1.0 0.5645896631743152 0.6297834864177386
however 0.5761282459124403 0.4402604046335267 0.6706759334301085 1.0 0.5678517323931682 0.6275094316423143
second 0.5777698444609437 0.4414855861615678 0.6665142394249712 1.0 0.5669126592432333 0.6292490214023454
round 0.5780504829363813 0.44148875178132163 0.6707423637599885 1.0 0.5678914880051333 0.6279307809139714
curtain 0.5753495072706596 0.44051490762796824 0.6673284194978837 1.0 0.569115688357524 0.6265227990357376
fifteen 0.5750375967549034 0.44126565610448937 0.6807833282239464 1.0 0.5716043518819429 0.6284216994127934
inches 0.5746941055540935 0.43977191428991663 0.6767616242467551 1.0 0.5712085829307648 0.6266851189021934
high 0.5746941055540935 0.43977191428991663 0.6767616242467551 1.0 0.5712085829307648 0.6266851189021934
lock 0.5791428512298238 0.4428291704188528 0.6692265198940597 1.0 0.5719150927826956 0.62635931729936
delight 0.5791428512298238 0.4428291704188528 0.6692265198940597 1.0 0.5719150927826956 0.62635931729936
fitted 0.5779613645322349 0.4420960950676738 0.6703489194225569 1.0 0.5699736255698181 0.6262349694462956
opened 0.5744460995576292 0.4390579779978543 0.6712340852527628 1.0 0.5675147637623262 0.6253965751903092
led 0.5767113044373829 0.4402531128102473 0.6725042636380679 1.0 0.568741989454608 0.6251835076043949
larger 0.5756439724623947 0.4392600343843657 0.6717909272212685 1.0 0.5661711886980653 0.6253996720550458
than 0.5781304868740511 0.4410868535406275 0.6685806713696315 1.0 0.5685618957989249 0.6259532819872671
rat 0.5781304868740511 0.4410868535406275 0.6685806713696315 1.0 0.5685618957989249 0.6259532819872671
knelt 0.5781304868740511 0.4410868535406275 0.6685806713696315 1.0 0.5685618957989249 0.6259532819872671
along 0.5780749008324089 0.44127279844075373 0.6682720414257133 1.0 0.5693325467718435 0.6270723558593446
loveliest 0.5766331075665896 0.4403763522272856 0.6672138445346673 1.0 0.5712562383020656 0.6290987921681499
garden 0.5749221276590065 0.4394501655303134 0.6723328727600264 1.0 0.5694282296991877 0.6272939947202548
longed 0.576749353579957 0.44424042312885564 0.6748770075542833 1.0 0.5703181064568122 0.6261763753335473
wander 0.5770346453596659 0.4431289988967726 0.6779755585335288 1.0 0.5735613915343962 0.6276848781875229
those 0.5772118985493921 0.44200518955038387 0.6763272138994312 1.0 0.5731766200534909 0.6295420413186317
beds 0.5773894382205669 0.44087956387262395 0.6746762051656985 1.0 0.5727912266944051 0.6314022060475358
bright 0.5773894382205669 0.44087956387262395 0.6746762051656985 1.0 0.5727912266944051 0.6314022060475358
flowers 0.5773894382205669 0.44087956387262395 0.6746762051656985 1.0 0.5727912266944051 0.6314022060475358
cool 0.5773894382205669 0.44087956387262395 0.6746762051656985 1.0 0.5727912266944051 0.6314022060475358
fountains 0.577415990452428 0.44184987057189296 0.6748974268136794 1.0 0.5688987672644241 0.630303220258261
head 0.577255597176265 0.44020178593524395 0.6742454369082488 1.0 0.5684494723305785 0.6249623577148082
doorway 0.5781910134540622 0.44123033139296713 0.6763529997869142 1.0 0.5690449496748853 0.6261854223865531
go 0.5770865479366961 0.4393001644370962 0.6706180486998952 1.0 0.5703806695234414 0.6256178426443377
poor 0.5753108153858173 0.4383750104251792 0.6713242730147574 1.0 0.5683595663257317 0.6269182774736024
shoulders 0.5780692409642417 0.4426440043666575 0.6703637060402616 1.0 0.5718601361965198 0.6285348328673653
shut 0.5758580736061913 0.4438726670704823 0.6723044663999999 1.0 0.5703002420424799 0.6269627243444663
telescope 0.5740492252753108 0.44031268916299443 0.6728214391682803 1.0 0.5703464074688074 0.6267166416578966
only 0.5755949382844627 0.440630388742963 0.6748583545464971 1.0 0.5713528934972987 0.6261554123079771
begin 0.5768416002762682 0.4429865607076714 0.6769788804795732 1.0 0.5718938522439985 0.6273637826298747
happened 0.5736416436972036 0.44014329939779984 0.676122466547708 1.0 0.5705947721224451 0.6284263842313448
lately 0.578097110188697 0.4432552256855448 0.6716831452015231 1.0 0.5699285423964087 0.6282156779941903
few 0.5772290759179742 0.4417322547203036 0.6727366345019855 1.0 0.5699030280125823 0.6281726302049209
indeed 0.5764721920559135 0.4406409592541017 0.6719710274857734 1.0 0.5697878527057156 0.6281140582358581
really 0.5773260905060521 0.44397954390199845 0.6707081442498177 1.0 0.5689995753290176 0.6319349110395485
impossible 0.5773260905060521 0.44397954390199845 0.6707081442498177 1.0 0.5689995753290176 0.6319349110395485
waiting 0.5773159522149696 0.44216746277041163 0.6747695881522995 1.0 0.5700045380828888 0.6316116792046593
back 0.5767651294927965 0.4401574050464044 0.6741125076116258 1.0 0.5692403867342926 0.6274794080582979
half 0.5755293073209437 0.4400177627747946 0.6779618675109302 1.0 0.5695234334811801 0.6271544738960771
hoping 0.5755293073209437 0.4400177627747946 0.6779618675109302 1.0 0.5695234334811801 0.6271544738960771
find 0.5742608099567004 0.43752603896437403 0.683663766402425 1.0 0.5674196138361576 0.6275137807098362
rules 0.5757416105896408 0.4408716285299662 0.6744605491746817 1.0 0.5686727721545063 0.6265114531910397
shutting 0.5748990723980726 0.43843914171466136 0.6723127028792426 1.0 0.5690227696422232 0.6252786182573946
telescopes 0.5763413301728688 0.44042602780132994 0.6736356673946141 1.0 0.5688034634599944 0.6242464421625726
bottle 0.5777070726586354 0.4405801806977729 0.6726930879301324 1.0 0.5689252278567183 0.626765339848173
certainly 0.5786461062272036 0.44211648598322884 0.6703582416064977 1.0 0.5696021429931906 0.6259854694354354
neck 0.5783305772294512 0.4414919112626639 0.6749622893948544 1.0 0.5688684187330868 0.6266150966083478
paper 0.5783305772294512 0.4414919112626639 0.6749622893948544 1.0 0.5688684187330868 0.6266150966083478
label 0.5785227979212039 0.44249988701277654 0.6774902186288272 1.0 0.5687249466982444 0.6260397659126222
drink 0.5769425698223558 0.44133338580109527 0.676487652181481 1.0 0.5691291382006649 0.6282337556900295
beautifully 0.5776508039708417 0.44153727201814763 0.6736855998109574 1.0 0.5724622501067579 0.62988468563116
printed 0.5795003350933232 0.44257410432678 0.6773488559712784 1.0 0.5722722715304077 0.6293368116690823
letters 0.5777874562203078 0.44015326719080766 0.6761610108143288 1.0 0.5692521379802336 0.629538318727633
wise 0.5750800069004023 0.440446081296489 0.6760513776586191 1.0 0.5680898973026395 0.6285566076216387
hurry 0.5748297458323133 0.44220142022596953 0.6769605234245171 1.0 0.5695429058883587 0.6281341200130003
marked 0.5756138380573809 0.43938448812820197 0.6724449576825077 1.0 0.5694740932833027 0.6292664111249359
poison 0.5763785475500203 0.4402841951384699 0.6735408805477408 1.0 0.56930525211268 0.6281910181432775
read 0.5736777847102238 0.43824557418635074 0.6776666258700714 1.0 0.5706815189375748 0.6279605162465222
histories 0.5743110620364058 0.43717559291823094 0.6762239351231366 1.0 0.5692825598215963 0.628522142489862
children 0.5764513697957983 0.4384106053357387 0.6728389780416988 1.0 0.5706169892801898 0.6282700478354307
who 0.5764513697957983 0.4384106053357387 0.6728389780416988 1.0 0.5706169892801898 0.6282700478354307
d 0.5768976898563621 0.4383463694310184 0.6711088999251077 1.0 0.5703375899399392 0.6271420728341899
gotten 0.5764513697957983 0.4384106053357387 0.6728389780416988 1.0 0.5706169892801898 0.6282700478354307
burnt 0.5764513697957983 0.4384106053357387 0.6728389780416988 1.0 0.5706169892801898 0.6282700478354307
eaten 0.5778353924267202 0.4414867773639479 0.6713320696605825 1.0 0.5715706773214295 0.6274845170263605
wild 0.5778353924267202 0.4414867773639479 0.6713320696605825 1.0 0.5715706773214295 0.6274845170263605
beasts 0.5778353924267202 0.4414867773639479 0.6713320696605825 1.0 0.5715706773214295 0.6274845170263605
unpleasant 0.577118698825791 0.43882487039104817 0.67324079814451 1.0 0.5706128066651688 0.6281212888932435
because 0.577118698825791 0.43882487039104817 0.67324079814451 1.0 0.5706128066651688 0.6281212888932435
simple 0.5779331994622828 0.4424846730841545 0.6725614411372043 1.0 0.5683539000263482 0.629715477907943
friends 0.5761259349574126 0.44174365679388644 0.6698017231832262 1.0 0.5685644861095221 0.6287835323397282
taught 0.5761259349574126 0.44174365679388644 0.6698017231832262 1.0 0.5685644861095221 0.6287835323397282
red 0.5751279083823803 0.44062971714863763 0.6659437502710478 1.0 0.5685582330133415 0.6293464285482333
poker 0.5750886440816281 0.4412933020373551 0.6653504200212321 1.0 0.5716762066925696 0.6274137363429765
will 0.5750886440816281 0.4412933020373551 0.6653504200212321 1.0 0.5716762066925696 0.6274137363429765
burn 0.5750886440816281 0.4412933020373551 0.6653504200212321 1.0 0.5716762066925696 0.6274137363429765
hold 0.5750886440816281 0.4412933020373551 0.6653504200212321 1.0 0.5716762066925696 0.6274137363429765
cut 0.57399738996846 0.44123993842301756 0.6670732380316179 1.0 0.5725893079106661 0.6260131741946403
your 0.5732441426000088 0.43914495966056655 0.6708342057013695 1.0 0.5711330075852128 0.6230399495210077
finger 0.5732441426000088 0.43914495966056655 0.6708342057013695 1.0 0.5711330075852128 0.6230399495210077
deeply 0.5732441426000088 0.43914495966056655 0.6708342057013695 1.0 0.5711330075852128 0.6230399495210077
knife 0.5732441426000088 0.43914495966056655 0.6708342057013695 1.0 0.5711330075852128 0.6230399495210077
usually 0.5733092358816287 0.43743987645130067 0.6769516106537299 1.0 0.5724805222315926 0.6261629495684778
bleeds 0.5733092358816287 0.43743987645130067 0.6769516106537299 1.0 0.5724805222315926 0.6261629495684778
forgotten 0.5764648263416976 0.4389235460451704 0.673392155673061 1.0 0.5698977180073846 0.6275632105595779
almost 0.5761945368295682 0.43802555472693455 0.6753433263046336 1.0 0.5692670633607229 0.6279640952235033
certain 0.5761945368295682 0.43802555472693455 0.6753433263046336 1.0 0.5692670633607229 0.6279640952235033
disagree 0.5761945368295682 0.43802555472693455 0.6753433263046336 1.0 0.5692670633607229 0.6279640952235033
sooner 0.5745243379270589 0.43717513613579934 0.6730532531966515 1.0 0.5693550467898575 0.6269610174162057
later 0.5745243379270589 0.43717513613579934 0.6730532531966515 1.0 0.5693550467898575 0.6269610174162057
ventured 0.5764954326811944 0.4392733484212986 0.6627228998752612 1.0 0.5697020310646388 0.6289544409047858
taste 0.5764954326811944 0.4392733484212986 0.6627228998752612 1.0 0.5697020310646388 0.6289544409047858
finding 0.5739116304457325 0.43890835610927453 0.6700728281430963 1.0 0.5701957556751105 0.628442915733078
fact 0.5767539413643423 0.4414377893594109 0.6716384662000454 1.0 0.5671360089299273 0.6303944263225545
mixed 0.5767539413643423 0.4414377893594109 0.6716384662000454 1.0 0.5671360089299273 0.6303944263225545
flavor 0.5767539413643423 0.4414377893594109 0.6716384662000454 1.0 0.5671360089299273 0.6303944263225545
cherry 0.5750507931189153 0.44091766523072723 0.6756014901515929 1.0 0.5691707975189155 0.6294002295483705
tart 0.5750507931189153 0.44091766523072723 0.6756014901515929 1.0 0.5691707975189155 0.6294002295483705
custard 0.5737424434499302 0.4409585406506471 0.6733063110566004 1.0 0.5699599591476219 0.6258730438932995
pine 0.5737424434499302 0.4409585406506471 0.6733063110566004 1.0 0.5699599591476219 0.6258730438932995
apple 0.5737424434499302 0.4409585406506471 0.6733063110566004 1.0 0.5699599591476219 0.6258730438932995
roast 0.5737424434499302 0.4409585406506471 0.6733063110566004 1.0 0.5699599591476219 0.6258730438932995
turkey 0.573332546497453 0.4386624232586735 0.6744850031973483 1.0 0.5696809206272511 0.62420786308303
toffee 0.573332546497453 0.4386624232586735 0.6744850031973483 1.0 0.5696809206272511 0.62420786308303
buttered 0.573332546497453 0.4386624232586735 0.6744850031973483 1.0 0.5696809206272511 0.62420786308303
toast 0.5715992172662447 0.4365613949481435 0.6784405061377617 1.0 0.5688036500849382 0.6267862482064439
finished 0.5715237186103781 0.4357447818072783 0.6800209401593268 1.0 0.5700791869152697 0.6273773733284512
curious 0.5734621340478203 0.4377403755006078 0.671669593454331 1.0 0.5717372567097906 0.6275416653668642
feeling 0.5728440324555032 0.43595865534007305 0.6705620547009847 1.0 0.571740672864094 0.6269345672663795
ten 0.5743508027445845 0.43827899173348706 0.6727421260146937 1.0 0.5708130310431603 0.6249494908371303
face 0.5743508027445845 0.43827899173348706 0.6727421260146937 1.0 0.5708130310431603 0.6249494908371303
brightened 0.5742156982522729 0.4382807877605236 0.6722529380447663 1.0 0.5673499744506443 0.6275865476884849
size 0.5728167847505929 0.4382524309194749 0.6728141693793064 1.0 0.5687045720096885 0.6274921959469713
lovely 0.5743678449116336 0.44024345765400824 0.6738210207923891 1.0 0.5695074765746718 0.6272906413986776
waited 0.5778724773530278 0.4418977000051583 0.6774331999004435 1.0 0.5696408594202478 0.6283694174818163
minutes 0.5764380673042107 0.4414487597004916 0.6750027360614481 1.0 0.5710259136005856 0.6266786429240704
shrink 0.5739678456224481 0.44014257130666684 0.6705873502868855 1.0 0.5705724901882908 0.6260943331323264
further 0.5739678456224481 0.44014257130666684 0.6705873502868855 1.0 0.5705724901882908 0.6260943331323264
nervous 0.5737138508323181 0.43838054304656593 0.6661622075052671 1.0 0.5702891025525306 0.6281161583067485
altogether 0.573293264688682 0.4410127096191218 0.6735300353764615 1.0 0.5696948451926738 0.6292099187333915
candle 0.573203557049237 0.4403247619646535 0.6731230929674925 1.0 0.5692106936565168 0.6286498639410575
flame 0.5737637226594342 0.4401090273156746 0.6753812685386762 1.0 0.5693357981951725 0.6284475074535625
blown 0.5740916907435115 0.43904370446023055 0.6689709375412767 1.0 0.5704876933591533 0.6287112676585648
thing 0.5716873873139388 0.43805742781384976 0.6745262971491596 1.0 0.5681388445319593 0.6275364197934663
while 0.5736392718919262 0.4408257766666143 0.6783652917128471 1.0 0.5692535557168006 0.6267333212139464
more 0.5713610743065632 0.43854806019753406 0.6773281839937453 1.0 0.5706831274712233 0.6279379724177063
decided 0.5737779724477492 0.43772740105913366 0.6759277973767048 1.0 0.5675281868339187 0.6255004234951411
possibly 0.5756784060462378 0.44062056158694896 0.6728968395063523 1.0 0.5687726532653214 0.6280384577738316
reach 0.5744125604524146 0.43889936504645316 0.6729105352937352 1.0 0.566668311889157 0.6271986975085795
plainly 0.5755210306019403 0.43940462224772814 0.6793452980245855 1.0 0.5671253574359513 0.6318339488704444
best 0.5782003442948596 0.4411546240634832 0.680103763587076 1.0 0.564697192823821 0.6326329812688996
climb 0.5782003442948596 0.4411546240634832 0.680103763587076 1.0 0.564697192823821 0.6326329812688996
legs 0.5779032507901289 0.4383677466393953 0.6742827618218525 1.0 0.5666286236621506 0.6313266594028717
slippery 0.5747797245803811 0.4385245238431773 0.6721033601361964 1.0 0.5686067222728027 0.6306485987522179
sat 0.5728459720245183 0.43746157687161996 0.6741818913583371 1.0 0.5673931495202185 0.6270680123555212
cried 0.5722216832034707 0.43665329667073466 0.6751270350652967 1.0 0.5688726460686915 0.6272972906353562
crying 0.575904219694544 0.4382220973502963 0.6684461091847524 1.0 0.5678196470720788 0.6305202159393881
sharply 0.5767405865263935 0.43550418922196454 0.6692228649427479 1.0 0.56740132130192 0.6304333490122865
advise 0.5763599794583699 0.4379092724363096 0.6715384747923774 1.0 0.5680857012100566 0.6307665121001463
leave 0.5763599794583699 0.4379092724363096 0.6715384747923774 1.0 0.5680857012100566 0.6307665121001463
minute 0.5748109890111038 0.43830534943818455 0.6760645530716757 1.0 0.5686385864569694 0.631480355306128
generally 0.5766167491264051 0.4397133301441121 0.6798837226888913 1.0 0.5723173711606164 0.6311479317711801
gave 0.5766167491264051 0.4397133301441121 0.6798837226888913 1.0 0.5723173711606164 0.6311479317711801
advice 0.5766167491264051 0.4397133301441121 0.6798837226888913 1.0 0.5723173711606164 0.6311479317711801
seldom 0.5773107846561941 0.43850056910968577 0.6762155335530354 1.0 0.5734839808512878 0.6299484143792607
followed 0.5773107846561941 0.43850056910968577 0.6762155335530354 1.0 0.5734839808512878 0.6299484143792607
scolded 0.5741665110684534 0.4365542145924951 0.6669924405581495 1.0 0.5719511573875752 0.6297544376013976
severely 0.5751346880780195 0.4368523107800168 0.6677213376456594 1.0 0.5738260363286074 0.6312069936595214
bring 0.5751346880780195 0.4368523107800168 0.6677213376456594 1.0 0.5738260363286074 0.6312069936595214
tears 0.5753530387251055 0.43883709905701307 0.6701222700751425 1.0 0.5698181167810853 0.6305898923285699
remembered 0.5726626405106815 0.4381858190864224 0.6743050360174818 1.0 0.5678350613716624 0.6310553934507172
box 0.5740146916767654 0.43760822661051985 0.673264873839752 1.0 0.5678312110618194 0.6295454430679798
cheated 0.5729107496129561 0.4377776801083748 0.6753042712534761 1.0 0.569154349702523 0.6290892654708984
game 0.5719102156627469 0.43741080207226674 0.6752832619736021 1.0 0.570996130452482 0.6303877595510001
croquet 0.5719102156627469 0.43741080207226674 0.6752832619736021 1.0 0.570996130452482 0.6303877595510001
playing 0.5719102156627469 0.43741080207226674 0.6752832619736021 1.0 0.570996130452482 0.6303877595510001
against 0.5719102156627469 0.43741080207226674 0.6752832619736021 1.0 0.570996130452482 0.6303877595510001
child 0.5738500472926682 0.43821968039947323 0.6734083261798754 1.0 0.5722758938811691 0.6251837843087823
fond 0.5738500472926682 0.43821968039947323 0.6734083261798754 1.0 0.5722758938811691 0.6251837843087823
pretending 0.5738500472926682 0.43821968039947323 0.6734083261798754 1.0 0.5722758938811691 0.6251837843087823
two 0.5750353284169321 0.4387613765196502 0.6741969136964276 1.0 0.5689389022264406 0.6274385869444784
pretend 0.5757307477490811 0.4376987463478591 0.6741660145976827 1.0 0.5651669132855477 0.6276763747563259
hardly 0.5739461534817133 0.43398474875356746 0.6730396595400487 1.0 0.5662743705109043 0.6289305732411584
enough 0.5739461534817133 0.43398474875356746 0.6730396595400487 1.0 0.5662743705109043 0.6289305732411584
respectable 0.5756388423508221 0.4369588847259412 0.672821216234012 1.0 0.5685794591901582 0.6288056709366557
person 0.5756388423508221 0.4369588847259412 0.672821216234012 1.0 0.5685794591901582 0.6288056709366557
eye 0.5755855423503712 0.43817981714100124 0.6716434383271341 1.0 0.5670050159480589 0.6290948682814715
lying 0.5753829572683464 0.4370237073774033 0.6722122375541192 1.0 0.5678273145772726 0.6280173846590081
cake 0.5717730579559916 0.4360619698058501 0.6735505268228942 1.0 0.5701542296736604 0.6272252764064848
currants 0.573330499151085 0.43669806139937817 0.6691726518715138 1.0 0.5699782345520824 0.6324774169489947
makes 0.5728457768965648 0.436959675101083 0.6721194755792764 1.0 0.5658957213140065 0.6280129904806394
grow 0.5720285330750945 0.43566123134271806 0.673823155153838 1.0 0.5642890910356486 0.6264483950766983
can 0.572636686218753 0.43597216716365667 0.6725220566869891 1.0 0.5647806200370326 0.6270386305452199
smaller 0.5708999800498079 0.4341301986115777 0.6747238297577317 1.0 0.5639998966593673 0.6265325083061606
creep 0.5721164865507034 0.4347504763328685 0.6721185129405993 1.0 0.5649842240821845 0.6277152705907725
