word v0 v1 v2 v3 v4 v5
alice 0.36039224472097003 0.39316250852572693 0.7452266821647963 1.0 0.35681794461596983 0.7253896279875914
was 0.36159667024110387 0.39340139823326725 0.7471308999976256 1.0 0.35707652003963464 0.7254352086692877
beginning 0.35892944256784515 0.39499965370231593 0.7482740848437108 1.0 0.358156019992706 0.7292320151911388
to 0.36125006219466665 0.39323292723536285 0.7472448441700793 1.0 0.35758201625533825 0.7251266570100993
get 0.36100527687874473 0.3933484305459434 0.7466085059617227 1.0 0.3571057251389271 0.7253698668746268
very 0.36182806430807074 0.39336456244353113 0.748387640406759 1.0 0.35740975369827993 0.7255128627751805
tired 0.3630189843412755 0.3932764365987474 0.7473012442575425 1.0 0.358336993506335 0.7275434233981771
of 0.3612388136577317 0.39311647582605797 0.746461610183902 1.0 0.3569466864317706 0.7253034065009065
sitting 0.3597799575181067 0.393367080466631 0.7474753959072764 1.0 0.35846830884479886 0.7277769982511137
by 0.3621267452691862 0.3936387226306827 0.7464165318422747 1.0 0.3573595242464403 0.7259394936491845
her 0.3608394891572382 0.3933846603931994 0.74822989953714 1.0 0.3576332554658592 0.7252014988389588
sister 0.3597401059995977 0.39344411306230903 0.7479842628875172 1.0 0.35862774677777953 0.727637193197602
on 0.36150164133588153 0.3931648857759489 0.7465192241190364 1.0 0.35664392048437965 0.7246733733192885
the 0.36167601318560183 0.3932841745011315 0.7468484697918172 1.0 0.35705600436323287 0.7255980790316421
bank 0.3593510244349265 0.3935859499594868 0.7488463183876714 1.0 0.35839815040086836 0.725670655293348
and 0.36083348254219805 0.39315781115071563 0.7459630849092919 1.0 0.35659603567115805 0.7251198868455402
having 0.3618590591923166 0.3927287021199271 0.7466339790176169 1.0 0.35627475598878844 0.7232838102590172
nothing 0.36148029309796226 0.39354450840454347 0.7477431072443289 1.0 0.3564412155967834 0.725074662336697
do 0.36132977340110867 0.39450666166619514 0.7498949957027835 1.0 0.358781547200686 0.7263983987080281
once 0.36120220967359945 0.393112304720381 0.7454789747160154 1.0 0.3575646166884001 0.7251809541201681
or 0.3608686848134109 0.39369743039443694 0.7470559260242446 1.0 0.3576112439523748 0.7263426099643617
twice 0.359808093999724 0.3939899558189502 0.7494343227111392 1.0 0.35861666038808354 0.7264490940193974
she 0.3614551128779469 0.39338205040757734 0.7467179117800127 1.0 0.35703139821105345 0.7248886154585621
peeped 0.35970027198428506 0.3935211118244795 0.7484929063681517 1.0 0.3587871146839819 0.7274974495479061
into 0.3615817961548199 0.39319250466727784 0.7452775848992302 1.0 0.3567720277996696 0.7252350784232462
book 0.3593271536953837 0.39424125144096345 0.7472166831089428 1.0 0.35804008812974825 0.7256511748791125
reading 0.3591191296655179 0.39319251634660773 0.7490151397182683 1.0 0.35900294189281057 0.7274953218282397
but 0.36263139363568386 0.3936807241601848 0.7482830716886716 1.0 0.35823044751771677 0.7267917201339119
it 0.3616834229144575 0.39346205958053576 0.7469256739418675 1.0 0.35711239469244827 0.7254223846765888
had 0.3619716783249595 0.3934830167691568 0.746871506423137 1.0 0.3573105734659131 0.7255150867243747
no 0.3623422770715696 0.39326161160373896 0.7480870664986135 1.0 0.3571797227637468 0.7270551093982172
pictures 0.3581716848419162 0.39304328941345884 0.7465493828162537 1.0 0.35717361506297607 0.724679764295477
conversations 0.3599553443086378 0.39446561563736976 0.7476526265717959 1.0 0.35848325470840087 0.7268214340388955
in 0.36113170385746207 0.3930466782372798 0.746343689436807 1.0 0.3562109976336589 0.7256621162432733
what 0.36082071743367927 0.39327313906885825 0.7467269763286157 1.0 0.35709383083733537 0.7250171024447152
s 0.36231665828437537 0.39369539429459127 0.7484741071774089 1.0 0.3575396048689322 0.7280812246192638
use 0.3622609849825255 0.39341982111477225 0.7462918360281788 1.0 0.3559990015334247 0.7281465607860842
a 0.3608777723563063 0.3929420295557306 0.7452051021060617 1.0 0.35601660160000836 0.7246536177955171
thought 0.3621243157615643 0.3939664860202297 0.7486439862513389 1.0 0.3577960112054185 0.7265713816799545
without 0.36144464949913774 0.39367978369963563 0.7453275035409026 1.0 0.35620088131670224 0.727274845952186
conversation 0.35692464850098815 0.3923324589545094 0.7447246225939173 1.0 0.3553261986256135 0.7260139603038815
so 0.3614658147082931 0.39347884255754856 0.7471781881291834 1.0 0.3574801262366098 0.7247362674945204
considering 0.35807766123544593 0.392910154739145 0.7456435279260177 1.0 0.35726843041339246 0.7243408224047871
own 0.3616200714404646 0.39309525406710905 0.746550478298219 1.0 0.35700641894528806 0.7248798840478085
mind 0.35834207055525324 0.39262792126309987 0.7450474425392699 1.0 0.35612859311767087 0.7246752075846955
as 0.36136374554739287 0.39369037247339544 0.7479348405724479 1.0 0.35716135399018634 0.7252463924615754
well 0.3605114093815104 0.39319937521832393 0.7470981288288151 1.0 0.35673725500817055 0.724320264443991
could 0.36193072654704744 0.39437102096050086 0.7465811166197465 1.0 0.35727325589612485 0.7253129224401966
for 0.361359983806225 0.39303667833621186 0.7464766542710563 1.0 0.35702047010865245 0.7248020210757367
hot 0.36202242633037646 0.3933860368926032 0.7462328633249034 1.0 0.3563995795691471 0.7255917370474785
day 0.36039404326766283 0.3936795893678337 0.7479387212063251 1.0 0.35889807044891303 0.7266645857006914
made 0.36149539687849863 0.3934046192037279 0.7473743794226976 1.0 0.35807338025114427 0.7255685846350981
feel 0.3602760222744884 0.39434643638096417 0.7485045501777625 1.0 0.35893265298527144 0.7262709319935822
sleepy 0.36038297061911545 0.3943021873092407 0.7483292479575102 1.0 0.358160263217888 0.7274867242044075
stupid 0.3602760222744884 0.39434643638096417 0.7485045501777625 1.0 0.35893265298527144 0.7262709319935822
whether 0.3618861106954099 0.39286425018028076 0.7495394892889097 1.0 0.3588107866428718 0.7280024481682588
pleasure 0.35854512193958293 0.3914485440087096 0.7462105422429903 1.0 0.3574783204130492 0.7259215840763577
making 0.35854512193958293 0.3914485440087096 0.7462105422429903 1.0 0.3574783204130492 0.7259215840763577
daisy 0.3573187642421696 0.39121238472624276 0.7466303755926411 1.0 0.3567071456961324 0.7245067121916717
chain 0.3573187642421696 0.39121238472624276 0.7466303755926411 1.0 0.3567071456961324 0.7245067121916717
would 0.361830688570331 0.39364377682773294 0.7468814843072299 1.0 0.3571285171098148 0.7254984912374627
be 0.3609758015596215 0.39289046893808494 0.744450375661571 1.0 0.3560658020004376 0.7255265212440414
worth 0.3573187642421696 0.39121238472624276 0.7466303755926411 1.0 0.3567071456961324 0.7245067121916717
trouble 0.35930485452231226 0.39331905910930903 0.7476355032768656 1.0 0.35546667141644034 0.7264147655765738
getting 0.3619298682633286 0.39392411499156227 0.7454350963919975 1.0 0.3568306445140927 0.7252728383426036
up 0.3621882637315081 0.39350635252743105 0.7464730931384589 1.0 0.3568644649779988 0.7254513071442755
picking 0.35930485452231226 0.39331905910930903 0.7476355032768656 1.0 0.35546667141644034 0.7264147655765738
daisies 0.35930485452231226 0.39331905910930903 0.7476355032768656 1.0 0.35546667141644034 0.7264147655765738
when 0.3614370305653648 0.3931085364179975 0.7450014495566096 1.0 0.3565663803404907 0.725611933593561
suddenly 0.3601294437840586 0.3930699225537314 0.7462114023301415 1.0 0.35651705604354056 0.7242953122779799
white 0.35947737341735286 0.393957360817249 0.7508448679357549 1.0 0.358461227387338 0.7252603168032645
rabbit 0.36029897702204516 0.3929624041710715 0.7469840491766118 1.0 0.3577589301339011 0.7245234168315176
with 0.36150993723411246 0.39332479114567975 0.7470426514498167 1.0 0.35668790111277676 0.7254435636062436
pink 0.35950525738452427 0.3936032068266751 0.7496241785636776 1.0 0.35899730740186 0.7241646712942296
eyes 0.3611224326191413 0.39358949954709016 0.7489371713623104 1.0 0.35816771695038546 0.7237074574800471
ran 0.3580936461830621 0.393747709024265 0.7469410922851037 1.0 0.35832916071772203 0.7252038092480647
close 0.3621582833429224 0.3940689490657616 0.7469078758260586 1.0 0.35873740147962785 0.7264285482528756
there 0.3614380183444105 0.3934916734904694 0.7475802872613678 1.0 0.35683100797820483 0.7257640240277449
remarkable 0.36128262882004514 0.39178890104226705 0.7498373777506794 1.0 0.35767913226120773 0.7258374801798813
that 0.3620622431166019 0.393267904907479 0.7476253642601448 1.0 0.35696388090884246 0.7256427465134441
nor 0.36128262882004514 0.39178890104226705 0.7498373777506794 1.0 0.35767913226120773 0.7258374801798813
did 0.36069796351535105 0.39295722828567464 0.7494150224436578 1.0 0.3573315077409947 0.7250248696053172
think 0.3602835756201931 0.39302025045165123 0.7466126779248904 1.0 0.35745358947064315 0.7246185722272263
much 0.360813102295722 0.39360173720810965 0.746947171263628 1.0 0.35681567176443707 0.7266057266031144
out 0.3608822402180033 0.39283348834179127 0.745575634668342 1.0 0.3566172978864445 0.7242568332073261
way 0.36134848870518893 0.3933948911390016 0.7477426842093868 1.0 0.3570684010410842 0.7247051575734096
hear 0.35993740580525097 0.3927549429957044 0.7396735059296978 1.0 0.3553283198274121 0.7283510303489713
say 0.3624780212755675 0.39398596854666085 0.747382160420629 1.0 0.3584583567214374 0.726529435383272
itself 0.3607433785568452 0.3925109614493144 0.7455586716265608 1.0 0.35783450534832634 0.7268805462170198
oh 0.3613948148141476 0.3936242301987181 0.7444576764741117 1.0 0.3563360244954996 0.7272331182157162
dear 0.3594658249864687 0.39357945333357663 0.7480512123478863 1.0 0.35691901564771067 0.7271026041001502
i 0.3615790964153219 0.3932110372150638 0.7471339048479937 1.0 0.35694881143334384 0.7248484218102245
shall 0.3615117964270214 0.3934293594431572 0.7493194364635763 1.0 0.35780035600569554 0.7252622636930578
late 0.3624598281987345 0.3943817078876321 0.745573908912821 1.0 0.3573253039224524 0.7258399291800774
over 0.360815077057448 0.3940660050960221 0.7481049910967418 1.0 0.35769753485039696 0.7252234195154909
afterwards 0.36074323302682465 0.39403346224545216 0.7502679379161963 1.0 0.3590243991963597 0.7253525878538707
occurred 0.36074323302682465 0.39403346224545216 0.7502679379161963 1.0 0.3590243991963597 0.7253525878538707
ought 0.3597901295674314 0.39358823774433127 0.7522597095277368 1.0 0.36034044567196183 0.7267778607251282
have 0.3605424837861007 0.39296889784716 0.7509244679597794 1.0 0.3583049160768413 0.7261591160324327
wondered 0.3597901295674314 0.39358823774433127 0.7522597095277368 1.0 0.36034044567196183 0.7267778607251282
at 0.3606982004631199 0.3931043634671276 0.7474027452255569 1.0 0.3574772911426287 0.7254780288747996
this 0.36187605557667946 0.3930333608034553 0.7477070851502917 1.0 0.35720714605588105 0.7250924207970251
time 0.36013681744798254 0.39311567106665024 0.7467793400502254 1.0 0.3571927153002894 0.7254209273387549
all 0.3625356522334855 0.39365192739118565 0.7479270557528859 1.0 0.3579648180205952 0.7262471893335427
seemed 0.36177846990467705 0.39318684904783463 0.7491577726961821 1.0 0.35660113332322 0.7272772351243292
quite 0.36273245913955104 0.3938817322092896 0.7511043708479463 1.0 0.35859047476106715 0.7269257422796974
natural 0.36168403902541807 0.39279033540726865 0.7526945132071564 1.0 0.359325858347125 0.7280926002567619
actually 0.3618283119733164 0.39209934652646544 0.7479669396538888 1.0 0.3577670013482282 0.7240296723857819
took 0.3598682014967596 0.39231553526916524 0.7486066478650639 1.0 0.35673926723661514 0.7233490372468883
watch 0.359735367970429 0.39284917374235573 0.7452151987959766 1.0 0.356519502616957 0.7221152243085365
its 0.35981741729957456 0.392252030437717 0.7460979533478491 1.0 0.355709610844504 0.7237919792600586
waistcoat 0.359735367970429 0.39284917374235573 0.7452151987959766 1.0 0.356519502616957 0.7221152243085365
pocket 0.3582913706081514 0.3920341634466526 0.7445397470577837 1.0 0.35638222651481555 0.7216193881242631
looked 0.3594055625648206 0.39337337167862585 0.7463129531578417 1.0 0.35695689624658217 0.7254531782321136
then 0.35984184424785987 0.39279204816002905 0.745668427266441 1.0 0.35706528204505056 0.7242396391723844
hurried 0.35649916573237383 0.39026778440016036 0.7439616466217349 1.0 0.35648116028296667 0.7209073148035083
started 0.35870136976931105 0.3917753464325005 0.7446883618060662 1.0 0.35680928912221904 0.7221824192987556
feet 0.35836226255392684 0.39189670199935794 0.7449464311091128 1.0 0.3552489734255529 0.7240664221390969
flashed 0.35900207984669275 0.3925042582066863 0.7449226026130118 1.0 0.35606653377922254 0.7233616254302956
across 0.3586406923212895 0.3924367350636753 0.7454831144626477 1.0 0.3560849060758221 0.723732701395354
she'd 0.35900207984669275 0.3925042582066863 0.7449226026130118 1.0 0.35606653377922254 0.7233616254302956
never 0.3606932998817975 0.39374773314457706 0.7472859324441555 1.0 0.3577029921421654 0.7243276468636543
before 0.3601750925214417 0.39329781926696733 0.7461158803854453 1.0 0.3572109393486603 0.7228369557449404
seen 0.3611469458702955 0.3929536037156908 0.7446302083712163 1.0 0.3556727714583671 0.7219739747542216
either 0.3622338284856708 0.39374966305090253 0.7484064349087282 1.0 0.3578980499173533 0.7249911935467364
take 0.3599363571383804 0.3936919923741737 0.7409525031221471 1.0 0.3560024403083787 0.7210184652472829
burning 0.3599363571383804 0.3936919923741737 0.7409525031221471 1.0 0.3560024403083787 0.7210184652472829
curiosity 0.3551544988808918 0.39313320795861467 0.7430684085858781 1.0 0.35623655019011774 0.7247565672348424
field 0.3582797539873882 0.3923692958494663 0.7460429296165153 1.0 0.3561032555363277 0.7241033161265336
after 0.3601977811731674 0.3926883851309854 0.7463034418182051 1.0 0.35611881093814085 0.7232925460106597
fortunately 0.35754802048908185 0.39195668073669077 0.7437584789298308 1.0 0.3569591268925845 0.7218885070000843
just 0.35686464579854926 0.392191329147013 0.7416665716883313 1.0 0.3557740956752558 0.7257055397801909
see 0.36115231963193917 0.39351366581654107 0.7471319530774001 1.0 0.3577750443948587 0.7252834824942931
pop 0.3559367461403274 0.39195080220914946 0.744071113135599 1.0 0.35772880237262605 0.7230816950306446
down 0.36056452342331274 0.3935864073898246 0.7471557915121168 1.0 0.35713849745760073 0.7247723029030254
large 0.3621574555765173 0.39318375273416384 0.7479246913859198 1.0 0.3577194845237628 0.7271195237556388
hole 0.35946566724721524 0.392443353275497 0.7457166881635007 1.0 0.3573264396797217 0.7248004177886064
under 0.3610523642255411 0.39206373179106285 0.745913427061188 1.0 0.3563634770632101 0.7229929333807682
hedge 0.35893257308576804 0.3917517511471504 0.7457268707560188 1.0 0.3578013708452311 0.7237325198540056
another 0.3590799187489196 0.39353273590273863 0.7474800296778602 1.0 0.35795632103702457 0.7255754606235367
moment 0.358506428964419 0.39254581910311537 0.7453292005907909 1.0 0.3562844956913074 0.7252269243115718
went 0.3595235430456422 0.3936054226948534 0.746001397129356 1.0 0.3569991450753384 0.725568399890305
how 0.36236038251025526 0.3935002587913529 0.7454150091313757 1.0 0.35704236695438346 0.7251442737884513
world 0.35973714983589594 0.39341086180003326 0.747148099938945 1.0 0.35841454762994435 0.7249487856191607
again 0.3621939681777687 0.39391665109403873 0.7504471536250246 1.0 0.3592427759446831 0.7257106392924528
straight 0.3602128146747123 0.39336884936300115 0.7494187070471944 1.0 0.35881127333520424 0.7243932457552368
like 0.3607197684828805 0.3927263885161787 0.7457831181553507 1.0 0.3568136948717633 0.7252752451141102
tunnel 0.3602128146747123 0.39336884936300115 0.7494187070471944 1.0 0.35881127333520424 0.7243932457552368
some 0.36125206927664827 0.39402271286006046 0.7497015409605513 1.0 0.3574180604594816 0.7246085926775264
dipped 0.36125206927664827 0.39402271286006046 0.7497015409605513 1.0 0.3574180604594816 0.7246085926775264
not 0.3616916665758996 0.39348971189197673 0.7452683533786704 1.0 0.35681979907216615 0.7249577547802555
about 0.36060583764810095 0.39294716485176606 0.7454573681033511 1.0 0.3564008351919157 0.7248648927097179
stopping 0.3593945412486943 0.3925688498288384 0.7464388340755463 1.0 0.35817305339657673 0.72136560518954
herself 0.36256478835781575 0.39284122365033003 0.7463906433356599 1.0 0.35652928700484143 0.7239062136944668
found 0.3623124956350229 0.3936666758604372 0.7439919209176536 1.0 0.3553788452174071 0.7242685979702396
falling 0.36105574514998223 0.39465793083936335 0.7480064356887011 1.0 0.35782322893590457 0.7227068996180995
deep 0.3590399158424156 0.39242667305186996 0.7460588467596606 1.0 0.35561751194955993 0.7224463574836247
fell 0.36104041673333725 0.3933403995251408 0.7484009526386451 1.0 0.35731772315641813 0.7233923488251861
slowly 0.3593842294625542 0.39332483575416877 0.7449625089896956 1.0 0.35701100458245255 0.7233214164083531
plenty 0.35820576369076434 0.3935921811074532 0.7470070463120203 1.0 0.35717159930462633 0.7220990175705903
look 0.3601767857672985 0.39271308956370116 0.7466358617863587 1.0 0.3569827981210467 0.7240278340157323
wonder 0.3611403147926085 0.3930433332576803 0.7476177571953537 1.0 0.3570607913479156 0.7258284388325642
going 0.3623328413753262 0.39232733807245496 0.7453424553628043 1.0 0.35607676719049325 0.7249106395551905
happen 0.359930558322089 0.3906823945717846 0.7478592022383376 1.0 0.35492419557249183 0.7209155462622214
next 0.359930558322089 0.3906823945717846 0.7478592022383376 1.0 0.35492419557249183 0.7209155462622214
first 0.36260906739145293 0.39257187282513845 0.7478399872901044 1.0 0.3562161265806238 0.7245427665711734
tried 0.36071285611740606 0.39333147616383685 0.7459954816997821 1.0 0.35728910777217576 0.7235568055513841
make 0.36038946680958656 0.3927079351087433 0.7447781046552389 1.0 0.35660546922577313 0.7226584211877095
coming 0.35804763187936006 0.3934247647396177 0.7428188485581027 1.0 0.35685182777648167 0.7221447218551171
too 0.3628078125559963 0.39316019517609074 0.745249054190186 1.0 0.3553908628617218 0.7267556858575482
dark 0.36058467456571325 0.3936359214731724 0.7462488046814731 1.0 0.35719283042376465 0.7256372959611334
anything 0.35970441393732466 0.39386292527598044 0.7468990554357998 1.0 0.35752185014991794 0.7242197143779121
sides 0.36146138229904934 0.39486627758006076 0.7492601212040634 1.0 0.35894482188941806 0.7263798545500104
noticed 0.36178681181917993 0.39344127581525173 0.7466249670907762 1.0 0.35759560621293296 0.7245037193267388
they 0.3621637932616279 0.3942177983386075 0.7492388681341525 1.0 0.3587466319074964 0.7263288144089505
were 0.3630526722518181 0.3938664291930459 0.7476277581789884 1.0 0.3572046766730927 0.7257994611473032
filled 0.3606712714492279 0.3937040981154215 0.7486798046049256 1.0 0.3584963400246034 0.7252032750923538
cupboards 0.36177680019981795 0.39417660467407883 0.7506541801731786 1.0 0.359439100946898 0.7242350546325946
shelves 0.35946573654485314 0.3937576232831923 0.7495805233926599 1.0 0.3589419647666795 0.7230554726947116
here 0.359849971079848 0.3937012604760698 0.7472596915586803 1.0 0.35692128414827784 0.7250468362745278
saw 0.35831314651589063 0.39353267268325026 0.7451845775876528 1.0 0.3576967934243752 0.7233627723407645
maps 0.35757893391305395 0.39426592557941864 0.7480410940520673 1.0 0.35903538995393347 0.7212268162898379
hung 0.3584707799170541 0.3936035497366594 0.7459105877820142 1.0 0.3571921241353741 0.7205409295613898
upon 0.36030637418366057 0.3928891929638031 0.7437963607670628 1.0 0.3560005160273651 0.7236119776822716
pegs 0.3584707799170541 0.3936035497366594 0.7459105877820142 1.0 0.3571921241353741 0.7205409295613898
jar 0.3598525638727309 0.39296538497217337 0.7518973415125941 1.0 0.3582859110354573 0.7227223530228607
from 0.36112086111391933 0.3931803064903101 0.7452517247981395 1.0 0.3558042877547263 0.724872350218742
one 0.36273261742176965 0.39330785580581945 0.7487924743233133 1.0 0.35813125284922953 0.7252288988590588
passed 0.35902472162235355 0.39293347663490524 0.7508558377142129 1.0 0.3592320868353078 0.7233513638795169
labled 0.36058738320826494 0.39456139086045094 0.7537682450072771 1.0 0.36036993423752445 0.7241141817660817
orange 0.36058738320826494 0.39456139086045094 0.7537682450072771 1.0 0.36036993423752445 0.7241141817660817
marmalade 0.36058738320826494 0.39456139086045094 0.7537682450072771 1.0 0.36036993423752445 0.7241141817660817
great 0.36086281545014215 0.3932182274477317 0.7480137760323717 1.0 0.35767903400436196 0.7221593594383153
disappointment 0.3614518610538913 0.3942798369186744 0.7530313493015608 1.0 0.36131821541745424 0.7232015627834575
empty 0.36159562290312847 0.3937679212897161 0.7551820480058189 1.0 0.36111845577898327 0.7239781425966318
drop 0.3618031635566938 0.39340059837464403 0.7545576229418814 1.0 0.3608688468059755 0.7227762956221216
fear 0.3618031635566938 0.39340059837464403 0.7545576229418814 1.0 0.3608688468059755 0.7227762956221216
killing 0.3618031635566938 0.39340059837464403 0.7545576229418814 1.0 0.3608688468059755 0.7227762956221216
somebody 0.3623718255072326 0.39361168517439793 0.7517403771241498 1.0 0.3614033960063238 0.7229257627747507
managed 0.3623718255072326 0.39361168517439793 0.7517403771241498 1.0 0.3614033960063238 0.7229257627747507
put 0.36035926953221664 0.3934112779072227 0.7492126653311585 1.0 0.3584609868317051 0.7227030101109962
past 0.36288532035234383 0.39465038976758526 0.7526338981180037 1.0 0.3603844128447746 0.7232642143074038
such 0.36258371816299734 0.39296182148951536 0.7474699163751571 1.0 0.35552359537893996 0.7234878170708346
fall 0.3611547585340561 0.3931224752477315 0.748258907891951 1.0 0.3567437229862082 0.7247099271289134
tumbling 0.3605011120485187 0.3920212092613453 0.7430851790847879 1.0 0.3521751683572504 0.7247570486140039
stairs 0.3605011120485187 0.3920212092613453 0.7430851790847879 1.0 0.3521751683572504 0.7247570486140039
brave 0.3581231580351074 0.39169992036249146 0.7417785005342741 1.0 0.3540888806368011 0.7255195784580767
ll 0.36176859301770437 0.3938637467360558 0.7485160326888175 1.0 0.3581902016610739 0.7252719093998595
me 0.3618887403217568 0.39330438127390877 0.7474908527083385 1.0 0.35671435933518836 0.724701780917986
home 0.35774918642980447 0.3930740022170416 0.7432180550897373 1.0 0.3579961910018816 0.7225244025365295
why 0.3599673226131389 0.39273524252728814 0.7444941102993756 1.0 0.35735294463134676 0.7240355151779374
n't 0.3613160484617103 0.39328720862067523 0.7496359295115348 1.0 0.35606311226945697 0.724499249173993
even 0.3615701582550604 0.39318763902877585 0.7435257489208857 1.0 0.3554284629888909 0.7249453922388951
if 0.3621839167183281 0.39318304733877985 0.7454424455382722 1.0 0.3555864367483608 0.7248947277547082
off 0.3610570967816156 0.3933930041025704 0.7474560441325315 1.0 0.3571422026217359 0.7245366241374385
top 0.3596651257396366 0.3928243734204007 0.7471043413523575 1.0 0.3560674983897176 0.723490286691812
house 0.3596651257396366 0.3928243734204007 0.7471043413523575 1.0 0.3560674983897176 0.723490286691812
which 0.36278617394045437 0.3931601867040676 0.7468567097005672 1.0 0.3567383162402337 0.7243997481222624
likely 0.3607814732227392 0.39251799014152566 0.7491572204449956 1.0 0.3587383744513754 0.7247338380748096
true 0.3607814732227392 0.39251799014152566 0.7491572204449956 1.0 0.3587383744513754 0.7247338380748096
come 0.3628488468875712 0.39303885240655156 0.7494102005623371 1.0 0.35716153818079377 0.7278299322714058
an 0.36262185348437365 0.3946939180050703 0.7507138708052725 1.0 0.35936534897660405 0.7260372161986978
end 0.3613661083802176 0.3925793507354773 0.7457967245481264 1.0 0.35748593654316824 0.7240347551908652
many 0.36258329240013254 0.394093775488057 0.7482043385385133 1.0 0.35717961640831153 0.7234177813824381
miles 0.3611803177266894 0.39256253678703384 0.7440288210501211 1.0 0.3547545800235423 0.724427737012988
ve 0.3629893366779227 0.394167542997087 0.7483614932555651 1.0 0.3582337813028449 0.725722814009568
fallen 0.3634122136031693 0.39445810077703614 0.747780617830043 1.0 0.3565847849501536 0.7243385943833399
said 0.3619794184155647 0.39307259894960384 0.7468828912142956 1.0 0.35707707255553256 0.725323403862926
aloud 0.3621364702821779 0.39424640299714947 0.7467933581583154 1.0 0.3562556052102149 0.722846118027642
must 0.361269671426808 0.3930825748871267 0.7471599662953584 1.0 0.3577788178696197 0.7237404448320903
somewhere 0.361555365598194 0.3943199098207462 0.7471534559198776 1.0 0.3594499059096585 0.7244981974558625
near 0.3608580400867067 0.39329312626430263 0.7458398637081827 1.0 0.3580875829782484 0.7241520670081595
centre 0.3608580400867067 0.39329312626430263 0.7458398637081827 1.0 0.3580875829782484 0.7241520670081595
earth 0.36328530063030934 0.3931041377400479 0.747896642319465 1.0 0.3560883806653991 0.7251793273891421
let 0.362713900767999 0.3922305197395007 0.7428023953163895 1.0 0.35367519567637046 0.7243250255577253
four 0.358967890280646 0.3906835074642919 0.740309750525663 1.0 0.3529403396487158 0.7245161020673457
thousand 0.358967890280646 0.3906835074642919 0.740309750525663 1.0 0.3529403396487158 0.7245161020673457
you 0.36120934186284215 0.39384208978347013 0.7468961760472105 1.0 0.356895582999508 0.7257337206176613
learnt 0.35708507320119215 0.39141994135427755 0.7419715639221659 1.0 0.3551243985917792 0.7249437790473399
several 0.3602008044625304 0.39241492700413555 0.744059716527489 1.0 0.35572655780401874 0.7265150666471274
things 0.3618232220639263 0.39294644178052746 0.7480557757748361 1.0 0.3581067736086276 0.7238756360906341
sort 0.3606622668285208 0.3925458107153155 0.7464037998574491 1.0 0.3560864473354506 0.7263362784329379
lessons 0.3596207757280683 0.3922120385253564 0.7453011987886978 1.0 0.35754696335056535 0.7255678047331539
schoolroom 0.3614590378382324 0.3933328226989935 0.7505383417965432 1.0 0.35840523336710783 0.7256942193079106
though 0.36314000745992503 0.39347968158761654 0.7492165763481329 1.0 0.35758349001299533 0.7252253802213336
good 0.3645072816801152 0.39405162846024105 0.7509155811261152 1.0 0.3589012363438035 0.725370600435048
opportunity 0.3627701534413934 0.39198060048600936 0.7487550465182004 1.0 0.3571388418176886 0.7261298468991082
showing 0.3612641297790255 0.3940363410843091 0.7494062868788943 1.0 0.3575660271967157 0.7269684031444434
knowledge 0.3612641297790255 0.3940363410843091 0.7494062868788943 1.0 0.3575660271967157 0.7269684031444434
listen 0.3619148046270542 0.39411693353906924 0.7508044423842178 1.0 0.35868759568946545 0.726551130781181
still 0.36144406129062145 0.394535267742364 0.7501673854829894 1.0 0.3575112493857274 0.7275421533784345
practice 0.36417013749581 0.3955096755359997 0.7521510766935581 1.0 0.3606364058774214 0.7268535089450024
yes 0.3638691744209358 0.3947543834930938 0.7492772210527937 1.0 0.35889157669532784 0.7275398143742144
right 0.36405316942284827 0.39376649515197015 0.7499854485363349 1.0 0.35735903760754073 0.7264442314855623
distance 0.3638691744209358 0.3947543834930938 0.7492772210527937 1.0 0.35889157669532784 0.7275398143742144
latitude 0.3641900437867736 0.39474192835270727 0.7513381929943778 1.0 0.35948811492848415 0.7284780521667767
longitude 0.364363022375528 0.3950333391383417 0.752680505861688 1.0 0.3611205891028432 0.7284323459352547
got 0.3610494761253539 0.39276840940421376 0.7428773045930745 1.0 0.3566715013728712 0.7258058189112054
idea 0.3653942168560512 0.39539343349353234 0.7540354649242773 1.0 0.36066113684360557 0.7293229488667233
nice 0.3636639248000498 0.39356991496436555 0.7483395009711291 1.0 0.3572940982041715 0.7270548197242205
grand 0.36690943724055325 0.39603157427182034 0.7569314100691127 1.0 0.36439819517075334 0.7266435206008297
words 0.3668797516882905 0.394393579192259 0.752828285452829 1.0 0.3592932034219454 0.7250160856435265
presently 0.36669174611112093 0.3949998117209266 0.75652419056261 1.0 0.362095240075975 0.7278644966045175
began 0.36277381759129557 0.3948890615479493 0.7514119424080153 1.0 0.35937998632322765 0.7282111390893043
through 0.3631340303527237 0.3943428524661211 0.7484429757888797 1.0 0.35806956718206634 0.7255716894668669
funny 0.3647475743527006 0.39340696316031964 0.7515918328240908 1.0 0.35912012467874843 0.7271523028801797
seem 0.3647475743527006 0.39340696316031964 0.7515918328240908 1.0 0.35912012467874843 0.7271523028801797
among 0.3623103212689082 0.3926367086616891 0.7477995177992715 1.0 0.35673368057907123 0.7271717559768976
people 0.3623193484624442 0.3935362069011007 0.7471593298227672 1.0 0.35690231424229923 0.7252907749531743
walk 0.3631246202968194 0.3934048675092842 0.7500302392187137 1.0 0.35699311623827773 0.7270021149181668
their 0.3647273987012651 0.393907049402079 0.750939549804489 1.0 0.3573419682977564 0.7267743498204028
heads 0.36321871685290885 0.3932513053317364 0.7512998283915504 1.0 0.35767854300658464 0.7265440935522949
downward 0.36321871685290885 0.3932513053317364 0.7512998283915504 1.0 0.35767854300658464 0.7265440935522949
antipathies 0.36321871685290885 0.3932513053317364 0.7512998283915504 1.0 0.35767854300658464 0.7265440935522949
rather 0.36237320365894155 0.39351962439536 0.749045830199199 1.0 0.3578979867087156 0.7265732198877054
glad 0.3639143462420473 0.39356728022845555 0.7506159970751106 1.0 0.35727889912577926 0.7243092690386262
listening 0.36331725176326163 0.3929893052943916 0.7499720034477793 1.0 0.3570236721442621 0.7234041251441125
sound 0.3636597438196384 0.3926963020263722 0.750454282916186 1.0 0.3554097410523867 0.7261587208438285
word 0.3636597438196384 0.3926963020263722 0.750454282916186 1.0 0.3554097410523867 0.7261587208438285
ask 0.36079843131648726 0.3934449959609928 0.7496369475460569 1.0 0.35846556442777827 0.7259159015920973
them 0.36314819662666703 0.3936811844704701 0.7490057063676105 1.0 0.35706879214128023 0.7254980266345052
name 0.3594787241471725 0.39268514019310075 0.7484154305827793 1.0 0.357083159204826 0.7268338245493956
country 0.3594787241471725 0.39268514019310075 0.7484154305827793 1.0 0.357083159204826 0.7268338245493956
is 0.35905502487717544 0.39272100049249914 0.7462323042668456 1.0 0.3559546105212285 0.724624078383258
know 0.36090524399483426 0.3930548647110829 0.7485623871208543 1.0 0.3580985484600846 0.7258271985144982
please 0.35881754364753327 0.39287918007395417 0.7482512592087799 1.0 0.35706006464808554 0.7270753015551995
ma'am 0.35881754364753327 0.39287918007395417 0.7482512592087799 1.0 0.35706006464808554 0.7270753015551995
new 0.3593259339021261 0.39483013473265366 0.7452246776628683 1.0 0.3595456782838509 0.7246509915122549
zeland 0.3593259339021261 0.39483013473265366 0.7452246776628683 1.0 0.3595456782838509 0.7246509915122549
australia 0.3593259339021261 0.39483013473265366 0.7452246776628683 1.0 0.3595456782838509 0.7246509915122549
curtsey 0.3593309936773755 0.3950074109741814 0.7465634397181232 1.0 0.35967424629811023 0.7259657999666334
spoke 0.3595710456700274 0.39466967825898136 0.747141849839243 1.0 0.355786563457233 0.7262157769319123
fancy 0.36037634516911216 0.3935998634685401 0.7457974682617009 1.0 0.3562087727186151 0.7245782725427999
curtseying 0.3595710456700274 0.39466967825898136 0.747141849839243 1.0 0.355786563457233 0.7262157769319123
re 0.36096622179842563 0.39601035500690945 0.7492556694311905 1.0 0.3597077200051134 0.7243067334750833
air 0.3603871283457362 0.39484736053184954 0.7498580411573338 1.0 0.3584256070592548 0.7258972890273773
manage 0.36063856891354923 0.395879746094475 0.7518758614095785 1.0 0.36090285809975775 0.7268141908624334
ignorant 0.36289327148250605 0.395416533892322 0.7505145288254922 1.0 0.3594273476016646 0.7261943430432638
little 0.3625144964255659 0.39359625119576774 0.7453067421930536 1.0 0.3567384270321551 0.7254184927291696
girl 0.36289327148250605 0.395416533892322 0.7505145288254922 1.0 0.3594273476016646 0.7261943430432638
asking 0.3600494225819156 0.39342601641273817 0.7467140350167079 1.0 0.35797111261638653 0.7260626787950694
perhaps 0.36225476475000506 0.3953497467285319 0.7484709543672319 1.0 0.36081627998751037 0.7248453571933905
written 0.36225476475000506 0.3953497467285319 0.7484709543672319 1.0 0.36081627998751037 0.7248453571933905
else 0.3603334284834264 0.39441977256224037 0.7477084889685343 1.0 0.35649268718198035 0.7259056535935696
soon 0.36173448930785956 0.3930209880950077 0.7474874728792138 1.0 0.35610655527112983 0.7244943062188323
talking 0.3611399748411256 0.3954113530120687 0.7495593800973028 1.0 0.35865976837516356 0.7280633242563682
dinah 0.36114083712658174 0.39470030341412937 0.75009058510485 1.0 0.35733323818763923 0.7260312215106117
miss 0.36135948934643897 0.3959492174771285 0.7526667936661335 1.0 0.3601967279592908 0.7283542930663756
night 0.3607152309452157 0.3931398290957358 0.7534880714461476 1.0 0.3594021277288244 0.7254664839997312
should 0.3598337399648778 0.392205165940059 0.745744966980972 1.0 0.3566353500026076 0.7239650936823966
cat 0.3613858562951771 0.3944023704110952 0.7528030905498849 1.0 0.3589697685102806 0.7271646177737731
hope 0.3608788430630328 0.3946246910018164 0.7503526652598949 1.0 0.35911231622709505 0.7274072666864967
remember 0.36188930552838927 0.394070032249376 0.749993603306359 1.0 0.35775357003199076 0.7242810245650378
saucer 0.3608788430630328 0.3946246910018164 0.7503526652598949 1.0 0.35911231622709505 0.7274072666864967
milk 0.3592587352774346 0.3936513622268161 0.7489156882788341 1.0 0.35788774494129627 0.7261775122010865
tea 0.3592587352774346 0.3936513622268161 0.7489156882788341 1.0 0.35788774494129627 0.7261775122010865
my 0.3623777681792851 0.39325040154026114 0.7428880457585177 1.0 0.3550872949970036 0.7266479182004892
wish 0.3615081369716748 0.3935225230112694 0.7459789779835058 1.0 0.3558299854619483 0.7251278266739178
are 0.35953693172360485 0.3938437569851869 0.7496766921666765 1.0 0.3558574507867858 0.7270374155421163
mice 0.3598112369010905 0.39369079665559326 0.7504570821618061 1.0 0.35715058335943506 0.7274790498477522
m 0.3598112369010905 0.39369079665559326 0.7504570821618061 1.0 0.35715058335943506 0.7274790498477522
afraid 0.3598112369010905 0.39369079665559326 0.7504570821618061 1.0 0.35715058335943506 0.7274790498477522
might 0.36090799444425264 0.39325640904255427 0.7470606085651079 1.0 0.357219176672964 0.7267404328752767
catch 0.3585721900505569 0.39316066340332945 0.7524112011290838 1.0 0.3587791229981559 0.7276856992908945
bat 0.3585532801409754 0.3929864988231232 0.7473431056916107 1.0 0.3562724731934136 0.7269051883641163
mouse 0.3607072892837095 0.3927424250068315 0.7534556222932592 1.0 0.3601281726122983 0.7261614715583773
cats 0.36117165595558287 0.39420191900434554 0.7505157759334724 1.0 0.35821607725740334 0.7268896389042496
eat 0.36168045395264675 0.3936881656695762 0.7480053954074 1.0 0.35654513960118017 0.7254693197079504
bats 0.3620360488701128 0.394956614047862 0.7511483544533929 1.0 0.35960560228667765 0.7273982155761088
saying 0.36058565725283626 0.39421522808551257 0.7477881790055324 1.0 0.3566229966789189 0.72454497474631
dreamy 0.3587112188961259 0.39403646116334884 0.746621118622123 1.0 0.35718989397887113 0.7252956986765798
sometimes 0.3631993842117128 0.393652819365778 0.75074677560866 1.0 0.3581838393390668 0.7264916649925658
couldn't 0.36183839668853096 0.3946171251092909 0.7522358909541875 1.0 0.3582995933829151 0.7272357994973533
answer 0.36183839668853096 0.3946171251092909 0.7522358909541875 1.0 0.3582995933829151 0.7272357994973533
question 0.36183839668853096 0.3946171251092909 0.7522358909541875 1.0 0.3582995933829151 0.7272357994973533
matter 0.36041469314373625 0.39376397315661493 0.7526920259519242 1.0 0.3569863223627792 0.7245065352796168
felt 0.3600303770724863 0.39269180531856507 0.7455180361674526 1.0 0.35615978993692193 0.7232293930432944
dozing 0.35768457572334034 0.39457989906377106 0.7452766666847829 1.0 0.35682661823442485 0.7237456353687751
begun 0.3593943952329116 0.39304368920054117 0.7478031547187454 1.0 0.3571828985466845 0.7250226683403842
dream 0.3575998222381643 0.3937142873294498 0.7475693945653075 1.0 0.35565025924132915 0.7252204208923588
walking 0.3575998222381643 0.3937142873294498 0.7475693945653075 1.0 0.35565025924132915 0.7252204208923588
hand 0.36002715603383906 0.39405376728591435 0.7482613804308074 1.0 0.3558531023217706 0.7245082018907003
earnestly 0.3625974255729507 0.39530013375459616 0.7497649604691995 1.0 0.35764737521992124 0.7245575113417299
now 0.362862448728874 0.3936713595481689 0.7482250132797212 1.0 0.35658966305981243 0.7261726351307431
tell 0.3608906519548436 0.39559405290620636 0.7471906582202434 1.0 0.3556695082456272 0.7256528091955413
truth 0.3608906519548436 0.39559405290620636 0.7471906582202434 1.0 0.3556695082456272 0.7256528091955413
ever 0.36076542474287865 0.39285797166110625 0.7442421894232711 1.0 0.3557701822144324 0.7238674063230924
thump 0.3580106979515103 0.3930971635104198 0.7405806612175089 1.0 0.3550554907346695 0.7272939812554658
came 0.36077923661724326 0.3929902967225451 0.7426251102672773 1.0 0.35563465919066206 0.72533176066082
heap 0.3581669378679142 0.39211699611791273 0.742071887581651 1.0 0.35536975279373445 0.7254092610523435
sticks 0.3581669378679142 0.39211699611791273 0.742071887581651 1.0 0.35536975279373445 0.7254092610523435
dry 0.3581669378679142 0.39211699611791273 0.742071887581651 1.0 0.35536975279373445 0.7254092610523435
leaves 0.3581669378679142 0.39211699611791273 0.742071887581651 1.0 0.35536975279373445 0.7254092610523435
bit 0.35792908886452196 0.39156761682810987 0.7404224801123767 1.0 0.35188125219954597 0.7250890023473037
hurt 0.35792908886452196 0.39156761682810987 0.7404224801123767 1.0 0.35188125219954597 0.7250890023473037
jumped 0.35792908886452196 0.39156761682810987 0.7404224801123767 1.0 0.35188125219954597 0.7250890023473037
overhead 0.3600952544528459 0.39443215576978885 0.7502538140238502 1.0 0.3576127379200667 0.7269891213676883
long 0.3616420394098615 0.3935671608678123 0.7445376189967675 1.0 0.35550483603496275 0.7256004039202129
passage 0.3593290649003714 0.39348977538226754 0.7435380862106709 1.0 0.35577722303082654 0.7263253582042413
sight 0.36097405840354013 0.394952943932543 0.7495313306317803 1.0 0.3563367533999658 0.728531617160124
hurrying 0.36097405840354013 0.394952943932543 0.7495313306317803 1.0 0.3563367533999658 0.728531617160124
lost 0.35623126808900607 0.3926621470337491 0.7392404765041521 1.0 0.3535264468385718 0.7295872765979956
away 0.35623126808900607 0.3926621470337491 0.7392404765041521 1.0 0.3535264468385718 0.7295872765979956
wind 0.3553560388376883 0.39003389625740836 0.735946141240355 1.0 0.35352808465323726 0.73150686185273
turned 0.36120238770985835 0.39338703111755546 0.7383960374728054 1.0 0.35493751495386117 0.7285125714834761
corner 0.36120238770985835 0.39338703111755546 0.7383960374728054 1.0 0.35493751495386117 0.7285125714834761
ears 0.36460756507226755 0.3924279041886528 0.742045654311018 1.0 0.3546172052393905 0.7258127450292703
whiskers 0.36338784526111306 0.39305261408937325 0.7394328334769136 1.0 0.3545116561722234 0.7277716767248688
it's 0.36410937856490994 0.39392040040702136 0.744509558894505 1.0 0.35682667444731103 0.7259563967645976
behind 0.3620781091390313 0.3933868129344134 0.74258582663983 1.0 0.3563448048640047 0.725321930799034
longer 0.3657897975356174 0.39297548599030946 0.7426939068583805 1.0 0.35728505324699505 0.7265154097036943
low 0.36288512004834733 0.3936367181121274 0.7420501568993552 1.0 0.35629566664738166 0.7250407125840483
hall 0.3637683175674263 0.39329175834521596 0.7441422478587384 1.0 0.3567679024410398 0.727498024144339
lit 0.3632494559061406 0.3930542167217038 0.7402452314459087 1.0 0.3564228094372607 0.7245453329370477
row 0.3632494559061406 0.3930542167217038 0.7402452314459087 1.0 0.3564228094372607 0.7245453329370477
lamps 0.3632494559061406 0.3930542167217038 0.7402452314459087 1.0 0.3564228094372607 0.7245453329370477
hanging 0.3632494559061406 0.3930542167217038 0.7402452314459087 1.0 0.3564228094372607 0.7245453329370477
roof 0.3637994588071661 0.3933598035649444 0.7425929337675844 1.0 0.3573120621714334 0.724895853982702
doors 0.3635655205982861 0.39300847014353457 0.7439225062915606 1.0 0.3573486772133376 0.7267682379004001
around 0.36489077203554754 0.395475667205809 0.7461052516561065 1.0 0.35775401246286415 0.7301680186543541
locked 0.36203887669698964 0.3944725674458637 0.744474521895834 1.0 0.3579694776005564 0.7281035804283262
been 0.36466763980234174 0.39349466919353554 0.7440967064792872 1.0 0.3575206226725475 0.7272994953983586
side 0.36466763980234174 0.39349466919353554 0.7440967064792872 1.0 0.3575206226725475 0.7272994953983586
other 0.3635641398148693 0.393813277114056 0.7476830807063057 1.0 0.3580183234497017 0.7241984055910676
trying 0.3648942249961345 0.39335368752366695 0.7464181313541542 1.0 0.3576781937897435 0.7253885103526277
every 0.362854900721931 0.3934358283033115 0.7442023652896079 1.0 0.357007547087122 0.7250934255613066
door 0.3615871835239397 0.39300400159816995 0.7425337987707719 1.0 0.355246853912194 0.7249719540133598
walked 0.3628236288525249 0.39300705471469766 0.7442132688843157 1.0 0.3557771962399516 0.726657845198263
sadly 0.3628236288525249 0.39300705471469766 0.7442132688843157 1.0 0.3557771962399516 0.726657845198263
middle 0.3628236288525249 0.39300705471469766 0.7442132688843157 1.0 0.3557771962399516 0.726657845198263
wondering 0.36506323249387423 0.3930235317354848 0.7459732634047062 1.0 0.35725183954037887 0.7235139408215947
three 0.3621482110575172 0.3922291133828316 0.7429434755691193 1.0 0.3548228896449803 0.7242464694761762
legged 0.3621482110575172 0.3922291133828316 0.7429434755691193 1.0 0.3548228896449803 0.7242464694761762
table 0.3638351104191682 0.3934759862849212 0.7467958398202978 1.0 0.3563522200256587 0.7259274342666954
solid 0.3627097933575137 0.3924666470168789 0.7462488226158536 1.0 0.35721761551780823 0.7248691046259332
glass 0.36323348918563403 0.3930871821933301 0.7480920460484553 1.0 0.3571531697123952 0.7240676719763176
except 0.36299530066805796 0.39460077929463333 0.7495774595483746 1.0 0.357886409526917 0.7232152122952294
tiny 0.36299530066805796 0.39460077929463333 0.7495774595483746 1.0 0.357886409526917 0.7232152122952294
golden 0.3617926109177069 0.393955167038144 0.7456678146294438 1.0 0.35720546467466163 0.7234971213044177
key 0.3614179836497659 0.3933334820847698 0.7458422679353506 1.0 0.35684116991527937 0.7251457741239431
belong 0.36333176166009656 0.3926574059546941 0.7452510599422824 1.0 0.357385264196534 0.7286391869795604
alas 0.36285824926411014 0.3925246412406499 0.7422770692100471 1.0 0.3572746540599543 0.7282296262846423
locks 0.3637235087610533 0.39314373562184546 0.7467872882130417 1.0 0.3559334923068662 0.7292578447651561
small 0.36201971944126216 0.3934753177143762 0.7447411204028087 1.0 0.35515414270495094 0.7246560869540357
any 0.3613503996289292 0.3934627524988597 0.7455324631541942 1.0 0.3570603566205805 0.7242145928432457
rate 0.3610774035829243 0.3944123829425109 0.7452964169955569 1.0 0.3572039274216942 0.7244297818828167
open 0.3618147904590441 0.39428780887521375 0.7455631765668395 1.0 0.3572467390695826 0.7244006757295994
however 0.3627402429749878 0.3931247197107162 0.7456065681564965 1.0 0.3561281870377204 0.7253064616875452
second 0.36143639306925185 0.3937480687842151 0.7448485262665043 1.0 0.3570369174713456 0.7250312864972873
round 0.3614952068389387 0.39386372505928524 0.7449874057579908 1.0 0.3567246118037935 0.7242733705306758
curtain 0.36128415258663826 0.39468070410170797 0.7429735912669315 1.0 0.3567260144564288 0.7249825603569515
fifteen 0.36047425609774475 0.39415599741152113 0.7428734855822913 1.0 0.35474028212958564 0.7253803369680728
inches 0.36262824819277767 0.3933196797954783 0.7470089797250823 1.0 0.35583783376899375 0.7267159334497318
high 0.36262824819277767 0.3933196797954783 0.7470089797250823 1.0 0.35583783376899375 0.7267159334497318
lock 0.36027820136597793 0.3921646046982451 0.7430339510700535 1.0 0.35406723095315307 0.7211249968180784
delight 0.36027820136597793 0.3921646046982451 0.7430339510700535 1.0 0.35406723095315307 0.7211249968180784
fitted 0.3609053417553143 0.3927169383942752 0.7364680286967614 1.0 0.35251480539917796 0.7201617827172518
opened 0.3618536305871549 0.393029821042968 0.7431416936570056 1.0 0.3546083896288995 0.7235041564651487
led 0.35939473203827715 0.3925739775746763 0.7375685399048487 1.0 0.35357016141844655 0.7269534982494299
larger 0.3602015361478332 0.3923244512757326 0.7424459670094959 1.0 0.3553333088639984 0.7243650702503912
than 0.3592494522649397 0.3922069092252211 0.7419829470539216 1.0 0.3553561127305794 0.7262822133428517
rat 0.3592494522649397 0.3922069092252211 0.7419829470539216 1.0 0.3553561127305794 0.7262822133428517
knelt 0.3592494522649397 0.3922069092252211 0.7419829470539216 1.0 0.3553561127305794 0.7262822133428517
along 0.3591420380548102 0.3935871279553052 0.7409870017508847 1.0 0.3558406234952761 0.7256649734362415
loveliest 0.3594847946257259 0.393424468984641 0.7417306060947749 1.0 0.3563257252523136 0.7262753139868676
garden 0.3619318893179536 0.39287711401424336 0.7433000139021025 1.0 0.35598964695981355 0.7266052982125805
longed 0.3623794162564017 0.39245114230757405 0.7441019666526589 1.0 0.3560751539419035 0.7261122138821602
wander 0.3614991441027544 0.3918714947835066 0.745577348525481 1.0 0.3564752395449782 0.7273407466652907
those 0.3614247878813026 0.3922364649043122 0.745734572334796 1.0 0.3571149218539924 0.7269546618878082
beds 0.3613502074232011 0.3926025356684201 0.7458922702852058 1.0 0.35775653325804446 0.7265674127913849
bright 0.3613502074232011 0.3926025356684201 0.7458922702852058 1.0 0.35775653325804446 0.7265674127913849
flowers 0.3613502074232011 0.3926025356684201 0.7458922702852058 1.0 0.35775653325804446 0.7265674127913849
cool 0.3613502074232011 0.3926025356684201 0.7458922702852058 1.0 0.35775653325804446 0.7265674127913849
fountains 0.3636724806986115 0.39461481460845804 0.7463388807685452 1.0 0.35840579087627117 0.7274606482774388
head 0.36242519200841555 0.39307949080113225 0.7424058254661466 1.0 0.3552444698785335 0.7260083979086491
doorway 0.362116828073872 0.39387529027977314 0.7445767220108244 1.0 0.35574436028358547 0.7255313277954015
go 0.3622298186644788 0.3942134646068896 0.7433362834346726 1.0 0.3575837387776396 0.7273775266024313
poor 0.3613476948778201 0.39301545848942704 0.743271530767487 1.0 0.3565150848992442 0.7251559216370965
shoulders 0.3659856107246738 0.39503335628254604 0.7459331801779203 1.0 0.35707962010160677 0.728541578601389
shut 0.3634085495380701 0.3938769808609512 0.7430991817074835 1.0 0.35586921407564487 0.7250519397249452
telescope 0.36304466698444315 0.39423734072056593 0.7458745403268132 1.0 0.3567717838631694 0.7253668537002248
only 0.36344232894397754 0.3933946996672419 0.7491371435918139 1.0 0.35744972607832665 0.7265676358887757
begin 0.3621031409853088 0.3943072492991072 0.747133359771018 1.0 0.35796900518259694 0.7250816972920453
happened 0.3631891545892769 0.39287105594021055 0.7474654077314244 1.0 0.35615098311095644 0.7240023555765945
lately 0.36118593661002124 0.3923742239300458 0.7480365199752321 1.0 0.35871294872562165 0.7248252498568069
few 0.3615983087916224 0.3915557662054016 0.7473522757840771 1.0 0.3571953669585072 0.7247010582932261
indeed 0.36324159547130125 0.3925519752871906 0.7484303334243682 1.0 0.35750544358111347 0.7254163235211422
really 0.3633918060324256 0.3941663620683916 0.7447841975674729 1.0 0.3534893939009643 0.7245645944679427
impossible 0.3633918060324256 0.3941663620683916 0.7447841975674729 1.0 0.3534893939009643 0.7245645944679427
waiting 0.362342402743098 0.39389415887749935 0.7463119616580061 1.0 0.35622749321792435 0.7296503167165955
back 0.36279277767331064 0.39460689445676733 0.746583509134356 1.0 0.3575177776147346 0.7270162913669542
half 0.3614301492575285 0.3937512895591277 0.7457171941783406 1.0 0.3578012121959126 0.7300510340513412
hoping 0.3614301492575285 0.3937512895591277 0.7457171941783406 1.0 0.3578012121959126 0.7300510340513412
find 0.36003270807168347 0.39355770241264537 0.7449536710509184 1.0 0.3575979169423238 0.7284244215807643
rules 0.36337416351009666 0.3946173507568143 0.7486027492179002 1.0 0.35737861873227833 0.7258022098318422
shutting 0.36266054922066343 0.393851890501845 0.7489155034963441 1.0 0.35763905429114595 0.724826792583138
telescopes 0.3636444231132742 0.3948338137648889 0.7493576980667073 1.0 0.35780728376223664 0.7263275349047509
bottle 0.36250262691074164 0.39412375078423817 0.7436712902012936 1.0 0.35558699510409203 0.7253751123216489
certainly 0.3605622883449967 0.39250764772726704 0.7388048979647064 1.0 0.3558642220939951 0.7242939980134491
neck 0.36155376240424963 0.39397887357985356 0.7451256755403457 1.0 0.3564136772214554 0.7235187819688575
paper 0.36155376240424963 0.39397887357985356 0.7451256755403457 1.0 0.3564136772214554 0.7235187819688575
label 0.3660434410841641 0.39275389595603977 0.7491173321450239 1.0 0.35728751972459605 0.7250517440102853
drink 0.3645271386110938 0.3935024234648633 0.7482034486111122 1.0 0.357034418014253 0.7257446293749137
beautifully 0.36604620861054254 0.39317992069412083 0.7501302018472407 1.0 0.35643105376209344 0.7237131827469324
printed 0.3677971861866517 0.3934615112336059 0.7523160000664677 1.0 0.35855804756217285 0.7248586594517373
letters 0.3668404724818039 0.39446173174604077 0.752929574313384 1.0 0.3594930127645378 0.7290393922210163
wise 0.3656616133452159 0.3949871230099874 0.7496593809245442 1.0 0.36026176268001847 0.7265219195484166
hurry 0.3662499079476744 0.39415794369997537 0.7517874140395739 1.0 0.3601035307708768 0.7268569946336463
marked 0.36286274886284475 0.3937328087940616 0.7450477564011612 1.0 0.35580598881930836 0.7258522027720133
poison 0.36344277730593144 0.39403680662797036 0.7457193608735837 1.0 0.35731820665702213 0.72707953938103
read 0.3636652448621946 0.3942212443443547 0.7453859315047052 1.0 0.3564718830501061 0.7281173338853058
histories 0.36078058056940354 0.3926177271162113 0.7428187749854754 1.0 0.3539069451227855 0.7274619159875865
children 0.36146201077970824 0.39206038351210476 0.7423441237503148 1.0 0.35487243793540635 0.7239401878453753
who 0.36146201077970824 0.39206038351210476 0.7423441237503148 1.0 0.35487243793540635 0.7239401878453753
d 0.3605531230302422 0.3923121132350049 0.7416347192714133 1.0 0.3550664494583946 0.7239444603690419
gotten 0.36146201077970824 0.39206038351210476 0.7423441237503148 1.0 0.35487243793540635 0.7239401878453753
burnt 0.36146201077970824 0.39206038351210476 0.7423441237503148 1.0 0.35487243793540635 0.7239401878453753
eaten 0.3629387281516696 0.3927035872351983 0.7458840691845703 1.0 0.3560323632967687 0.7236811632620321
wild 0.3629387281516696 0.3927035872351983 0.7458840691845703 1.0 0.3560323632967687 0.7236811632620321
beasts 0.3629387281516696 0.3927035872351983 0.7458840691845703 1.0 0.3560323632967687 0.7236811632620321
unpleasant 0.3642739296921593 0.39419101904583775 0.7511664991939472 1.0 0.35902988476591574 0.7233026905618577
because 0.3642739296921593 0.39419101904583775 0.7511664991939472 1.0 0.35902988476591574 0.7233026905618577
simple 0.3643936904843264 0.3947918131825013 0.7532477267704465 1.0 0.3584517044319719 0.7251133995467351
friends 0.36632640180446513 0.39440804841898763 0.7518467185337372 1.0 0.3576899986456304 0.7265471212171755
taught 0.36632640180446513 0.39440804841898763 0.7518467185337372 1.0 0.3576899986456304 0.7265471212171755
red 0.36649665108077706 0.3942095351602426 0.7488077754526367 1.0 0.35513718877230344 0.7266725771456383
poker 0.36483955907115057 0.39437908363700247 0.7432534393787927 1.0 0.3535784176806122 0.725519952951404
will 0.36483955907115057 0.39437908363700247 0.7432534393787927 1.0 0.3535784176806122 0.725519952951404
burn 0.36483955907115057 0.39437908363700247 0.7432534393787927 1.0 0.3535784176806122 0.725519952951404
hold 0.36483955907115057 0.39437908363700247 0.7432534393787927 1.0 0.3535784176806122 0.725519952951404
cut 0.36098955479762784 0.39379589274640964 0.7404082911268387 1.0 0.3527080374937746 0.7253490456178412
your 0.36194766640171494 0.3920511192833153 0.7405666263252485 1.0 0.35344448737014966 0.7263284195323235
finger 0.36194766640171494 0.3920511192833153 0.7405666263252485 1.0 0.35344448737014966 0.7263284195323235
deeply 0.36194766640171494 0.3920511192833153 0.7405666263252485 1.0 0.35344448737014966 0.7263284195323235
knife 0.36194766640171494 0.3920511192833153 0.7405666263252485 1.0 0.35344448737014966 0.7263284195323235
usually 0.36319770273261787 0.3937170838709123 0.7409224410557713 1.0 0.35362616178838213 0.7267922864115934
bleeds 0.36319770273261787 0.3937170838709123 0.7409224410557713 1.0 0.35362616178838213 0.7267922864115934
forgotten 0.3615351501168488 0.3934179575920856 0.7430985763174075 1.0 0.35487610819810506 0.724986519376863
almost 0.3638888463320673 0.3947500742858627 0.7453408154647433 1.0 0.3564209039270732 0.7286154647249259
certain 0.3638888463320673 0.3947500742858627 0.7453408154647433 1.0 0.3564209039270732 0.7286154647249259
disagree 0.3638888463320673 0.3947500742858627 0.7453408154647433 1.0 0.3564209039270732 0.7286154647249259
sooner 0.36297792616951263 0.39361725316575735 0.7461384425861881 1.0 0.35626675878030667 0.7284850131321493
later 0.36297792616951263 0.39361725316575735 0.7461384425861881 1.0 0.35626675878030667 0.7284850131321493
ventured 0.3614650859819134 0.3910308933008548 0.7435360661888399 1.0 0.35642153904515456 0.7253107034172658
taste 0.3614650859819134 0.3910308933008548 0.7435360661888399 1.0 0.35642153904515456 0.7253107034172658
finding 0.3630443465943582 0.3915210841821179 0.7449235516936059 1.0 0.35547490342313237 0.725405907436713
fact 0.3638980184956935 0.39178525481153254 0.7458396633274325 1.0 0.35491547765498027 0.7273750139379155
mixed 0.3638980184956935 0.39178525481153254 0.7458396633274325 1.0 0.35491547765498027 0.7273750139379155
flavor 0.3638980184956935 0.39178525481153254 0.7458396633274325 1.0 0.35491547765498027 0.7273750139379155
cherry 0.36340631618914254 0.3923630017219226 0.746099499867713 1.0 0.3576711023593848 0.7251209676240536
tart 0.36340631618914254 0.3923630017219226 0.746099499867713 1.0 0.3576711023593848 0.7251209676240536
custard 0.3629630825911704 0.39361400449129363 0.7478775698153226 1.0 0.35677225270835256 0.7259432940438547
pine 0.3629630825911704 0.39361400449129363 0.7478775698153226 1.0 0.35677225270835256 0.7259432940438547
apple 0.3629630825911704 0.39361400449129363 0.7478775698153226 1.0 0.35677225270835256 0.7259432940438547
roast 0.3629630825911704 0.39361400449129363 0.7478775698153226 1.0 0.35677225270835256 0.7259432940438547
turkey 0.36084560260230264 0.3921069879039567 0.7474937533988524 1.0 0.35671365471029703 0.7245943466779377
toffee 0.36084560260230264 0.3921069879039567 0.7474937533988524 1.0 0.35671365471029703 0.7245943466779377
buttered 0.36084560260230264 0.3921069879039567 0.7474937533988524 1.0 0.35671365471029703 0.7245943466779377
toast 0.3651426537522725 0.3928734345337691 0.748932800976638 1.0 0.3552773932046207 0.7248662922554722
finished 0.3626237359232057 0.3920859741859069 0.7458405649398454 1.0 0.3560049021333309 0.7240967613136784
curious 0.3608319231673653 0.3921988085607641 0.743599628598651 1.0 0.35488920773202004 0.7230199109200774
feeling 0.36210563091375625 0.39324336646094793 0.7458889786016957 1.0 0.3555886018063883 0.7244894894983841
ten 0.36477642402412025 0.3924856204253199 0.7511333071024616 1.0 0.35693242177182993 0.7280479235201422
face 0.36477642402412025 0.3924856204253199 0.7511333071024616 1.0 0.35693242177182993 0.7280479235201422
brightened 0.3631218738386392 0.39296045863548584 0.74977706664661 1.0 0.35705035087672055 0.7256679066837654
size 0.3648294360620375 0.3936462545106834 0.7471958293434227 1.0 0.3566446953704903 0.7260495389384037
lovely 0.3643071451526318 0.39400871072822824 0.7467956735773056 1.0 0.35689815085326976 0.7263724349867983
waited 0.36264535393800956 0.3915774085464142 0.7472678432749478 1.0 0.355540155426047 0.7238628840352367
minutes 0.3615579126387397 0.3914600398353608 0.7475717367606007 1.0 0.35630964570252577 0.7252698201659783
shrink 0.36143165509862796 0.3907519793416246 0.7459716678469299 1.0 0.356589191985198 0.7236011965754618
further 0.36143165509862796 0.3907519793416246 0.7459716678469299 1.0 0.356589191985198 0.7236011965754618
nervous 0.3617100539919121 0.392170150209228 0.7443356332559794 1.0 0.35678936106070946 0.7239798844566873
altogether 0.36017854825747986 0.3927187507038443 0.740006961162567 1.0 0.35331866176072185 0.7252392021964228
candle 0.3585390836286595 0.3921813591305245 0.7415286057942541 1.0 0.35384944092160725 0.7238504606603373
flame 0.36117597055032186 0.3925375865633608 0.744462559159367 1.0 0.35662800710528325 0.7229523059640744
blown 0.3585330897419798 0.39242353898931953 0.7444501453317209 1.0 0.3544975114786222 0.7218992199177336
thing 0.361983643520088 0.3929930110085583 0.7469894094905116 1.0 0.3570992335649762 0.7227286804681198
while 0.3639827933026724 0.39322863297082483 0.7483150341277729 1.0 0.35523004528013535 0.7234932586111915
more 0.3646176717170887 0.3920094327310194 0.7463058224758129 1.0 0.35453182563441116 0.7255007536415766
decided 0.36199862146298406 0.39120091789368233 0.7413724004557911 1.0 0.3547469640308007 0.7271669203652713
possibly 0.36434068796991115 0.395385197276617 0.7472555514422122 1.0 0.35698027823380635 0.7259720044798484
reach 0.3618523367874367 0.3934047982344685 0.7467785169972305 1.0 0.3564393356418477 0.724349621428229
plainly 0.36376896666510244 0.39387701215445436 0.7494110114850359 1.0 0.3579149125077057 0.7240819668937
best 0.3639978346564846 0.39363784424187015 0.7499925670788593 1.0 0.35847491620894256 0.7261840643377213
climb 0.3639978346564846 0.39363784424187015 0.7499925670788593 1.0 0.35847491620894256 0.7261840643377213
legs 0.3679183197897811 0.3934209764683256 0.7496322129827827 1.0 0.35524081527552936 0.728150982792764
slippery 0.3663159978823668 0.39169728210552207 0.7478442580339244 1.0 0.35448276990787747 0.7261221967103038
sat 0.36357874887747743 0.3931881682436684 0.7475893172746576 1.0 0.35850034647255785 0.7251292989444329
cried 0.36307217808317294 0.39195764942768646 0.7500961812842031 1.0 0.35663784328673837 0.7285007462077012
crying 0.36258945925627 0.39197181972649275 0.7474314840609043 1.0 0.3580785263224118 0.7281009296864182
sharply 0.36270498051020145 0.392734953120799 0.7483594596666383 1.0 0.35903016833723717 0.7267194987060447
advise 0.3640467444489494 0.39344840348240107 0.7496616636021463 1.0 0.3592579132172734 0.7243884804231624
leave 0.3640467444489494 0.39344840348240107 0.7496616636021463 1.0 0.3592579132172734 0.7243884804231624
minute 0.3658377272681323 0.39374953383172695 0.7495227666339085 1.0 0.35889971810878524 0.721499849232415
generally 0.36658869901444374 0.394681797893938 0.7518572204117527 1.0 0.3589453930156448 0.7231315482493119
gave 0.36658869901444374 0.394681797893938 0.7518572204117527 1.0 0.3589453930156448 0.7231315482493119
advice 0.36658869901444374 0.394681797893938 0.7518572204117527 1.0 0.3589453930156448 0.7231315482493119
seldom 0.36584515255214606 0.39323148060078833 0.752528698114787 1.0 0.358598162070703 0.7244503353312015
followed 0.36584515255214606 0.39323148060078833 0.752528698114787 1.0 0.358598162070703 0.7244503353312015
scolded 0.364090688593677 0.3912986200021452 0.7500137381001397 1.0 0.3556143537128366 0.72510289449695
severely 0.3647033696857411 0.39175678363471356 0.7469160481655552 1.0 0.3536410092126332 0.7233299648104115
bring 0.3647033696857411 0.39175678363471356 0.7469160481655552 1.0 0.3536410092126332 0.7233299648104115
tears 0.36274206996107833 0.3935757713985278 0.748249118210311 1.0 0.35733686346898114 0.7232495475697
remembered 0.36556802792124343 0.3934393159017141 0.7479312208021172 1.0 0.35782372390505707 0.723765216577982
box 0.3643931800672776 0.39318007640455216 0.7482786295516424 1.0 0.35707518803374416 0.7235076383104111
cheated 0.36583034450726004 0.3918016272253279 0.7446650293134119 1.0 0.35472301907264486 0.7238488994230687
game 0.3629979551654469 0.3918031410206 0.7429514605869864 1.0 0.3554419749229971 0.7224726897721233
croquet 0.3629979551654469 0.3918031410206 0.7429514605869864 1.0 0.3554419749229971 0.7224726897721233
playing 0.3629979551654469 0.3918031410206 0.7429514605869864 1.0 0.3554419749229971 0.7224726897721233
against 0.3629979551654469 0.3918031410206 0.7429514605869864 1.0 0.3554419749229971 0.7224726897721233
child 0.36178930729981323 0.39273096846850447 0.7436352654585585 1.0 0.35485716298627423 0.7230897126769221
fond 0.36178930729981323 0.39273096846850447 0.7436352654585585 1.0 0.35485716298627423 0.7230897126769221
pretending 0.36178930729981323 0.39273096846850447 0.7436352654585585 1.0 0.35485716298627423 0.7230897126769221
two 0.3612552956075963 0.3929540442799127 0.7446267601012526 1.0 0.35640513074626884 0.7239177497628677
pretend 0.3600523825804818 0.39299934994990066 0.7453279587587638 1.0 0.3565081271770202 0.7236126274284288
hardly 0.3621781337801595 0.3923976015336151 0.7457659515543892 1.0 0.35671182247220784 0.7255416376276549
enough 0.3621781337801595 0.3923976015336151 0.7457659515543892 1.0 0.35671182247220784 0.7255416376276549
respectable 0.36272034485238047 0.3919944593528464 0.74672819386011 1.0 0.3563602633280007 0.7231697170435714
person 0.36272034485238047 0.3919944593528464 0.74672819386011 1.0 0.3563602633280007 0.7231697170435714
eye 0.36223382312620384 0.3925697383307023 0.748917269931713 1.0 0.35582533175200376 0.7234924354080848
lying 0.363224736088078 0.3929222499731491 0.748624144641391 1.0 0.3563307322907318 0.7232514640535488
cake 0.3676882028841826 0.39441046100199995 0.752473411619917 1.0 0.3562352791024962 0.7233648872707383
currants 0.36113646296623714 0.3928280476922037 0.7430489210980646 1.0 0.35130531241807567 0.7221993924593657
makes 0.36071293852960407 0.3918715516857764 0.7452430830280349 1.0 0.3553584111460603 0.7228882458284838
grow 0.36027291297858144 0.39155167641516225 0.7454850761550058 1.0 0.3553932159323196 0.7227747934456837
can 0.36019699327086413 0.3914831301636945 0.7448526482725601 1.0 0.35543366175747015 0.7223717678949493
smaller 0.3611535273118479 0.39165678414579475 0.7446638467855313 1.0 0.3548823129143132 0.7228042214429454
creep 0.3610013170215347 0.3915197145158812 0.7434001306100357 1.0 0.35496342379739143 0.7219986099742437
