word v0 v1 v2 v3 v4 v5
alice 0.4528032129647266 0.6572624003267675 0.8191378112046093 1.0 0.7490878504122174 0.8940329197627975
was 0.45349410744769697 0.6591012265856124 0.818269065448434 1.0 0.7481799334992189 0.8929110092921544
beginning 0.4513472181842416 0.6565231477692243 0.8200948661825777 1.0 0.7432710226197772 0.8936118895556648
to 0.4527394727374141 0.658311819225933 0.8186945893846449 1.0 0.7484170543514811 0.8941005146518908
get 0.4537674921712403 0.6602901792975385 0.8209569539900777 1.0 0.7463851921339428 0.895473654426732
very 0.45171731268735177 0.657168655988768 0.8202276323349085 1.0 0.7478321223248708 0.8935303385434493
tired 0.45142143883057906 0.6568801862438282 0.8220061907276418 1.0 0.7477945546778156 0.8977527387579248
of 0.4533946055934847 0.6594421038495539 0.82069594006619 1.0 0.7479653601076837 0.894349569522742
sitting 0.45166651009261477 0.6592581400619476 0.8216161954624004 1.0 0.7448809344934123 0.8932047511908224
by 0.4525444265550764 0.6592031555339651 0.8202140523224836 1.0 0.7483131261575217 0.8937407496677658
her 0.45210016587890844 0.658501498062739 0.8200958393657269 1.0 0.7475153128573077 0.893695260213074
sister 0.45206434978739135 0.6592898289697077 0.8223087442891601 1.0 0.7476234586492309 0.8934365940533991
on 0.45205273343058 0.6574152035762303 0.8207570148856955 1.0 0.7486948514990139 0.8940447845832117
the 0.45319833133016957 0.6584460798273165 0.8193920954312706 1.0 0.747804290692083 0.8944852079576512
bank 0.4506123782457553 0.6607927201471145 0.8247892565137869 1.0 0.7465986095839642 0.8939193428888261
and 0.4533752492525284 0.659012712662697 0.8200729986919608 1.0 0.748751899432392 0.8947277715225596
having 0.45074553451913413 0.6554151939165359 0.8213294684430299 1.0 0.7469450352191599 0.8946398374197271
nothing 0.45245962159254494 0.6568991079308037 0.8191924137542596 1.0 0.7485164066841822 0.8923756729594652
do 0.4562228459974968 0.6595082362337759 0.8183309849266653 1.0 0.7481695981599856 0.8946527644660409
once 0.44986075253127455 0.6543694762442752 0.8204052189883125 1.0 0.7481945284875635 0.8935054056608666
or 0.45189460689012645 0.6588676319529911 0.8186032136669464 1.0 0.749086173797486 0.8922873117487472
twice 0.4515526825936421 0.6603132861481692 0.8230315090818838 1.0 0.7493053912293672 0.8915879892843013
she 0.45325289661898216 0.6582655957298598 0.8197701499455426 1.0 0.7481221173307423 0.8946852501708851
peeped 0.45246173670908546 0.6593214818129809 0.8230005049405034 1.0 0.7503628615953458 0.8936681730604357
into 0.4517337771902907 0.6556627141005973 0.8217912299124657 1.0 0.7481051529861784 0.8963600644786407
book 0.45282900409807464 0.659086534611201 0.821502688448026 1.0 0.7493570264231836 0.8940860207241512
reading 0.44784287573854437 0.6584529512565438 0.8215518551498106 1.0 0.7493944604171486 0.8928445179643317
but 0.45262294254781577 0.6585928479698542 0.8190807283849715 1.0 0.7476936172798905 0.892937883784612
it 0.45287978213269586 0.6579253552389787 0.8194572267303386 1.0 0.7484277933344896 0.8943691083932299
had 0.45310773931470527 0.6578826195924058 0.8192943073002982 1.0 0.7492396801188568 0.8947394577668474
no 0.4538967051428498 0.658056242799989 0.817118929352809 1.0 0.7472163036027129 0.8944768553593689
pictures 0.4508760967087321 0.6585956854121865 0.8208340406149743 1.0 0.7486670025987694 0.8922738567048601
conversations 0.44920921391092966 0.6590426025038509 0.8234354792328286 1.0 0.7479833953501626 0.894306636777423
in 0.45319253992772524 0.6596881898521271 0.8200923794986605 1.0 0.7484318870391351 0.8940952208069174
what 0.45017984236592584 0.6567662195488384 0.8163436151055831 1.0 0.7482744511068914 0.8927423131851314
s 0.45294773216098955 0.6567966482246936 0.8202256839789667 1.0 0.7485675272578893 0.8966266813633842
use 0.4512816385462134 0.6568283680319406 0.8232918969111961 1.0 0.7506713431118123 0.8962180305088168
a 0.45367713250912506 0.6589126789471103 0.8204820536814559 1.0 0.7487740917061406 0.8947063427270905
thought 0.4528623801519681 0.6588581348775576 0.821995694312553 1.0 0.7480401458611232 0.8949488478485791
without 0.4507535519904191 0.6580387188381637 0.8254005745372377 1.0 0.7517432341158853 0.8929809120928947
conversation 0.44930983710232114 0.657949218618238 0.8254432444544578 1.0 0.7498420354211977 0.888350027985642
so 0.4517549757731098 0.6563880799781292 0.8188825446025774 1.0 0.7494499894097743 0.8929149992115646
considering 0.450452970891169 0.6579279612115051 0.8186961736920768 1.0 0.7486984680276006 0.891238315860664
own 0.44954833069767464 0.6523001074714575 0.8193698223429986 1.0 0.7486824265046466 0.8936239686974516
mind 0.45180682893726104 0.6582510691931248 0.8202360384464155 1.0 0.74903812518451 0.8912515133678144
as 0.4543673676972118 0.6598700828320734 0.8174503552454582 1.0 0.7469078198911694 0.8938616858425048
well 0.45152654986363666 0.6567262843369388 0.8178900243562032 1.0 0.74709384703629 0.8911449426976779
could 0.45294404540475897 0.6579729178755447 0.8211205565907611 1.0 0.7475497732220496 0.8960765332222427
for 0.45115451090376507 0.6566688853506684 0.8187911165254521 1.0 0.7472603175279352 0.894191847434025
hot 0.4526275783567004 0.6568101208822917 0.8234200626169517 1.0 0.7475058113496525 0.8982553019657215
day 0.4494347938762139 0.6559000341926303 0.8198944444891952 1.0 0.7465167264736788 0.8915708638791664
made 0.45260037451180074 0.6619987796643118 0.8221999256143853 1.0 0.7490910747300836 0.8947375882602152
feel 0.4487467124315255 0.6587424969063485 0.822216067450623 1.0 0.7469121347458348 0.8910428554341284
sleepy 0.45268365384699044 0.6616495500368099 0.8189058381365173 1.0 0.7480370321275741 0.8926212615483331
stupid 0.4487467124315255 0.6587424969063485 0.822216067450623 1.0 0.7469121347458348 0.8910428554341284
whether 0.4522659266106245 0.6578775922314588 0.8223293849563647 1.0 0.7476590011173164 0.8935071448146449
pleasure 0.45029441152893696 0.6596887432853596 0.8234719885236929 1.0 0.7476755427317473 0.8884078818600014
making 0.45029441152893696 0.6596887432853596 0.8234719885236929 1.0 0.7476755427317473 0.8884078818600014
daisy 0.4528384035811551 0.6624936457944501 0.8279164679391965 1.0 0.7502953752554599 0.8934667903147637
chain 0.4528384035811551 0.6624936457944501 0.8279164679391965 1.0 0.7502953752554599 0.8934667903147637
would 0.45373439400250093 0.6599113808530108 0.8208564406651943 1.0 0.7497342397207002 0.8938994934626694
be 0.4516956173707997 0.658352118152052 0.8204171034765835 1.0 0.7493121037612319 0.8931540934642725
worth 0.4528384035811551 0.6624936457944501 0.8279164679391965 1.0 0.7502953752554599 0.8934667903147637
trouble 0.45431381718357755 0.6638113555944584 0.8269434506747183 1.0 0.7488824667714118 0.89391952687399
getting 0.45679294895626144 0.6650559730475998 0.8220221431601927 1.0 0.7493781027525033 0.8932038834951457
up 0.45304216697813776 0.6582382285590588 0.8203731724701908 1.0 0.7484938402378479 0.8953662518327736
picking 0.45431381718357755 0.6638113555944584 0.8269434506747183 1.0 0.7488824667714118 0.89391952687399
daisies 0.45431381718357755 0.6638113555944584 0.8269434506747183 1.0 0.7488824667714118 0.89391952687399
when 0.45511814757374247 0.6598672077876254 0.8223587785334703 1.0 0.749398639303862 0.8967819702453417
suddenly 0.4535601513472475 0.6621508292995473 0.819693740503491 1.0 0.7491765628055239 0.8908174017659993
white 0.45437949105557285 0.6624361912499993 0.8224154228348938 1.0 0.7484482326824718 0.8918537018273555
rabbit 0.45458306775056706 0.6617817463446679 0.820962898966691 1.0 0.7484321988674799 0.8921886430214475
with 0.45414288965797794 0.6589648970118648 0.8195725303406607 1.0 0.7480255505619992 0.8949725807319874
pink 0.4533608850273364 0.6601805620346235 0.8244615411579046 1.0 0.749481221939243 0.8942505800923948
eyes 0.4506303871140651 0.6553351767602872 0.8233065193417152 1.0 0.748928857782147 0.8966120595260542
ran 0.4514737334448902 0.6612215534806667 0.8234865459778447 1.0 0.7477592953329469 0.890246720836866
close 0.4537475492386421 0.6598533130725655 0.8211882607149511 1.0 0.747936547152483 0.8950713140770766
there 0.4543869632147432 0.6595823405298223 0.8183457598702256 1.0 0.7482060581472627 0.8943655754095902
remarkable 0.4491523897218312 0.6576511120875677 0.8215889124295761 1.0 0.7492687118144086 0.8877511118076916
that 0.4532374219312408 0.6574010240491474 0.8199406475550874 1.0 0.7482142087683652 0.8945798790419425
nor 0.4491523897218312 0.6576511120875677 0.8215889124295761 1.0 0.7492687118144086 0.8877511118076916
did 0.4543253440276447 0.6605888964503955 0.8170001555090085 1.0 0.7472063036035923 0.8920492763547639
think 0.4537145122161673 0.6591959927289317 0.816916024665834 1.0 0.7487150029610077 0.8923434912921223
much 0.45380272381559983 0.6586828875341542 0.8199051640738364 1.0 0.7492211735638326 0.8941067577941761
out 0.4525939087175805 0.6586491521411736 0.8203488369323557 1.0 0.7480968799569674 0.8934042155360418
way 0.4531232862604466 0.6600487026669045 0.8202824337994377 1.0 0.7479930860192583 0.8946571162343122
hear 0.45661597733625653 0.6619251174292214 0.8184502298027347 1.0 0.7500948367021791 0.8981045116063787
say 0.4540701716303118 0.6589762951025739 0.8165433060867618 1.0 0.7485974244844922 0.8943550753675252
itself 0.4537730705050077 0.6600788350675033 0.8221546237259529 1.0 0.7500108560498976 0.8974596843239758
oh 0.4551875763888805 0.6622726286836282 0.8229565311633009 1.0 0.7491642946846073 0.896759456936754
dear 0.4535770498568685 0.659584073860685 0.8215911010714516 1.0 0.7475444504259865 0.8948477046431772
i 0.4527821238791614 0.6578286056388661 0.8178075309273793 1.0 0.7485485385940347 0.8933974987545705
shall 0.4529035499493126 0.6591562100177605 0.8153817534205617 1.0 0.7465467011712305 0.8931517904073238
late 0.45652204621516235 0.6652306367294621 0.8242827098144404 1.0 0.7478784825708189 0.8952717195011273
over 0.4570479069824991 0.6637663074426201 0.8211488676589097 1.0 0.7484469033185535 0.8926526281650473
afterwards 0.4541785569418455 0.6628905370891313 0.8273452345136979 1.0 0.7477295570402709 0.8928017079415872
occurred 0.4541785569418455 0.6628905370891313 0.8273452345136979 1.0 0.7477295570402709 0.8928017079415872
ought 0.45360841094497106 0.6630345581081558 0.8255241715658106 1.0 0.7481085442231179 0.8920733882608965
have 0.4528490136000891 0.660257455540592 0.8184462674329157 1.0 0.7441228653108396 0.8905740820095187
wondered 0.45360841094497106 0.6630345581081558 0.8255241715658106 1.0 0.7481085442231179 0.8920733882608965
at 0.4516255638899976 0.6580294677764147 0.8198767283378265 1.0 0.7482147672747528 0.8924829446005588
this 0.4521073731596975 0.6566963598000783 0.8169875277031874 1.0 0.7479179827730523 0.8933009822782599
time 0.4546474373500344 0.6614970991056349 0.8193591772339675 1.0 0.7477194389778301 0.8921043384899867
all 0.45391132626892283 0.660894288191194 0.8200762734474958 1.0 0.7486612447515646 0.8947021912302003
seemed 0.4516685679489233 0.6625496047588546 0.8223144216072408 1.0 0.7501062580402806 0.8914580895283296
quite 0.4482265339895277 0.6560808234128985 0.8206621533412021 1.0 0.7471009781783304 0.893490929868805
natural 0.44889379119058437 0.6589554620095482 0.8211584742009013 1.0 0.7460653403861023 0.8874589837452347
actually 0.44903514288184737 0.6601814270568842 0.8204848745315177 1.0 0.7480962756119077 0.8868633140968024
took 0.45205424179858994 0.6607129250726232 0.8193787677522301 1.0 0.7460952652204167 0.8906520029099484
watch 0.45273868978208953 0.6635032296944955 0.8239244995638235 1.0 0.7513304153942935 0.8894596496153884
its 0.4495746031413012 0.6594299130803926 0.8222493080702868 1.0 0.7502626715958347 0.8883516544097747
waistcoat 0.45273868978208953 0.6635032296944955 0.8239244995638235 1.0 0.7513304153942935 0.8894596496153884
pocket 0.454820203481824 0.6643128728600575 0.824534581218914 1.0 0.7529602429786265 0.8916438442747456
looked 0.45458992350327315 0.660171308344798 0.8207383890246506 1.0 0.7480592417625513 0.8925821283160561
then 0.4484732047371244 0.6578430415085338 0.8173237805053267 1.0 0.7489165787414861 0.8902707839785947
hurried 0.44638977135264063 0.6616229784665597 0.8219036024038867 1.0 0.750185618697328 0.8867860490953723
started 0.44650838744663907 0.6594427741720761 0.819910344248969 1.0 0.7464118530503568 0.8870099173618006
feet 0.45187385551222375 0.6632808142993458 0.8220728542815839 1.0 0.7471634594330326 0.8903169610984614
flashed 0.454332463913251 0.6606761164842683 0.8212583382751837 1.0 0.7486806666840948 0.8919421742465892
across 0.45491806153606573 0.662491059124763 0.8219155112188745 1.0 0.7483656393476237 0.8922498020993418
she'd 0.454332463913251 0.6606761164842683 0.8212583382751837 1.0 0.7486806666840948 0.8919421742465892
never 0.45375541931985625 0.6581110724471516 0.8180613627981026 1.0 0.7491115225160194 0.8946585975999728
before 0.4549739027509906 0.6613874888088573 0.8220175979938565 1.0 0.7497453914589598 0.893662772338973
seen 0.45637048029979255 0.6611394416994925 0.8203187124254533 1.0 0.7479314965205806 0.8940131458731762
either 0.4546306204365442 0.6597666529878005 0.8196469401042695 1.0 0.7476110576626639 0.8946398817512998
take 0.45511672598118336 0.6657003146938866 0.8235207015939101 1.0 0.7494309769850175 0.8845102048950452
burning 0.45511672598118336 0.6657003146938866 0.8235207015939101 1.0 0.7494309769850175 0.8845102048950452
curiosity 0.4550428009875676 0.6634117219035051 0.8231916620969107 1.0 0.7472397886451964 0.8898396884209286
field 0.45550317278135877 0.6643044943354647 0.8225721383370098 1.0 0.748050873662172 0.892557174446835
after 0.4522714837012983 0.6573433152828293 0.8192215098624187 1.0 0.7480944566879754 0.8944777121308963
fortunately 0.4542119795102167 0.6664609871324713 0.8245091946108097 1.0 0.7485320254849425 0.8920690699814955
just 0.4559114739111376 0.665028949578199 0.819673704139841 1.0 0.7503192227291186 0.8921467176310323
see 0.45228563214745926 0.6589447952666726 0.818202726101285 1.0 0.7482739648286781 0.8923624906814575
pop 0.45509109854531593 0.666301695579432 0.8246415869434283 1.0 0.7473759606627445 0.8885930635011777
down 0.4531293895749586 0.6587370673800851 0.8166127542503379 1.0 0.7477744954335579 0.891731970692938
large 0.4534685548341408 0.6601241514592903 0.8205713650804003 1.0 0.7475357371038042 0.8923211955555083
hole 0.4533340970901612 0.6611216739260883 0.8196604814802655 1.0 0.7486921472861506 0.8916188385721581
under 0.4511941340247253 0.6573003110654326 0.8234332042922283 1.0 0.747903890738406 0.8952727290033434
hedge 0.45380230763214363 0.6655368512751136 0.8215408816898402 1.0 0.7491140629394778 0.88923006790465
another 0.4520038739282711 0.6601393324287297 0.8197473133244607 1.0 0.7495050176602753 0.8924493260108344
moment 0.45444805679098765 0.6614242706208906 0.8185076845879341 1.0 0.750001817855587 0.892304044502677
went 0.4531803594820895 0.659961712685203 0.817906657691404 1.0 0.7483525132244213 0.892500024879754
how 0.45424750966786376 0.6606986158671649 0.8191427384412134 1.0 0.747609550714992 0.8937164095787199
world 0.4493548330519857 0.6603582683195184 0.8202666708670523 1.0 0.7502872963245842 0.8898881189298982
again 0.45504259220290605 0.6621792199355382 0.8188930704418682 1.0 0.7491136473849385 0.8921315096679721
straight 0.45262163370781106 0.6593137789995149 0.8178802794224992 1.0 0.7491540455864779 0.8902028420092785
like 0.4518996064092252 0.6561395183381706 0.8198203367669282 1.0 0.7493827562248895 0.89558535314644
tunnel 0.45262163370781106 0.6593137789995149 0.8178802794224992 1.0 0.7491540455864779 0.8902028420092785
some 0.44875234522938645 0.6600308216579804 0.8163207293863123 1.0 0.7481669192119247 0.8896370890561996
dipped 0.44875234522938645 0.6600308216579804 0.8163207293863123 1.0 0.7481669192119247 0.8896370890561996
not 0.4535011306588812 0.6582267679080371 0.819807226490742 1.0 0.7485352805768418 0.8955180152070069
about 0.4520429909288003 0.6561334490519452 0.817927464527365 1.0 0.7484431821020573 0.894031448568371
stopping 0.4524027739100648 0.6562139093837226 0.8167768395446625 1.0 0.7509792003792461 0.888829028018024
herself 0.45180309636923915 0.6552959086907237 0.818530618770898 1.0 0.7497708118670764 0.8946499043916384
found 0.4524077842205275 0.6556461512602935 0.8208803163653712 1.0 0.748339925134389 0.8955595370748721
falling 0.4525537509648394 0.6575675106398536 0.8149147204050994 1.0 0.748366338541258 0.8892008189455898
deep 0.45096888278399233 0.6570360923440011 0.8154990278752163 1.0 0.7472703340875082 0.8877976050901185
fell 0.4522788684175066 0.6574302054105765 0.8152903947138422 1.0 0.7462739747459525 0.8933196294172954
slowly 0.4523803764181867 0.6615730555929469 0.8124147534794741 1.0 0.7441180215671004 0.8877620852133581
plenty 0.4527320217271495 0.65809061816018 0.8146469483512454 1.0 0.7443244198402016 0.8889552166740974
look 0.4534255423621023 0.6585298961003598 0.8178500129925907 1.0 0.7502419026968551 0.8912640506599787
wonder 0.45297759992751635 0.659248368311658 0.8171662782882967 1.0 0.7494036203224664 0.8926674781789106
going 0.4493844937817455 0.6538586905692083 0.8204735585072225 1.0 0.7496677797153548 0.8955262191977551
happen 0.4516179410449218 0.6577484375459818 0.815842264984923 1.0 0.7519928716018969 0.891558131870872
next 0.4516179410449218 0.6577484375459818 0.815842264984923 1.0 0.7519928716018969 0.891558131870872
first 0.45265259519008333 0.6581946539251728 0.8202675612390791 1.0 0.7483687519338712 0.8932637470364898
tried 0.4515215251228433 0.6562596442669656 0.8183706460662523 1.0 0.7478268167596402 0.8966448270724923
make 0.45129188365624795 0.6564194053799471 0.8193947750663169 1.0 0.7503584348500448 0.8978175312737146
coming 0.45143379157128827 0.6565376546254491 0.8128857468463644 1.0 0.7514413347216776 0.8886502285568947
too 0.45317652634384276 0.6583922590743048 0.8188208926460843 1.0 0.7485853201656971 0.8944651373086253
dark 0.4530915090867968 0.6595971362631463 0.8177851899339326 1.0 0.7464089378877097 0.8913343517196098
anything 0.45052888099253646 0.6571715698518347 0.8144578982067597 1.0 0.7490469784070748 0.8898233871813676
sides 0.4501738886210727 0.6567684042114676 0.8167950647300064 1.0 0.7453089364437272 0.8879121935542468
noticed 0.45534246713342796 0.6605456468216752 0.8189643661808502 1.0 0.7487221959412774 0.8935402800404074
they 0.4545572982750191 0.6579594435615502 0.815920320852528 1.0 0.748350592686878 0.8952100280546175
were 0.45400299468154476 0.6579441206888863 0.8174321694570861 1.0 0.7481610306843168 0.8943787075439097
filled 0.4537185502463602 0.6567659492703307 0.8150449599305805 1.0 0.7461736232272947 0.8909145451810678
cupboards 0.45590923356331936 0.6584823340030705 0.8155016288029572 1.0 0.7466215667965318 0.8925819990109206
shelves 0.4539049312841984 0.6610699293627593 0.8188274615593741 1.0 0.7477848220418313 0.8904865259700981
here 0.4568348612191942 0.6609191746939052 0.8182154521181583 1.0 0.7486934930114031 0.8945880787919614
saw 0.45557547142213506 0.6619946280553143 0.8194531211821439 1.0 0.7457306680231088 0.8951615937737799
maps 0.45563866285851956 0.6618286763688439 0.8175914208320515 1.0 0.7481937161989998 0.8908503936443708
hung 0.45550099624064344 0.6593869992829747 0.8154942224743847 1.0 0.7467571361878829 0.895628994176683
upon 0.45777406799681003 0.6645781932692432 0.8198600114351972 1.0 0.74912497999516 0.894900045039388
pegs 0.45550099624064344 0.6593869992829747 0.8154942224743847 1.0 0.7467571361878829 0.895628994176683
jar 0.452427570198397 0.6606276125457731 0.8175074654972135 1.0 0.74742012046167 0.8918597242186673
from 0.45476771584843756 0.6592626375560358 0.8187287239051892 1.0 0.7471989776312525 0.8944601369466617
one 0.45354565439530337 0.6585263330925847 0.8183681624974314 1.0 0.7458960175191589 0.8957187053280468
passed 0.4531986009151224 0.6617616685497141 0.8205811280840257 1.0 0.746380098393497 0.8921925544928367
labled 0.4530446681993523 0.6599009304309851 0.818360216997786 1.0 0.7494861803220881 0.8888439099292128
orange 0.4530446681993523 0.6599009304309851 0.818360216997786 1.0 0.7494861803220881 0.8888439099292128
marmalade 0.4530446681993523 0.6599009304309851 0.818360216997786 1.0 0.7494861803220881 0.8888439099292128
great 0.4536918833149509 0.6588964514278949 0.8156016826045251 1.0 0.7481401430235198 0.8937817544180224
disappointment 0.45123857990835226 0.6587869230196579 0.8159242897030372 1.0 0.7474695516543325 0.88976164006239
empty 0.4515957631015868 0.6586602194569907 0.8184222776168036 1.0 0.7503238784002734 0.8937748558822636
drop 0.449755489009907 0.660005537962644 0.8167446494391591 1.0 0.7507700053565834 0.8892488333749907
fear 0.449755489009907 0.660005537962644 0.8167446494391591 1.0 0.7507700053565834 0.8892488333749907
killing 0.449755489009907 0.660005537962644 0.8167446494391591 1.0 0.7507700053565834 0.8892488333749907
somebody 0.4570770531309537 0.6593461776246893 0.8119219473078438 1.0 0.7474108561038422 0.89054431925396
managed 0.4570770531309537 0.6593461776246893 0.8119219473078438 1.0 0.7474108561038422 0.89054431925396
put 0.4556111623761009 0.6612054599904406 0.8148581521646531 1.0 0.7482248843399057 0.8903654009295854
past 0.4581103777714573 0.6602069147693362 0.8159604783480681 1.0 0.7470716493736737 0.8942574152207869
such 0.4541194515792754 0.6576816031012916 0.8203550457210896 1.0 0.7477031229909465 0.8960811635702995
fall 0.45501877908882427 0.6616402916357543 0.8157629794680967 1.0 0.7492230898209149 0.89351063967254
tumbling 0.4550084911291095 0.659299861834495 0.8147286405442232 1.0 0.749101261418819 0.8928547797299892
stairs 0.4550084911291095 0.659299861834495 0.8147286405442232 1.0 0.749101261418819 0.8928547797299892
brave 0.4517725968895953 0.6573089342561197 0.8152007156362654 1.0 0.7493913970847242 0.8899336747826028
ll 0.45211805000896393 0.6563875603409155 0.816350939479689 1.0 0.7473398352119847 0.8931296627722836
me 0.45129146223844757 0.6555225929280958 0.8174271670174948 1.0 0.7485082050324142 0.8933785304793691
home 0.44970723649550876 0.6567719261118335 0.8163468273290381 1.0 0.7491210607403177 0.8881876402214596
why 0.4515603585175785 0.6570555624956748 0.8208866349478247 1.0 0.7500181710049401 0.8974111963048208
n't 0.4529814587870074 0.6595673533283387 0.8156037473823958 1.0 0.7459258419989833 0.8916423724644675
even 0.45409627167799904 0.6610617127756752 0.820394039724388 1.0 0.7467069661796838 0.8955721227009888
if 0.4524813830902911 0.6564963371587085 0.8204945519787777 1.0 0.7479284297214659 0.8966245824922875
off 0.45239093966310007 0.6578121714258854 0.8182228018880433 1.0 0.7464096770217135 0.8942229901743834
top 0.45054380942947536 0.6552670539624795 0.8114401913096868 1.0 0.7470337451392504 0.8916055139848257
house 0.45054380942947536 0.6552670539624795 0.8114401913096868 1.0 0.7470337451392504 0.8916055139848257
which 0.4528143909981439 0.65793387882735 0.8185155105203217 1.0 0.7467858447477747 0.8931004193332431
likely 0.4510891614068133 0.6543865589837814 0.8123708521046005 1.0 0.7445730176066085 0.8906857571543382
true 0.4510891614068133 0.6543865589837814 0.8123708521046005 1.0 0.7445730176066085 0.8906857571543382
come 0.4512404475779414 0.6540681977658976 0.8145995740125827 1.0 0.7487293147072297 0.8927083480987544
an 0.45247703233386144 0.659121964589446 0.8153765236662042 1.0 0.7469008918807227 0.891624000475362
end 0.45127164408223536 0.652596505855122 0.8161112064371507 1.0 0.7486796099019513 0.8936135075156617
many 0.4547118354159472 0.6596610981545851 0.8192409363541262 1.0 0.7496358686868217 0.8953612621794126
miles 0.4565505116346476 0.6619685636957977 0.8164275051342512 1.0 0.7516501041415523 0.8923191195650316
ve 0.45553463153342333 0.660171927776482 0.8148159391577559 1.0 0.7510757010545269 0.8925244517886525
fallen 0.45722520190813937 0.6595044478086423 0.8142977432114704 1.0 0.7512492510458348 0.8947770603723455
said 0.45208402943544607 0.6548871848694789 0.8201674796936292 1.0 0.7490658642611598 0.8951972010012409
aloud 0.45634706649241835 0.6628203962363445 0.8194189031809921 1.0 0.7518245090487726 0.8905741370904464
must 0.45080264602490167 0.6560967185343303 0.8156112084939325 1.0 0.7500748779561454 0.8903127241313435
somewhere 0.4530975010274424 0.6596280917679479 0.8144977484543526 1.0 0.7485799856038959 0.8911444062083445
near 0.4546042984957541 0.6631915908109419 0.8184446506787328 1.0 0.7522568184455498 0.8891248501359489
centre 0.4546042984957541 0.6631915908109419 0.8184446506787328 1.0 0.7522568184455498 0.8891248501359489
earth 0.4535490690722834 0.6609993944506857 0.8130563605544564 1.0 0.74900373041202 0.8893211689027223
let 0.454221809623835 0.6633363416144471 0.8151313853061758 1.0 0.7507626781919547 0.8839752324532516
four 0.45587921553091615 0.6644202833354319 0.8185465528466763 1.0 0.7520489406623917 0.8898735439402152
thousand 0.45587921553091615 0.6644202833354319 0.8185465528466763 1.0 0.7520489406623917 0.8898735439402152
you 0.45431922515948336 0.6584872589102543 0.8186842161695276 1.0 0.7477184692448905 0.8952265095719828
learnt 0.4544778543353841 0.6620964961156438 0.8169641385145615 1.0 0.7472038838532501 0.8889653098850593
several 0.45163769492814565 0.6561759094782599 0.8194127635597704 1.0 0.7470140227325 0.8919636509298038
things 0.45443509125281223 0.6596059853085305 0.8219501967087642 1.0 0.7495645231217336 0.8964945968647295
sort 0.4575992986664676 0.662462944028701 0.8217953055362682 1.0 0.7478457856980839 0.8964034357997716
lessons 0.4522055084077464 0.6613213972938401 0.8161945128156312 1.0 0.745032382179019 0.8893136428050649
schoolroom 0.45549181584468357 0.6612365346845727 0.8180591098171328 1.0 0.7448210994093236 0.8917047559539807
though 0.4536544293691101 0.658880904234978 0.8214122562058717 1.0 0.7463895322760428 0.8961413662544533
good 0.4531334171181224 0.6571859229588769 0.8185815641555659 1.0 0.7476679796523369 0.893014259368391
opportunity 0.4539810083329302 0.6619775523571835 0.818426426115084 1.0 0.7418988628260059 0.8927310218790949
showing 0.45546614028996996 0.6615507141919392 0.8176246138437123 1.0 0.7400597545810348 0.8954227262744198
knowledge 0.45546614028996996 0.6615507141919392 0.8176246138437123 1.0 0.7400597545810348 0.8954227262744198
listen 0.4539380667638176 0.6580595292460018 0.8142646820489143 1.0 0.7434174601227247 0.890546615742712
still 0.45505293821035153 0.6603700756915989 0.8160364954435837 1.0 0.7457427562082177 0.8927099162749046
practice 0.45644332043984304 0.6595006498307853 0.8158943463174803 1.0 0.7493175862688687 0.8905260830911527
yes 0.45301354239520275 0.6578972948321683 0.8129497000437641 1.0 0.7458529354090908 0.8922478202985633
right 0.4532151945440753 0.6592068252452484 0.815369002018649 1.0 0.7464077667668032 0.8952006632691917
distance 0.45301354239520275 0.6578972948321683 0.8129497000437641 1.0 0.7458529354090908 0.8922478202985633
latitude 0.45157874619197724 0.6590364693556577 0.813727836593478 1.0 0.7496372642611059 0.8898509237595225
longitude 0.4531690275736658 0.6599977441692918 0.8151171349792017 1.0 0.7499889471040865 0.8917751023914138
got 0.45443942868395165 0.6559062569984954 0.8195545678743094 1.0 0.7515376412597718 0.8968542312255574
idea 0.4508840967077883 0.6596104684777149 0.8118342448151152 1.0 0.7510708049158182 0.8900347103275241
nice 0.4534628898345274 0.6561865286252047 0.819480449835589 1.0 0.7489320833166725 0.8957626767108475
grand 0.45491920366811633 0.6592366519447534 0.8122829079711855 1.0 0.7458279109492825 0.8930899160513806
words 0.4515066458317486 0.6548222571342145 0.8173764975799104 1.0 0.7471408173055196 0.895336142697669
presently 0.4561282056189896 0.6638354396738443 0.8140314557313911 1.0 0.7481264379089008 0.8900289869899857
began 0.4552731369079365 0.662312039244312 0.8154086589729838 1.0 0.7496110462543887 0.8922155343855772
through 0.4533948404270445 0.6590155283109065 0.8199319199751723 1.0 0.7482913507637589 0.8969002164762248
funny 0.449665400820434 0.6550664259916427 0.8074178896718153 1.0 0.7443275404687945 0.8928355683067621
seem 0.449665400820434 0.6550664259916427 0.8074178896718153 1.0 0.7443275404687945 0.8928355683067621
among 0.45210212846419434 0.6553407699924866 0.8139084449683616 1.0 0.7429263204608352 0.8930825993132916
people 0.4509123474574797 0.6545425986918498 0.8191898678405528 1.0 0.7474295666867192 0.8959589644777115
walk 0.4529005226354941 0.6543035401777159 0.808098538604513 1.0 0.7432509373012457 0.8901209817683519
their 0.4540713536943186 0.6543141421021847 0.8148120451504084 1.0 0.7449194121780619 0.8938018663033497
heads 0.45445594547963725 0.6549102743619092 0.8122508820096928 1.0 0.7429521063411648 0.8931995286979664
downward 0.45445594547963725 0.6549102743619092 0.8122508820096928 1.0 0.7429521063411648 0.8931995286979664
antipathies 0.45445594547963725 0.6549102743619092 0.8122508820096928 1.0 0.7429521063411648 0.8931995286979664
rather 0.45457300864934996 0.6601844138419294 0.8168759818181631 1.0 0.7472962970167388 0.8934810328024645
glad 0.4545709085653661 0.6606744779247044 0.8107650534199717 1.0 0.7414980236673874 0.8859663725839838
listening 0.4540173402800442 0.6600468774228725 0.810102717199939 1.0 0.7407407013475998 0.89120855191084
sound 0.45344182440600767 0.6589611928485922 0.812045785927323 1.0 0.7421168250947284 0.8922599953445828
word 0.45344182440600767 0.6589611928485922 0.812045785927323 1.0 0.7421168250947284 0.8922599953445828
ask 0.4531955068698541 0.657494800813975 0.8119175110296504 1.0 0.743920302718323 0.8919840111765968
them 0.4550685760982997 0.65888696978284 0.8189127369333392 1.0 0.745973915387519 0.8939094823602699
name 0.4507128973670668 0.6580017090840208 0.8120315646035773 1.0 0.7430810835351157 0.8896178177712085
country 0.4507128973670668 0.6580017090840208 0.8120315646035773 1.0 0.7430810835351157 0.8896178177712085
is 0.45153239585690946 0.6556380115694801 0.8179217999879053 1.0 0.745159726236066 0.8938056635352626
know 0.4514869738217318 0.6564624750107307 0.8176848835932625 1.0 0.7474782424720077 0.8937686998191183
please 0.4544965759509494 0.6582020839225022 0.8119985138906078 1.0 0.7461986957009076 0.8910634195386098
ma'am 0.4544965759509494 0.6582020839225022 0.8119985138906078 1.0 0.7461986957009076 0.8910634195386098
new 0.4528140249636166 0.6587824832448147 0.8132738230608583 1.0 0.7478960895993739 0.8948240737174739
zeland 0.4528140249636166 0.6587824832448147 0.8132738230608583 1.0 0.7478960895993739 0.8948240737174739
australia 0.4528140249636166 0.6587824832448147 0.8132738230608583 1.0 0.7478960895993739 0.8948240737174739
curtsey 0.45672883895476585 0.6582327274273578 0.8121049500051917 1.0 0.7468765267785498 0.896764092879659
spoke 0.45639971255661566 0.6655150671277714 0.8161636229339866 1.0 0.7495123366743349 0.8910472139313191
fancy 0.4506687468537422 0.6594318571716966 0.8188333096260605 1.0 0.7483988903875473 0.8943237110949923
curtseying 0.45639971255661566 0.6655150671277714 0.8161636229339866 1.0 0.7495123366743349 0.8910472139313191
re 0.455497549319572 0.6613823513541982 0.8146867063108567 1.0 0.7484494579202358 0.8908812005838153
air 0.45571962924212006 0.6613969100351782 0.8145190944188251 1.0 0.7495772768678323 0.8928498515407415
manage 0.4552276747109534 0.6619465269680044 0.8156378306500484 1.0 0.7449823071130046 0.8942196173457777
ignorant 0.4546540762795211 0.6604933874482984 0.8148754888754411 1.0 0.7441878437556385 0.8934111815567382
little 0.45304721555201205 0.6574181733208533 0.8221361409410535 1.0 0.7490495634046779 0.8976207931053878
girl 0.4546540762795211 0.6604933874482984 0.8148754888754411 1.0 0.7441878437556385 0.8934111815567382
asking 0.4541400675729034 0.6572652778465818 0.8112812060180481 1.0 0.7453756640716579 0.8955223880597016
perhaps 0.45159851006011303 0.6560830547010085 0.8105712945627704 1.0 0.7449222019044084 0.8931534992511727
written 0.45159851006011303 0.6560830547010085 0.8105712945627704 1.0 0.7449222019044084 0.8931534992511727
else 0.45785401561149514 0.6579886361824615 0.8172167022922774 1.0 0.748796498832203 0.8930566437104349
soon 0.45277362571308144 0.6549255072962936 0.8207994765649115 1.0 0.7466004800081092 0.8967704832683946
talking 0.4530026889768781 0.658514132109764 0.8166673699018627 1.0 0.751504792398237 0.8923918293346932
dinah 0.45711638175628927 0.6616194711126127 0.8171655688286277 1.0 0.7481881418130399 0.8941550743094163
miss 0.45323133730246384 0.6581366146169818 0.8179412455337736 1.0 0.75112693712409 0.8910423813255841
night 0.45497847173756023 0.6608820018373509 0.8183388308379775 1.0 0.7496295176279147 0.8957759843409056
should 0.44992682787317 0.6564385109795912 0.8184373322986284 1.0 0.7494018486870003 0.8968004464304816
cat 0.4622678011922133 0.6608653726514869 0.8154645559740745 1.0 0.7494970986460349 0.9017003744047417
hope 0.4544544062393874 0.6579978312001711 0.8141816284506288 1.0 0.7471163901611595 0.8954145359001957
remember 0.45382573924180986 0.6553538184051516 0.8180444822600857 1.0 0.747364769347079 0.8967692779551605
saucer 0.4544544062393874 0.6579978312001711 0.8141816284506288 1.0 0.7471163901611595 0.8954145359001957
milk 0.4562113852812375 0.6591009933034572 0.8163482898429527 1.0 0.7467036732636384 0.891817427530784
tea 0.4562113852812375 0.6591009933034572 0.8163482898429527 1.0 0.7467036732636384 0.891817427530784
my 0.4546236660788857 0.6601289627993965 0.8208093924054483 1.0 0.7478631538998266 0.896582932643032
wish 0.4570817914426043 0.6577781808968558 0.8190330066712809 1.0 0.7479539703973251 0.894268362112192
are 0.4591080658627016 0.660070142163913 0.8152351321557576 1.0 0.7473460963106258 0.8974888345570988
mice 0.4559441640076937 0.6614116296459533 0.8143496297664023 1.0 0.7507175625816533 0.8948402637132513
m 0.4559441640076937 0.6614116296459533 0.8143496297664023 1.0 0.7507175625816533 0.8948402637132513
afraid 0.4559441640076937 0.6614116296459533 0.8143496297664023 1.0 0.7507175625816533 0.8948402637132513
might 0.45262939753135595 0.6554316700272523 0.8171089905135435 1.0 0.7481948048878415 0.8952214761364378
catch 0.45393382521198766 0.6583844986435086 0.8182233002673044 1.0 0.7470294627669303 0.8941277047447304
bat 0.4560225063423376 0.6609254237301533 0.817207535246549 1.0 0.7480778472227672 0.8930563379589821
mouse 0.45387467396596215 0.6538393244566287 0.8161341197665254 1.0 0.7468031839900569 0.893989372620828
cats 0.45830885057929016 0.6615200167451774 0.8196848217550426 1.0 0.7482580905954813 0.8952078787940303
eat 0.4542573001062345 0.6573227618564816 0.8189421866160445 1.0 0.7477924573658385 0.8950032891484402
bats 0.4579864659984463 0.6611643573012357 0.8199855032404346 1.0 0.7483520031840984 0.8978002754152585
saying 0.4578372809570657 0.6657371226398968 0.8201390135546172 1.0 0.7474087143158733 0.8938355936397367
dreamy 0.4585788970316301 0.6635861883569346 0.8168850855878617 1.0 0.7496503243898059 0.8920649454503785
sometimes 0.4559236626304569 0.6594492441625452 0.8223704040139941 1.0 0.7516109698389271 0.8992744516814286
couldn't 0.4583344413992355 0.6628448542906904 0.8189548475446318 1.0 0.7470985745716753 0.8932418681760985
answer 0.4583344413992355 0.6628448542906904 0.8189548475446318 1.0 0.7470985745716753 0.8932418681760985
question 0.4583344413992355 0.6628448542906904 0.8189548475446318 1.0 0.7470985745716753 0.8932418681760985
matter 0.4544887215308963 0.6624273244456431 0.8200881237840897 1.0 0.7464152828860093 0.8905044903568844
felt 0.4518615407539977 0.6560901131811155 0.8175445949288653 1.0 0.7500730977181723 0.8943714799013549
dozing 0.4557100049974551 0.664439223641156 0.8170911161717095 1.0 0.7512161196847972 0.8912717557276846
begun 0.45689640157754086 0.6629764492226389 0.8236567865794016 1.0 0.7489637036527766 0.8969890991873705
dream 0.45985566411643675 0.6684884043090296 0.821806521817755 1.0 0.7464166440104337 0.8970839541028476
walking 0.45985566411643675 0.6684884043090296 0.821806521817755 1.0 0.7464166440104337 0.8970839541028476
hand 0.4584768433856916 0.6681802769851451 0.8225890139561818 1.0 0.7457991749366685 0.8963380322906411
earnestly 0.45630066718802487 0.6655799441910027 0.8202367743441807 1.0 0.7493915815379781 0.8926029922027559
now 0.45113653012616534 0.6558846968576699 0.8193974473299296 1.0 0.7505341192409584 0.8941874666040017
tell 0.45630985822877884 0.6651771041494625 0.8145317563626105 1.0 0.7505690157814954 0.8905093308419604
truth 0.45630985822877884 0.6651771041494625 0.8145317563626105 1.0 0.7505690157814954 0.8905093308419604
ever 0.45586068772198635 0.6612149696678866 0.8212544063588354 1.0 0.7453594360614514 0.8950127701763589
thump 0.45690642256608077 0.6631907483654865 0.8170206926686121 1.0 0.7501750021461331 0.8905531307868444
came 0.45699342538581833 0.6642118037552303 0.8208969107469996 1.0 0.749725928443434 0.8940139981068371
heap 0.4598879406239283 0.6687930193289668 0.8175946586099392 1.0 0.7516610566236925 0.8924724203303533
sticks 0.4598879406239283 0.6687930193289668 0.8175946586099392 1.0 0.7516610566236925 0.8924724203303533
dry 0.4598879406239283 0.6687930193289668 0.8175946586099392 1.0 0.7516610566236925 0.8924724203303533
leaves 0.4598879406239283 0.6687930193289668 0.8175946586099392 1.0 0.7516610566236925 0.8924724203303533
bit 0.45771240214219333 0.6641598597742516 0.8225769216347841 1.0 0.7483131878014045 0.8920481107395115
hurt 0.45771240214219333 0.6641598597742516 0.8225769216347841 1.0 0.7483131878014045 0.8920481107395115
jumped 0.45771240214219333 0.6641598597742516 0.8225769216347841 1.0 0.7483131878014045 0.8920481107395115
overhead 0.45667062627832866 0.6657156908376776 0.8241512502883089 1.0 0.7464313878423925 0.8935624316650227
long 0.4564097480413435 0.6618265104540642 0.8198961883301514 1.0 0.7479487865525839 0.8945383603416349
passage 0.454825492815148 0.6595070691285322 0.8208500211635307 1.0 0.7481282765365994 0.8920844388540999
sight 0.4561750141184009 0.6626955532245414 0.8178197585542308 1.0 0.7480830786953754 0.8948871963699241
hurrying 0.4561750141184009 0.6626955532245414 0.8178197585542308 1.0 0.7480830786953754 0.8948871963699241
lost 0.4513687636575807 0.6610564978061033 0.81737079863324 1.0 0.7495066142329477 0.888874400364796
away 0.4513687636575807 0.6610564978061033 0.81737079863324 1.0 0.7495066142329477 0.888874400364796
wind 0.4578316656789308 0.6641708958220011 0.8173680042542151 1.0 0.7512290718520962 0.8931007303535043
turned 0.4595839744159511 0.6622404395885311 0.816633796261425 1.0 0.748883712449096 0.8991530448441306
corner 0.4595839744159511 0.6622404395885311 0.816633796261425 1.0 0.748883712449096 0.8991530448441306
ears 0.4545772168892493 0.6588635563533227 0.8176768164931547 1.0 0.7480022788205035 0.897228529631667
whiskers 0.45929938384559954 0.6669787337833026 0.8179823086882103 1.0 0.747297047883058 0.8979149058011203
it's 0.45482171211054334 0.6607530808500321 0.8231393141595129 1.0 0.746681408858301 0.8970584920507559
behind 0.45748039538735474 0.6624240229254548 0.8206648318602384 1.0 0.7481572774536205 0.8967944553229457
longer 0.45946072384745673 0.6588678410565654 0.8141175609768747 1.0 0.7450211092767964 0.8950912292581217
low 0.45844351427680935 0.6628763258384671 0.8177433527534842 1.0 0.7482595207118399 0.8938960681725848
hall 0.45667209304464956 0.6612269210727012 0.8193537426324232 1.0 0.7461482642393824 0.8945821283376746
lit 0.4547803480950836 0.6605809134673116 0.8153447278524459 1.0 0.7482956612677457 0.892296769788028
row 0.4547803480950836 0.6605809134673116 0.8153447278524459 1.0 0.7482956612677457 0.892296769788028
lamps 0.4547803480950836 0.6605809134673116 0.8153447278524459 1.0 0.7482956612677457 0.892296769788028
hanging 0.4547803480950836 0.6605809134673116 0.8153447278524459 1.0 0.7482956612677457 0.892296769788028
roof 0.45382487659119025 0.6608710705066555 0.8190172369327294 1.0 0.7489919531765898 0.8910635890323699
doors 0.45587948446744203 0.660423188445639 0.8202712143689783 1.0 0.7465192407411485 0.8933393944179766
around 0.4579361519533745 0.6644908809858457 0.8222829577078873 1.0 0.7489904787507718 0.8934300705501663
locked 0.45722372872607275 0.6630392851127336 0.8207254506531824 1.0 0.7521723312620101 0.9005466541276445
been 0.4519580992363911 0.6622899906116441 0.8168969506484292 1.0 0.7499356598229203 0.8950656902475205
side 0.4519580992363911 0.6622899906116441 0.8168969506484292 1.0 0.7499356598229203 0.8950656902475205
other 0.4568357959751514 0.6589757512736799 0.8210862029122092 1.0 0.7486652235868164 0.8997444610000226
trying 0.45214194189468787 0.6547143200325817 0.8202422826755532 1.0 0.7482873382357135 0.898713752891382
every 0.4554491099013079 0.6609401473703658 0.8188054564231763 1.0 0.7461633153303008 0.8971059908435548
door 0.45290306282328296 0.6577664102904859 0.8224068996031247 1.0 0.7490051388109307 0.8967079366536632
walked 0.45665000735068695 0.6585603119380534 0.8190277125379413 1.0 0.7418730088154458 0.8981091142242963
sadly 0.45665000735068695 0.6585603119380534 0.8190277125379413 1.0 0.7418730088154458 0.8981091142242963
middle 0.45665000735068695 0.6585603119380534 0.8190277125379413 1.0 0.7418730088154458 0.8981091142242963
wondering 0.45810027090316674 0.6646395264760472 0.8256661682641495 1.0 0.7435356789142038 0.8951108139642119
three 0.455606869871282 0.6648504689832474 0.8223134025549972 1.0 0.7508293347841926 0.8957219352057656
legged 0.455606869871282 0.6648504689832474 0.8223134025549972 1.0 0.7508293347841926 0.8957219352057656
table 0.4520960360692919 0.6572737154035677 0.8213100696225949 1.0 0.7473465429240305 0.8979471949737037
solid 0.456512926391261 0.665304823359719 0.822183537106417 1.0 0.7513033122208174 0.8984887822055281
glass 0.45217269102268304 0.6571094224437741 0.8234667481987182 1.0 0.7484793901262825 0.8993388026295958
except 0.455366941422714 0.6617896917722881 0.8192639651909294 1.0 0.7507376729215157 0.8971057585383858
tiny 0.455366941422714 0.6617896917722881 0.8192639651909294 1.0 0.7507376729215157 0.8971057585383858
golden 0.4557893291852591 0.6587564369025809 0.8200856625098328 1.0 0.7482218386222365 0.899297083090839
key 0.4530982463820276 0.6560569143846995 0.8188523824470606 1.0 0.7477977553445988 0.8958575448704792
belong 0.45794946819249194 0.659971954617636 0.8215345760617947 1.0 0.7440280235326223 0.8956322310044793
alas 0.45093875513835535 0.6542273361666117 0.8202448503547378 1.0 0.7464885016233271 0.8951403337287425
locks 0.4541994807983955 0.6600837975085632 0.8169073069122404 1.0 0.7477565121571043 0.8925389295788902
small 0.4502415583989966 0.6554797549874074 0.8218718728564095 1.0 0.7482731924524487 0.8931813567754658
any 0.45309221219099044 0.6592580098419186 0.8212098249995867 1.0 0.750030814011318 0.8955007808018394
rate 0.45451011306595746 0.6599555734365439 0.8214919630087959 1.0 0.7492037010055139 0.8971475908831124
open 0.4579024832966482 0.6648708593781882 0.8238957845305562 1.0 0.7512436381901842 0.8952098864640877
however 0.45139370347519087 0.6553004631328102 0.819790438881967 1.0 0.7507157756624337 0.896917286694524
second 0.45693791599769135 0.661879417269694 0.8217976980441191 1.0 0.7513633985222362 0.8970757979185083
round 0.45476618381530015 0.6584079790983701 0.8217919253219738 1.0 0.7501012485630495 0.896789553550301
curtain 0.45944448076144395 0.6637784217574562 0.8216843470918234 1.0 0.7485350414894614 0.89570794920586
fifteen 0.4545086509989468 0.6606885279544987 0.8208531698153204 1.0 0.7485023127214336 0.895915751989662
inches 0.45297490655044453 0.655965805540959 0.8198549571922833 1.0 0.7512347551942337 0.8943946476521205
high 0.45297490655044453 0.655965805540959 0.8198549571922833 1.0 0.7512347551942337 0.8943946476521205
lock 0.456156738925595 0.6590064955874725 0.8152775564020089 1.0 0.7488138920976641 0.8978207988339144
delight 0.456156738925595 0.6590064955874725 0.8152775564020089 1.0 0.7488138920976641 0.8978207988339144
fitted 0.45336757678908934 0.6550717121641836 0.8131901405692419 1.0 0.7508625582226099 0.8947779412693889
opened 0.4492510506623718 0.6516764691335492 0.8198292608338564 1.0 0.7461509428967701 0.8949122514930098
led 0.45126960001863026 0.6566460845135548 0.8236273989637188 1.0 0.7499846664970113 0.8906507718237272
larger 0.45034495903988264 0.6523975496205038 0.8205387267850254 1.0 0.748132626674111 0.8950472211871515
than 0.4535804773033307 0.6585036673069232 0.8195620492419574 1.0 0.747803329731071 0.895444417188062
rat 0.4535804773033307 0.6585036673069232 0.8195620492419574 1.0 0.747803329731071 0.895444417188062
knelt 0.4535804773033307 0.6585036673069232 0.8195620492419574 1.0 0.747803329731071 0.895444417188062
along 0.4578174589922186 0.6571691299146812 0.8185490113546147 1.0 0.7469829334709877 0.8961655824388147
loveliest 0.45841417631768555 0.6608227512116628 0.8197726436417438 1.0 0.7450979771587921 0.9028105626104288
garden 0.45203313625638963 0.6551135525884723 0.8222344041650196 1.0 0.7477742713065086 0.8984088458191668
longed 0.4533515456590351 0.6584582754761863 0.8197855781455697 1.0 0.743579377752299 0.8971838498449857
wander 0.451304600125249 0.6563768749654624 0.8197120506788653 1.0 0.7426020556567663 0.8960410050809113
those 0.4505276596509639 0.6569432306487111 0.8212596456101313 1.0 0.7442060397330775 0.8961145727720738
beds 0.44975191664654496 0.6575087134287108 0.8228048552900731 1.0 0.7458075516475424 0.8961880270760513
bright 0.44975191664654496 0.6575087134287108 0.8228048552900731 1.0 0.7458075516475424 0.8961880270760513
flowers 0.44975191664654496 0.6575087134287108 0.8228048552900731 1.0 0.7458075516475424 0.8961880270760513
cool 0.44975191664654496 0.6575087134287108 0.8228048552900731 1.0 0.7458075516475424 0.8961880270760513
fountains 0.45459121895157895 0.6576520633728228 0.824444381618655 1.0 0.7471923883863387 0.8987144497184453
head 0.4556456226689347 0.6629449927195383 0.8232617776703662 1.0 0.7454272026418514 0.8972821303913737
doorway 0.45592039162066894 0.6628401135106623 0.8235395460192014 1.0 0.7461700497408988 0.8990895070223323
go 0.4551910285786806 0.6613778193490095 0.8248672157671281 1.0 0.7475157332836955 0.8979936424205247
poor 0.453166915449457 0.6551018717372152 0.8235127996985917 1.0 0.749700956984014 0.9012174385002466
shoulders 0.45220611630456586 0.6581287676605759 0.8253576430695688 1.0 0.7536560864392716 0.8976401817676755
shut 0.4574589188305228 0.659484420751753 0.8235612197080143 1.0 0.7513189179197639 0.8965703759751682
telescope 0.4533910754238613 0.6548021461753104 0.818216016120382 1.0 0.7522401608724761 0.8943531647421605
only 0.4521175495995011 0.6564202363581407 0.8211545285511076 1.0 0.7521085903248449 0.8940405635006142
begin 0.45278154875955623 0.6615750233498631 0.8234537225147308 1.0 0.7502687204263812 0.8951978278696271
happened 0.44855862262550034 0.6511293390978933 0.8192010346241506 1.0 0.7471897132022898 0.8921006253954903
lately 0.4539473247636287 0.6574834661800918 0.8255006827651745 1.0 0.7515019963646115 0.8968945707606958
few 0.45134860477827 0.6577228891181255 0.8225024196538807 1.0 0.7510459094380224 0.898492964225944
indeed 0.4516766174208366 0.6553148213758339 0.8191152024914875 1.0 0.7542528460268836 0.8944718575240914
really 0.4581867361386805 0.6618554230142516 0.8233600214459063 1.0 0.7533346509843478 0.8993873490735835
impossible 0.4581867361386805 0.6618554230142516 0.8233600214459063 1.0 0.7533346509843478 0.8993873490735835
waiting 0.45278744357816986 0.6615781249121702 0.8230320234287608 1.0 0.748270611182624 0.8938862625842462
back 0.4520606030882432 0.6572679173052076 0.8193100954717343 1.0 0.7470905202016569 0.8980772959088944
half 0.4500566320128152 0.6578144677497534 0.8202498905756226 1.0 0.749754116987253 0.8950839629199684
hoping 0.4500566320128152 0.6578144677497534 0.8202498905756226 1.0 0.749754116987253 0.8950839629199684
find 0.44886416191129824 0.6540720083657273 0.8172715332772509 1.0 0.7486747618810852 0.8930343418430049
rules 0.45434627965890195 0.6560828389429479 0.8215377651561064 1.0 0.7480759142952176 0.8987216295930305
shutting 0.45059533849283373 0.6536389559041311 0.8181500176388186 1.0 0.7488868937428559 0.8960712526996611
telescopes 0.45419033949151477 0.6582640847392627 0.8235399322423692 1.0 0.7498744099375461 0.9006780092320714
bottle 0.4533656653805836 0.6543810644654078 0.820367279652737 1.0 0.7490007728932583 0.8974074747297635
certainly 0.4539887562857572 0.6623816913423671 0.8274357469239595 1.0 0.7489917177529861 0.8964137310875057
neck 0.4525957248472726 0.6549385761158133 0.8217861559841836 1.0 0.7488398385604146 0.8965034769976485
paper 0.4525957248472726 0.6549385761158133 0.8217861559841836 1.0 0.7488398385604146 0.8965034769976485
label 0.4525270195199121 0.6567044728147077 0.8209178601969517 1.0 0.749612939204508 0.8970839342512466
drink 0.45196611428178823 0.6537489687560393 0.8202333287848418 1.0 0.7486411027877665 0.8974158149347595
beautifully 0.44726379754377754 0.6498779491073797 0.8183392073642072 1.0 0.7488706978690923 0.8941959375841146
printed 0.45117830949406423 0.6540111640914488 0.8189817231579606 1.0 0.7512250440035286 0.8927310836226892
letters 0.4510976368843882 0.6539252572183002 0.8201306366383471 1.0 0.7474759664998853 0.8958685080462885
wise 0.45013469480745655 0.6515503624822396 0.819448271738928 1.0 0.7486661827903085 0.896163372391159
hurry 0.45078334485648325 0.6528847726367862 0.8186831802991357 1.0 0.7466127014812418 0.8943060789221099
marked 0.45213074779035395 0.6522672110470498 0.8180042550791958 1.0 0.7479371645625031 0.8965522569493223
poison 0.45294920548669015 0.6537797713236493 0.8176703590205353 1.0 0.7486524137321628 0.8966653934670608
read 0.4503250559552293 0.6524531329763804 0.8186471572979148 1.0 0.7461156571293804 0.8951889194938711
histories 0.4510719446276103 0.6510491180535257 0.8226193206266708 1.0 0.7489884628945637 0.8946040301156702
children 0.45005733500040807 0.6508522880466656 0.8233579587467109 1.0 0.7473476910311669 0.8970405516039006
who 0.45005733500040807 0.6508522880466656 0.8233579587467109 1.0 0.7473476910311669 0.8970405516039006
d 0.4511686031217061 0.6524191486547917 0.8235800719261535 1.0 0.7496177940484634 0.8987427818192462
gotten 0.45005733500040807 0.6508522880466656 0.8233579587467109 1.0 0.7473476910311669 0.8970405516039006
burnt 0.45005733500040807 0.6508522880466656 0.8233579587467109 1.0 0.7473476910311669 0.8970405516039006
eaten 0.45095406886257083 0.6552622133866305 0.8231831059494866 1.0 0.7489347564459287 0.8976684607818092
wild 0.45095406886257083 0.6552622133866305 0.8231831059494866 1.0 0.7489347564459287 0.8976684607818092
beasts 0.45095406886257083 0.6552622133866305 0.8231831059494866 1.0 0.7489347564459287 0.8976684607818092
unpleasant 0.45823224839709775 0.6569975200513268 0.8233830125640347 1.0 0.7511847526353882 0.9024015137459406
because 0.45823224839709775 0.6569975200513268 0.8233830125640347 1.0 0.7511847526353882 0.9024015137459406
simple 0.45529365722837034 0.6534292086553626 0.8181388229837647 1.0 0.7494574178992552 0.901467135676383
friends 0.4552419370219266 0.6543247417834371 0.8215241312137059 1.0 0.7465875340293003 0.8974819720154792
taught 0.4552419370219266 0.6543247417834371 0.8215241312137059 1.0 0.7465875340293003 0.8974819720154792
red 0.4542478816865681 0.6571653771951458 0.8231746019471488 1.0 0.7458531567550538 0.8998987037929567
poker 0.45703911449451323 0.6596306107159797 0.8276836642452928 1.0 0.7474222658206013 0.9029093412200111
will 0.45703911449451323 0.6596306107159797 0.8276836642452928 1.0 0.7474222658206013 0.9029093412200111
burn 0.45703911449451323 0.6596306107159797 0.8276836642452928 1.0 0.7474222658206013 0.9029093412200111
hold 0.45703911449451323 0.6596306107159797 0.8276836642452928 1.0 0.7474222658206013 0.9029093412200111
cut 0.45638554705065 0.65879694948964 0.8255128221723096 1.0 0.7484497853826054 0.9020915839703572
your 0.45230151878583935 0.6579452954983023 0.8249958010557152 1.0 0.7498512567784976 0.8983206709449556
finger 0.45230151878583935 0.6579452954983023 0.8249958010557152 1.0 0.7498512567784976 0.8983206709449556
deeply 0.45230151878583935 0.6579452954983023 0.8249958010557152 1.0 0.7498512567784976 0.8983206709449556
knife 0.45230151878583935 0.6579452954983023 0.8249958010557152 1.0 0.7498512567784976 0.8983206709449556
usually 0.4541866219604342 0.6552494156552708 0.8254318641638401 1.0 0.7508342578201569 0.9007646964947513
bleeds 0.4541866219604342 0.6552494156552708 0.8254318641638401 1.0 0.7508342578201569 0.9007646964947513
forgotten 0.4534208542068382 0.6522797257737207 0.8220455416324582 1.0 0.7506235376793187 0.9007520326679673
almost 0.4522607816421584 0.657058062697017 0.8204974925209937 1.0 0.750348894650777 0.8955115723547057
certain 0.4522607816421584 0.657058062697017 0.8204974925209937 1.0 0.750348894650777 0.8955115723547057
disagree 0.4522607816421584 0.657058062697017 0.8204974925209937 1.0 0.750348894650777 0.8955115723547057
sooner 0.4503487633861753 0.6522192004916405 0.8140344131575892 1.0 0.748543382186957 0.8932107606960181
later 0.4503487633861753 0.6522192004916405 0.8140344131575892 1.0 0.748543382186957 0.8932107606960181
ventured 0.4513232837102998 0.6538157769587144 0.8199103250024595 1.0 0.7547071039287169 0.9003182904344323
taste 0.4513232837102998 0.6538157769587144 0.8199103250024595 1.0 0.7547071039287169 0.9003182904344323
finding 0.44808751943159314 0.6480990941543209 0.8170785913894903 1.0 0.7504916114131739 0.8942497515052588
fact 0.45795313545576605 0.6636344833824523 0.8297234953998915 1.0 0.7508199049311118 0.904010645988446
mixed 0.45795313545576605 0.6636344833824523 0.8297234953998915 1.0 0.7508199049311118 0.904010645988446
flavor 0.45795313545576605 0.6636344833824523 0.8297234953998915 1.0 0.7508199049311118 0.904010645988446
cherry 0.45503865119875 0.6607667542334559 0.8268463369057564 1.0 0.7506501025594045 0.9065988240966767
tart 0.45503865119875 0.6607667542334559 0.8268463369057564 1.0 0.7506501025594045 0.9065988240966767
custard 0.4520358815319978 0.6549029438432408 0.8220409192633543 1.0 0.7481958698234954 0.90140193941153
pine 0.4520358815319978 0.6549029438432408 0.8220409192633543 1.0 0.7481958698234954 0.90140193941153
apple 0.4520358815319978 0.6549029438432408 0.8220409192633543 1.0 0.7481958698234954 0.90140193941153
roast 0.4520358815319978 0.6549029438432408 0.8220409192633543 1.0 0.7481958698234954 0.90140193941153
turkey 0.4514544378590543 0.6549233815512058 0.8227282985941027 1.0 0.7485826785763031 0.9003499350253046
toffee 0.4514544378590543 0.6549233815512058 0.8227282985941027 1.0 0.7485826785763031 0.9003499350253046
buttered 0.4514544378590543 0.6549233815512058 0.8227282985941027 1.0 0.7485826785763031 0.9003499350253046
toast 0.4505620966657554 0.6545785310196147 0.8234136224680161 1.0 0.7460057832576272 0.9003171686481451
finished 0.4523695576659216 0.654105470437857 0.823814502129466 1.0 0.7441458078883216 0.8975857505258451
curious 0.44842776363554915 0.6503688346736689 0.8156089639218262 1.0 0.7474643730624089 0.8929397904364655
feeling 0.4495467095806757 0.6525885871357643 0.8158919579348641 1.0 0.7480329492686308 0.8951106922739666
ten 0.45145691934503124 0.6512916029999343 0.8188669999145685 1.0 0.7539391253500892 0.8928891706968548
face 0.45145691934503124 0.6512916029999343 0.8188669999145685 1.0 0.7539391253500892 0.8928891706968548
brightened 0.4517956916646482 0.6546073031033462 0.8232091722601336 1.0 0.7507643829807943 0.8980807775119417
size 0.4535319915065637 0.6613288677129698 0.8255321908016866 1.0 0.7504719903470081 0.9016104609245191
lovely 0.4517290538677573 0.6607626785089667 0.8260999580211358 1.0 0.7508856998400557 0.9010798774912672
waited 0.44914376799353256 0.6572539337045463 0.8241278297977689 1.0 0.7491526403967622 0.8991988456631366
minutes 0.447577286704162 0.6551938601486437 0.8208947381078283 1.0 0.7480315656872145 0.8985714880295009
shrink 0.44543262861112337 0.6522399452375613 0.8179550685782501 1.0 0.7504758373118913 0.8924885932687553
further 0.44543262861112337 0.6522399452375613 0.8179550685782501 1.0 0.7504758373118913 0.8924885932687553
nervous 0.4495772035415832 0.6491200975338676 0.8172979261621766 1.0 0.7511077107058226 0.8985546647379702
altogether 0.4495592516278957 0.6564481805224832 0.8232038118268201 1.0 0.749086872424485 0.8999237109046463
candle 0.44895106298484877 0.6527411071424771 0.8241661415639712 1.0 0.7476289020588447 0.8990223167913096
flame 0.44497774511164584 0.6533910674946266 0.82148437969054 1.0 0.7472932085380358 0.897577360136565
blown 0.45130102306624953 0.6537911289818944 0.8228094099134592 1.0 0.7450275678735055 0.8950698779088535
thing 0.45081590978794295 0.6529970836880988 0.8203721296789894 1.0 0.7487941391419548 0.8967669629249171
while 0.4482459511535469 0.6485741455035251 0.8144382894114018 1.0 0.7463770869343136 0.8935818384900709
more 0.4449016577166134 0.6424705751045711 0.814290529303526 1.0 0.7463411310140208 0.8882748027218926
decided 0.44607401185216516 0.6439687128733065 0.8208535545300024 1.0 0.7473441701433712 0.8914699526928748
possibly 0.4530867484236741 0.6530575390020059 0.8201537327279734 1.0 0.7478515173986702 0.9021661743260763
reach 0.45065141864869857 0.649531722161433 0.8194194525114711 1.0 0.7467733270498341 0.896924197418964
plainly 0.44986201224722583 0.6523186012602336 0.8235651657809289 1.0 0.7477889111360898 0.8993064048688962
best 0.4480584741276436 0.649600384922522 0.8217348879776764 1.0 0.7463706023274802 0.8999030964280267
climb 0.4480584741276436 0.649600384922522 0.8217348879776764 1.0 0.7463706023274802 0.8999030964280267
legs 0.4527788832133716 0.6571317714039315 0.8242252596436186 1.0 0.7480648189808358 0.8991371565049122
slippery 0.45185799219993283 0.6583961540819845 0.8253852077739657 1.0 0.7497596019974383 0.9019136772315781
sat 0.44988807233970185 0.6513632639314677 0.8189307399269891 1.0 0.7520657961519668 0.9000894093031376
cried 0.4514034392074771 0.65135549910012 0.8191996903281185 1.0 0.7537666906544905 0.8990942950430502
crying 0.4541021313404975 0.6524353440330469 0.8234301674194352 1.0 0.7515749804202255 0.8989750516357542
sharply 0.4524521649329454 0.6552828233997176 0.8243759894514147 1.0 0.751256354506621 0.9002981421007566
advise 0.4478596876919595 0.6537298587459043 0.8211329284114852 1.0 0.7496612516217724 0.8952004531826099
leave 0.4478596876919595 0.6537298587459043 0.8211329284114852 1.0 0.7496612516217724 0.8952004531826099
minute 0.4457490090780942 0.6489837263158652 0.8184087286532631 1.0 0.7520590453706932 0.8933663857893392
generally 0.4489768087890523 0.6500577953723156 0.8214203582689725 1.0 0.7518209487403933 0.8957831195731021
gave 0.4489768087890523 0.6500577953723156 0.8214203582689725 1.0 0.7518209487403933 0.8957831195731021
advice 0.4489768087890523 0.6500577953723156 0.8214203582689725 1.0 0.7518209487403933 0.8957831195731021
seldom 0.44956079540688393 0.6525821372630556 0.8226418777843408 1.0 0.7481750403493531 0.8976352754685628
followed 0.44956079540688393 0.6525821372630556 0.8226418777843408 1.0 0.7481750403493531 0.8976352754685628
scolded 0.45331402854604197 0.657319782237222 0.8242212190938809 1.0 0.7547257875918303 0.8986458105407946
severely 0.44856200091590365 0.652878688368439 0.8217858593864343 1.0 0.7523856010598153 0.9002783205916689
bring 0.44856200091590365 0.652878688368439 0.8217858593864343 1.0 0.7523856010598153 0.9002783205916689
tears 0.44790407725452663 0.6504972233663366 0.8221532691047698 1.0 0.7483773408444386 0.8989699169086918
remembered 0.4498138508576565 0.6487516497700063 0.8195255178609576 1.0 0.7479657501700713 0.8967032366617746
box 0.4499906696618356 0.6512534974102165 0.8220873240316381 1.0 0.7471658259771253 0.898461086427928
cheated 0.4498850192929264 0.6507998821159096 0.8173732631125593 1.0 0.7487030339907722 0.8965465095670966
game 0.4479516016584819 0.6505473923185334 0.8151344357813681 1.0 0.74854001126826 0.8918672289315502
croquet 0.4479516016584819 0.6505473923185334 0.8151344357813681 1.0 0.74854001126826 0.8918672289315502
playing 0.4479516016584819 0.6505473923185334 0.8151344357813681 1.0 0.74854001126826 0.8918672289315502
against 0.4479516016584819 0.6505473923185334 0.8151344357813681 1.0 0.74854001126826 0.8918672289315502
child 0.44506467759169843 0.6490691568469507 0.8164796586469525 1.0 0.7483630110605869 0.8883768282701372
fond 0.44506467759169843 0.6490691568469507 0.8164796586469525 1.0 0.7483630110605869 0.8883768282701372
pretending 0.44506467759169843 0.6490691568469507 0.8164796586469525 1.0 0.7483630110605869 0.8883768282701372
two 0.4482974628590277 0.6528150437682328 0.8225461366956048 1.0 0.748294151669657 0.8965202272943211
pretend 0.4525498135074895 0.6566607200409141 0.8264354830368602 1.0 0.7470775324004726 0.9033374918207254
hardly 0.4534296967786355 0.6573416809154162 0.8254661693651847 1.0 0.7509231316724372 0.9067154655781275
enough 0.4534296967786355 0.6573416809154162 0.8254661693651847 1.0 0.7509231316724372 0.9067154655781275
respectable 0.4511498686011511 0.656301066856614 0.8259087175833479 1.0 0.749274717392208 0.9069917552770057
person 0.4511498686011511 0.656301066856614 0.8259087175833479 1.0 0.749274717392208 0.9069917552770057
eye 0.4481216066989882 0.6526985385471619 0.8213431225849053 1.0 0.746875454212045 0.8996499636965654
lying 0.4501667883528736 0.6537454389976283 0.8246389867440284 1.0 0.7463690690798862 0.9002119759970194
cake 0.44710646349371375 0.6485737945565689 0.818931941928638 1.0 0.745998472205847 0.8958379109100847
currants 0.4496966164059487 0.6477687861968021 0.8189972775397981 1.0 0.7458099801529339 0.8962157836657518
makes 0.44721430835314474 0.6478504124290104 0.8182667307394639 1.0 0.7469070013822474 0.8921936538847219
grow 0.4470617941072879 0.6461888566830988 0.8189393382524396 1.0 0.7461456409147175 0.8919953337629741
can 0.4489390141970619 0.6493539457380149 0.8214032440592652 1.0 0.7469709455334338 0.8940611809307267
smaller 0.4458698112582706 0.6463141003327911 0.8191811197584631 1.0 0.7465778291913671 0.8922225808772475
creep 0.44962325912783496 0.6526494624534342 0.8241134303417126 1.0 0.7482310733741088 0.8963581261217263
