word v0 v1 v2 v3 v4 v5
alice 0.4198700773341521 0.5611622226459668 0.5493387142893369 1.0 0.5111884460042919 0.6184259804157044
was 0.42041566882525144 0.5617416093423211 0.550457574563086 1.0 0.5109770137963986 0.618668748776452
beginning 0.4141287458981638 0.5561446020033681 0.5411026594266999 1.0 0.5057341579482219 0.618602588739526
to 0.4198705341934987 0.5608961687052403 0.5506892048711981 1.0 0.5110766973360608 0.6185572193102722
get 0.41994645813416753 0.561399008063682 0.5507593446606555 1.0 0.5128933926344085 0.6195889051658087
very 0.4201761921771994 0.561348692605715 0.5501454913709077 1.0 0.5104046929732797 0.6184214291728619
tired 0.4198573018724265 0.561530739213014 0.549772826801623 1.0 0.5126666823132326 0.6205372889394312
of 0.42018877842049845 0.5615722737752911 0.5505386803468427 1.0 0.5111479436974493 0.6180613983882267
sitting 0.4130045743867948 0.5564213548877056 0.5431480737560686 1.0 0.5098516949608976 0.6171047854810364
by 0.41815150714362576 0.5599332948378911 0.5493531724182729 1.0 0.5117218525725951 0.6154964008549384
her 0.4194772633883801 0.5612958051119994 0.5510445125941735 1.0 0.5105424607516271 0.6187378349977526
sister 0.4162254613133378 0.5592069062419728 0.5461277747683869 1.0 0.5095973412492044 0.6156478634588222
on 0.4200194690150514 0.5616279089472012 0.5504429487630007 1.0 0.5125091062074545 0.6189457879197284
the 0.420768082312305 0.5620018437919144 0.5515778628311053 1.0 0.5118816231879473 0.6184936265687896
bank 0.41445112565331554 0.5572180840883795 0.5427991438908765 1.0 0.5085248255949113 0.6122464291304824
and 0.4200239740772236 0.56123123785106 0.5504723208383752 1.0 0.5114513166676966 0.6186987326114544
having 0.419977135381881 0.5598359685974241 0.549836745530236 1.0 0.5128146066959169 0.616773618753475
nothing 0.41909775101475877 0.560512208195912 0.5482886317406112 1.0 0.5100398120990236 0.614545115819021
do 0.4200115172510383 0.5608138451659319 0.548263151142554 1.0 0.5097714694362739 0.6155324875398838
once 0.41943406711187486 0.5600214979771306 0.5491933138118968 1.0 0.5119947037024972 0.6176889275056524
or 0.41950167221430995 0.5614918581526563 0.548978355076017 1.0 0.5107119900989929 0.6172553125404361
twice 0.41525168368020854 0.5574648407744858 0.5421512622002007 1.0 0.509678097629615 0.6130883264359256
she 0.42080730796023197 0.5620361204151688 0.551915122787677 1.0 0.511971032404591 0.6187572568790792
peeped 0.4194760739756334 0.5620181655969771 0.5491349755989026 1.0 0.5093406400936569 0.6141774954262286
into 0.4215316131238536 0.5626155956153458 0.5533749915251406 1.0 0.5134429409695485 0.6197216006989743
book 0.41965666632717136 0.5612151865992596 0.5504145771200895 1.0 0.5102385836192825 0.6168756783494691
reading 0.414344783178218 0.5596935995332957 0.5447438566548717 1.0 0.508806505934849 0.6114752610967659
but 0.4210702085728349 0.5625234096724011 0.5518009438795384 1.0 0.512322964688642 0.6189138810329977
it 0.4203358788683573 0.5614644934133352 0.5507938384051541 1.0 0.5112728404571044 0.6185933522911252
had 0.4204115271899622 0.5620627955059515 0.5507161336360151 1.0 0.5113857942218123 0.6176000039686415
no 0.4209910605571277 0.5620209498557226 0.5516304523384321 1.0 0.5125684422556311 0.619819078987793
pictures 0.4169056628188957 0.5601437157472056 0.5461088316039026 1.0 0.5085787839367014 0.6119562184000079
conversations 0.415994030309808 0.5577295063137869 0.5435809332813542 1.0 0.5081194481715519 0.6171892939214159
in 0.4202301164427967 0.5616349121677874 0.5504792451538415 1.0 0.5115255405430821 0.6184430240914488
what 0.4212227752157216 0.5619719524684031 0.5517595241197921 1.0 0.512632222305404 0.6184064279313578
s 0.4212504389296475 0.5620583848573754 0.5511785267462794 1.0 0.5104370755098528 0.6193498867927442
use 0.4212174973417426 0.5619721344978373 0.5511965711683833 1.0 0.5129081823593102 0.6207175704999984
a 0.42053285100400417 0.5617650064379848 0.550515054573654 1.0 0.5116630307225688 0.6190142824623152
thought 0.42053857485654506 0.5613752775388811 0.5510799682108789 1.0 0.5110336172439637 0.6205653324868675
without 0.4210714599461138 0.563438341730742 0.5496199810127543 1.0 0.5088267262727705 0.616115797071156
conversation 0.41808278932407805 0.5612429218685291 0.5473648962969917 1.0 0.504503722675809 0.610965221150604
so 0.4202795002267788 0.561898203501737 0.549423269027907 1.0 0.5120885841520768 0.6159925716157
considering 0.41647958370625787 0.5583284507379854 0.5460091312839122 1.0 0.5078902540674851 0.6136463206046404
own 0.4198421205359815 0.5594101942067378 0.5507864863303076 1.0 0.512234744335969 0.61516476575541
mind 0.41635712865880026 0.5595679306060887 0.5472761905810313 1.0 0.5070621769665831 0.6137322658580019
as 0.41989103130528777 0.5606584340367092 0.5499795756678362 1.0 0.5090044764748858 0.6175820311895861
well 0.41965162316274335 0.5606568185290791 0.5467919560509029 1.0 0.507771238451414 0.6182507481107964
could 0.42186006776017504 0.56271015252655 0.5544107351883653 1.0 0.5139990940643889 0.6200136974216384
for 0.4207134707021971 0.5616915014139077 0.552058475385616 1.0 0.5130323610260092 0.6190497355218106
hot 0.41950462034960906 0.5594307463001642 0.5480736420035719 1.0 0.5087817152485364 0.6189577359748788
day 0.41757507712400854 0.5592518820618722 0.5456175472987507 1.0 0.5067018095687968 0.6162265975274549
made 0.4188549768910613 0.5615747805078476 0.550979103076522 1.0 0.5074084189252702 0.616645878951582
feel 0.416528409352422 0.5601833022680143 0.5470917718444096 1.0 0.5069671902178837 0.6125412222164649
sleepy 0.41745940187314057 0.5584853037070023 0.5468203214499321 1.0 0.5062699315777881 0.6141608965396588
stupid 0.416528409352422 0.5601833022680143 0.5470917718444096 1.0 0.5069671902178837 0.6125412222164649
whether 0.42066464307159956 0.5619501421952088 0.5504148313685497 1.0 0.5136476087913178 0.6171171381657625
pleasure 0.41789440584821924 0.5595110898123643 0.5430570058348791 1.0 0.5075500774271902 0.6123377621487155
making 0.41789440584821924 0.5595110898123643 0.5430570058348791 1.0 0.5075500774271902 0.6123377621487155
daisy 0.4192143934748448 0.5624140681048112 0.5472188919181924 1.0 0.5086921658866116 0.6186420529189465
chain 0.4192143934748448 0.5624140681048112 0.5472188919181924 1.0 0.5086921658866116 0.6186420529189465
would 0.4206961213063184 0.5618579601345666 0.5509001600934972 1.0 0.5109441162676907 0.6191589576774132
be 0.4199518296224669 0.5610981005812209 0.5497878616118546 1.0 0.5116596551624165 0.6196129279089743
worth 0.4192143934748448 0.5624140681048112 0.5472188919181924 1.0 0.5086921658866116 0.6186420529189465
trouble 0.41659346471868175 0.5575016576885428 0.5458156149978788 1.0 0.5032447010016758 0.6161628554023134
getting 0.417679370632349 0.5602258161449297 0.5470291555974569 1.0 0.5071831568402969 0.6158786777420517
up 0.4213334028823892 0.5620733484249948 0.5527927401262249 1.0 0.5124775700768691 0.6187113595508694
picking 0.41659346471868175 0.5575016576885428 0.5458156149978788 1.0 0.5032447010016758 0.6161628554023134
daisies 0.41659346471868175 0.5575016576885428 0.5458156149978788 1.0 0.5032447010016758 0.6161628554023134
when 0.4192751736384459 0.561186472203441 0.547903657202525 1.0 0.5097860410240005 0.6177758194315115
suddenly 0.4193397603729319 0.5613962244639602 0.5500708355476086 1.0 0.5108811523999343 0.6195131578174499
white 0.4200662498208215 0.5617987418936559 0.5492423109566635 1.0 0.5070522519770608 0.6212025656131988
rabbit 0.41824517920748716 0.5598983298254753 0.5470446959399355 1.0 0.5075481338414098 0.6195323874377363
with 0.4206776411244772 0.5621139880194885 0.5505247160579202 1.0 0.5103377070574195 0.618997847861687
pink 0.4169523320699259 0.5592210818072916 0.5456946215237468 1.0 0.5066754498107093 0.6145669638628214
eyes 0.4207548231303257 0.5621469716064342 0.5536666579291881 1.0 0.5101391364273348 0.6195580168611792
ran 0.41735806998865377 0.5600910998389069 0.5489182694970987 1.0 0.5051103542285522 0.612846711242731
close 0.417381590288196 0.5586139996106665 0.547498907981612 1.0 0.5074918269116996 0.6119590797828658
there 0.4206635186088271 0.561809644558848 0.5514129386577321 1.0 0.5122960253691061 0.6178369014053567
remarkable 0.41590248940832136 0.5588875526509913 0.5452626812194598 1.0 0.5102448427797476 0.6115461329169574
that 0.420480066938912 0.5614805328757413 0.5509435574303362 1.0 0.5111673990805495 0.6181695486318757
nor 0.41590248940832136 0.5588875526509913 0.5452626812194598 1.0 0.5102448427797476 0.6115461329169574
did 0.41993360960376563 0.5621048201340424 0.5514373823602797 1.0 0.5090092673245484 0.6176373433301813
think 0.4209591103256473 0.5625329708927574 0.5507529847729091 1.0 0.5106709303046134 0.6174033948917917
much 0.42066445931638263 0.5623130583570046 0.5521831481722252 1.0 0.5100830776902403 0.617788107960833
out 0.42032073000224385 0.5623046262012026 0.5502485033625675 1.0 0.5127513426016622 0.6192631753390577
way 0.4200028774776962 0.562099328020587 0.5512491587665004 1.0 0.5110548110790035 0.6178139734368582
hear 0.4168142854039369 0.5579002258763258 0.5462119815384698 1.0 0.5088922822352471 0.6176019928024872
say 0.42000834164408124 0.5611190346967087 0.549368439163002 1.0 0.5095351472809124 0.6172873857083583
itself 0.4169781009472772 0.5601943825338234 0.5493709785955886 1.0 0.5089686439621202 0.6166922556390724
oh 0.4181364511970092 0.5607437026360542 0.5492335297059799 1.0 0.5057942395500822 0.6163969421235084
dear 0.4185357418233486 0.5622146637119702 0.5475579553011719 1.0 0.5050552663365895 0.6178020398415626
i 0.4214208935120521 0.5622252793469653 0.5514447676157911 1.0 0.5117209571652935 0.6190172527829834
shall 0.4201293095430396 0.5608522938044392 0.5488906340152206 1.0 0.5061151814333162 0.6161939301812759
late 0.41829089683583043 0.5610543376325065 0.5450401835979158 1.0 0.5053002312410751 0.6174158502287079
over 0.4188347483764599 0.560740025055761 0.5480334627846581 1.0 0.5069429854966682 0.6193673091227437
afterwards 0.4143172269588576 0.5559849809692831 0.5422160153849737 1.0 0.5031213929461845 0.6183982886161712
occurred 0.4143172269588576 0.5559849809692831 0.5422160153849737 1.0 0.5031213929461845 0.6183982886161712
ought 0.4150747304054587 0.5570009864090013 0.5438788812045527 1.0 0.506210930444654 0.6171387208035343
have 0.41796004074061927 0.5583830145646802 0.5471397142594041 1.0 0.5070252493172469 0.614875941471123
wondered 0.4150747304054587 0.5570009864090013 0.5438788812045527 1.0 0.506210930444654 0.6171387208035343
at 0.42164703926683367 0.5632044074601169 0.5514622699425441 1.0 0.5124137641696701 0.6201053539854265
this 0.4215450560966865 0.5622520076753171 0.5511677833646897 1.0 0.5123446330485214 0.6190708826346445
time 0.4198592908847877 0.560686127248186 0.549086671407932 1.0 0.5095375259277329 0.6200175487278784
all 0.42191622312976246 0.5633158610101924 0.5527194121736728 1.0 0.5115532480376516 0.6190879170982264
seemed 0.4202577035695461 0.5629315733774642 0.5536100013062524 1.0 0.5163067872732862 0.6183564929560155
quite 0.4245293696260015 0.564641311641712 0.5571537486167415 1.0 0.5118051218350901 0.6212027658331768
natural 0.42145190786344666 0.5621989396632833 0.55180202832734 1.0 0.5077515152744785 0.617939074421496
actually 0.4167402348678108 0.5573214899721196 0.5443311957336769 1.0 0.5040098900634131 0.6175271642919538
took 0.4175067424499556 0.5579386059266812 0.5472626735654461 1.0 0.5081936611488275 0.6161586912026609
watch 0.4174098655117663 0.5588365453690924 0.5417938367390343 1.0 0.5071381762815509 0.6200742132860818
its 0.41638755986077275 0.55860961907184 0.5412735119432777 1.0 0.5048705746609959 0.6246162488345686
waistcoat 0.4174098655117663 0.5588365453690924 0.5417938367390343 1.0 0.5071381762815509 0.6200742132860818
pocket 0.41608064614662027 0.557560184640173 0.5407250292167807 1.0 0.5073290108925365 0.6189253887949505
looked 0.4195336002511191 0.561886079836482 0.551603392815222 1.0 0.5125703681420647 0.6217991388769188
then 0.4191175791818281 0.5612205823867535 0.5490099596468454 1.0 0.5112919607912838 0.6193938036643596
hurried 0.4111644275839561 0.5531442336665203 0.5381790548037344 1.0 0.5072837223510935 0.6174948332636996
started 0.4157316579086862 0.5578686533319414 0.5447849891945868 1.0 0.5085205110060597 0.6189735324972596
feet 0.41876782854443745 0.5611041616070612 0.5503385205023945 1.0 0.512505726841527 0.620215114341489
flashed 0.4157252633201718 0.5595328728591443 0.5476951533352306 1.0 0.5046372024037059 0.6177373839790989
across 0.41835625290309275 0.5606725297831142 0.5485598963765524 1.0 0.5055980739361013 0.6191255748995985
she'd 0.4157252633201718 0.5595328728591443 0.5476951533352306 1.0 0.5046372024037059 0.6177373839790989
never 0.4180027014441667 0.5592426547338198 0.5460376229965265 1.0 0.5071348002941788 0.6161367895527775
before 0.4187386831808381 0.5608602690991558 0.5477625602374648 1.0 0.5080256938012839 0.6177662520578706
seen 0.41910569173067 0.5602079611684637 0.5476361994890007 1.0 0.5109486772411762 0.6170493148969508
either 0.4209449229469316 0.5619656786455276 0.550764348595932 1.0 0.5103682775533462 0.6200124098556139
take 0.42044586241137616 0.5623272773667688 0.546988566563919 1.0 0.5101496126042754 0.621318302617919
burning 0.42044586241137616 0.5623272773667688 0.546988566563919 1.0 0.5101496126042754 0.621318302617919
curiosity 0.4186570336913002 0.5617296821682928 0.5485731146776165 1.0 0.5061360918973741 0.6191143319675328
field 0.42098910329811967 0.5618129927488164 0.54942525102209 1.0 0.5065596250612217 0.6205147476417242
after 0.4209014112135109 0.5618150132882584 0.5517934677613452 1.0 0.5111881130796335 0.617872786645782
fortunately 0.4174146395336199 0.5602344772152054 0.5480986568220223 1.0 0.5048873724237576 0.6199777624433197
just 0.41817319939035186 0.559586848704317 0.5466029365852205 1.0 0.5062416968726142 0.6181189328821168
see 0.42168291012004616 0.5621412004524051 0.552800709149396 1.0 0.5116840089008243 0.6174737820307211
pop 0.417655867274773 0.559040364527386 0.5449749862530361 1.0 0.5054529905549162 0.6170123155493834
down 0.4203492680219612 0.5615655029993584 0.5503581203664025 1.0 0.5103264669414208 0.6182903367757115
large 0.419792295390026 0.5617162662775883 0.5494427915483084 1.0 0.5116971260764934 0.6167031916241024
hole 0.4206767228607298 0.5626307208619755 0.5503475637273303 1.0 0.5125466295718212 0.6214124597400518
under 0.4202047709608495 0.5610147468662459 0.550453004057591 1.0 0.5116404703549033 0.6197245551631679
hedge 0.41705979475578897 0.5592958366114804 0.544689807422704 1.0 0.5061258039510882 0.616587881649744
another 0.4199397968253587 0.5637800962124413 0.5508499308798602 1.0 0.5084626787939462 0.6221649289722225
moment 0.41945389944125067 0.5615150418107474 0.5499312472276061 1.0 0.5113236638119704 0.6194288931622008
went 0.41892585070823934 0.5611164090225055 0.5487096255146309 1.0 0.510255527757915 0.6200773515772003
how 0.42092386390837977 0.5627380894403836 0.5513038760683568 1.0 0.5124355421122697 0.6190597076315485
world 0.4209099989071874 0.5620506943321867 0.5506408993490567 1.0 0.5118208316758365 0.6217999600171641
again 0.4204077698444874 0.5629799247736136 0.551527009461528 1.0 0.5136728370248581 0.6171701028688694
straight 0.42208848518239006 0.5636212850322666 0.549794045583311 1.0 0.512196217720028 0.6259668894931648
like 0.4212676043192203 0.5616243516190018 0.5524144575394673 1.0 0.5136863373108621 0.6192998086484826
tunnel 0.42208848518239006 0.5636212850322666 0.549794045583311 1.0 0.512196217720028 0.6259668894931648
some 0.41813159238365344 0.5615936626430394 0.549778143012729 1.0 0.5101845779041453 0.6240510185594896
dipped 0.41813159238365344 0.5615936626430394 0.549778143012729 1.0 0.5101845779041453 0.6240510185594896
not 0.4210997511138172 0.5623506740777511 0.5522239118920175 1.0 0.5129094456714834 0.6190822046460862
about 0.4199458706332311 0.5607605517307325 0.5505799936868716 1.0 0.5112349490255973 0.6188430899095233
stopping 0.4148900284004904 0.5562902777847233 0.5445486291560673 1.0 0.5071308003568237 0.6180411489754396
herself 0.420877191331161 0.5613924722399413 0.5519565436145787 1.0 0.5119907415044371 0.6206005507194118
found 0.4220884878042467 0.5638723911035081 0.552799219459841 1.0 0.5141049081970102 0.6203782747461757
falling 0.4190215166220849 0.5597715726283853 0.5459498269619286 1.0 0.5060141313336985 0.6180401020100423
deep 0.41776790954446297 0.5592636822679158 0.5427288680803211 1.0 0.504175364788956 0.6195997559905467
fell 0.41922832626741596 0.5608911750648913 0.5488672648780297 1.0 0.511411132851181 0.6172844840632263
slowly 0.41547198012218806 0.5564472030271042 0.5411542571997053 1.0 0.5042912402851034 0.617630200043873
plenty 0.4157040529814815 0.5572943336655463 0.5427735782031547 1.0 0.5037454731449118 0.6209573461187562
look 0.41910975232037756 0.559611642388256 0.548815593714785 1.0 0.5095273855362009 0.6199277526291413
wonder 0.42158870245094443 0.5629368581268475 0.5498585072512187 1.0 0.5103052511990664 0.6189191139362066
going 0.42098063951418113 0.5615887741141653 0.5529689913147982 1.0 0.5149011479130376 0.6214251897494957
happen 0.4181331451775752 0.5589037984658036 0.5525371674162605 1.0 0.5119008982556021 0.6193691911577133
next 0.4181331451775752 0.5589037984658036 0.5525371674162605 1.0 0.5119008982556021 0.6193691911577133
first 0.4208305772607213 0.5605370549541746 0.5515054173771256 1.0 0.5114748463063268 0.6199257392786813
tried 0.4223248860643881 0.5629876114514557 0.5547308226865745 1.0 0.5122128322703353 0.6185547449612222
make 0.4219056841382737 0.562241995820395 0.5517611687231483 1.0 0.5079873333936348 0.620987454763894
coming 0.4180009898147674 0.5592389639036593 0.5480162140165118 1.0 0.5031895910924404 0.617967602898688
too 0.41972408734926164 0.5607888346941845 0.5497166061542575 1.0 0.5119625411091864 0.6179405302852676
dark 0.4218071120262587 0.5634152166081 0.5539647428516707 1.0 0.5119758568801085 0.6205580977549096
anything 0.42084221459118404 0.5627298538162095 0.5496097534455696 1.0 0.5090863371454906 0.6159445675946185
sides 0.41982714222595013 0.5615110245763659 0.5505547571110766 1.0 0.512303597504461 0.6130613629059091
noticed 0.42022911072790614 0.561670985519153 0.55093204556395 1.0 0.5112123628329911 0.6161443470549933
they 0.42050117064007614 0.5623254999269804 0.5513627276769278 1.0 0.5126574749002945 0.6184449664601402
were 0.42088866875859304 0.5624769781707225 0.5530659249051089 1.0 0.5146016039003042 0.6190134034542414
filled 0.4207988011958283 0.5614738725152209 0.5532341577591924 1.0 0.5147304454549142 0.6165946732987442
cupboards 0.42007472421491066 0.5609021563300891 0.5511408434739508 1.0 0.5141279821484148 0.6148158358852981
shelves 0.42111721834181354 0.5618925364034462 0.5521950066819061 1.0 0.5134685112821769 0.6146272867285415
here 0.4203120052616833 0.5621148439226349 0.5495831848892372 1.0 0.5133447686516541 0.6152007791079044
saw 0.42018103774461085 0.5619698269139398 0.5535380171956169 1.0 0.5146857029892146 0.6171046805686771
maps 0.4181083611522965 0.5610235410262472 0.5522870370779963 1.0 0.5160831816649296 0.6144338827374206
hung 0.41828715538309436 0.5595046789863506 0.5462238994782906 1.0 0.5123798240250846 0.6134135529009372
upon 0.41983831865133714 0.5612877491569798 0.5503379949844854 1.0 0.5111666298073011 0.6179388943522041
pegs 0.41828715538309436 0.5595046789863506 0.5462238994782906 1.0 0.5123798240250846 0.6134135529009372
jar 0.4196371599620987 0.5594307061942291 0.5526913005793072 1.0 0.5126774489199087 0.6141051894420309
from 0.4195977424976109 0.5612565586889422 0.5515080347095961 1.0 0.5130807775048267 0.6172480029635997
one 0.42126354163038554 0.5625216638017018 0.552812586376779 1.0 0.5115699112936324 0.6180632357551016
passed 0.42011614675574055 0.5610249290773217 0.5502983312821823 1.0 0.511306439178019 0.6135222244222924
labled 0.4197100178134132 0.5605259094152554 0.5497863075562286 1.0 0.5126719875488654 0.6144101548577282
orange 0.4197100178134132 0.5605259094152554 0.5497863075562286 1.0 0.5126719875488654 0.6144101548577282
marmalade 0.4197100178134132 0.5605259094152554 0.5497863075562286 1.0 0.5126719875488654 0.6144101548577282
great 0.4194737416751716 0.5603211461744694 0.5491264553365979 1.0 0.508882737258818 0.6194302519642291
disappointment 0.42034531648902285 0.5607176288039399 0.5505094723340759 1.0 0.5117734941210967 0.61994792538191
empty 0.4219856090390389 0.5620554938032357 0.5562594767159562 1.0 0.5132592018860607 0.6208031013604443
drop 0.4210198804978665 0.5603189117864891 0.5552369514554356 1.0 0.5130185515623513 0.6134016628158797
fear 0.4210198804978665 0.5603189117864891 0.5552369514554356 1.0 0.5130185515623513 0.6134016628158797
killing 0.4210198804978665 0.5603189117864891 0.5552369514554356 1.0 0.5130185515623513 0.6134016628158797
somebody 0.4192770664416744 0.5594444088346252 0.5509468405910966 1.0 0.5132283553730416 0.6123035606426087
managed 0.4192770664416744 0.5594444088346252 0.5509468405910966 1.0 0.5132283553730416 0.6123035606426087
put 0.4190997933881811 0.5594642051341292 0.5528526028636854 1.0 0.5079169990866722 0.6113038445200938
past 0.41934970520773635 0.5603296963405389 0.54904480578074 1.0 0.5135247350354027 0.6130346841992068
such 0.4221361074876867 0.5621956863171953 0.5516274992042646 1.0 0.5102072302350009 0.6173239871215537
fall 0.4206659170006665 0.5620335084853473 0.5503522701585403 1.0 0.5077186776514069 0.6194568812563177
tumbling 0.419465600416639 0.5633836336557994 0.5523851955681764 1.0 0.5095359421351879 0.6188483667197953
stairs 0.419465600416639 0.5633836336557994 0.5523851955681764 1.0 0.5095359421351879 0.6188483667197953
brave 0.4190565614877734 0.5643703016149106 0.5511810123156534 1.0 0.5138371870176232 0.6183283749447891
ll 0.4213611749145871 0.5613665079284423 0.550210143340138 1.0 0.5113760621326733 0.6186904816602282
me 0.4220725700690985 0.5624307169835301 0.5520970432928414 1.0 0.5119942530765488 0.61895297292098
home 0.4235798725895384 0.5661001642963316 0.5485580553295837 1.0 0.5097121367830241 0.6196271711629757
why 0.4235731544761821 0.5644828042234616 0.5500635789144507 1.0 0.5096606339966112 0.6212454891362985
n't 0.42194420990452763 0.5632567540883968 0.5517960575490319 1.0 0.5092116291459782 0.6172180026539833
even 0.4221299206435025 0.5631104615975558 0.5549879036618254 1.0 0.5134494979898613 0.6206820914479939
if 0.4208016849439505 0.561296876085317 0.5507665956689979 1.0 0.5109836591441146 0.6203491620721897
off 0.42128671220759545 0.5626055217731734 0.5516318511007281 1.0 0.5120297657359555 0.6172609791760197
top 0.42054415822426094 0.5640960117830673 0.5510490564039744 1.0 0.5103107374886134 0.6183221884352178
house 0.42054415822426094 0.5640960117830673 0.5510490564039744 1.0 0.5103107374886134 0.6183221884352178
which 0.4215732781444069 0.5628155499812759 0.5526708890712946 1.0 0.512579540429037 0.618265408114081
likely 0.42165543600494443 0.5630598790430683 0.5539419201870834 1.0 0.513151211072082 0.6202408703436233
true 0.42165543600494443 0.5630598790430683 0.5539419201870834 1.0 0.513151211072082 0.6202408703436233
come 0.4223112675039029 0.5622737675394358 0.551713135495655 1.0 0.5076627665592406 0.6196187297413168
an 0.4210610393574505 0.5613105325391835 0.5497822213928553 1.0 0.5076968301470131 0.6148783513948536
end 0.42098624020743264 0.5605742134532338 0.5496932233617872 1.0 0.5127131926938706 0.6177787129770997
many 0.419955811117331 0.5610002543115484 0.5492849705812852 1.0 0.5140361557496994 0.6172422941691867
miles 0.4190538766650511 0.5596410128288257 0.5491283841408114 1.0 0.5117092999598906 0.616062878898033
ve 0.42023017159759196 0.5607575366968753 0.5489113922819774 1.0 0.5112767133590425 0.6178422870089931
fallen 0.4196891689957927 0.5592759539855298 0.5449855189256976 1.0 0.5096409263421176 0.6175231009905733
said 0.421963810663149 0.5628137724121478 0.5534506294176293 1.0 0.5159027867105338 0.6199826283108648
aloud 0.4217314314779169 0.5627558214360869 0.5500745477455329 1.0 0.5090886576230861 0.6197866984205191
must 0.4193163059879272 0.5611542314269905 0.5480675406490517 1.0 0.5122438247659251 0.6169871291511884
somewhere 0.41920392195935197 0.560580833229532 0.5500910996226729 1.0 0.5078357198704743 0.6128068237437155
near 0.416607574113181 0.5597768283482492 0.5457904994964395 1.0 0.5085509222834754 0.6153167184399121
centre 0.416607574113181 0.5597768283482492 0.5457904994964395 1.0 0.5085509222834754 0.6153167184399121
earth 0.419020344366223 0.5597722521236732 0.5482822498748564 1.0 0.5104728597567055 0.6189697838986501
let 0.4184538604504815 0.559044094440811 0.5495935747657059 1.0 0.5141885704244609 0.6144656781032428
four 0.4184174814720104 0.5600067054112929 0.5532784413361125 1.0 0.5137812642573759 0.6146001218718627
thousand 0.4184174814720104 0.5600067054112929 0.5532784413361125 1.0 0.5137812642573759 0.6146001218718627
you 0.4204179115987558 0.5612782600209462 0.550096102021435 1.0 0.5108174436493502 0.6171787974745119
learnt 0.42150918794024744 0.5633005796691645 0.5514406512126958 1.0 0.5122498445758421 0.614244503020361
several 0.42191545979218303 0.5627195265504317 0.5557468272787448 1.0 0.5130810441495983 0.6197339170427026
things 0.42136957816835546 0.5630695205234175 0.5538004687303677 1.0 0.5161586294240403 0.6167418043064523
sort 0.4228234889156294 0.5645200038373444 0.5515259114282387 1.0 0.5114899801079128 0.6184335764136062
lessons 0.4218494842300326 0.5650304970097505 0.551482816799176 1.0 0.5125676551011044 0.6195834147713783
schoolroom 0.42369999848837037 0.5642543382802384 0.5514723951229401 1.0 0.5117145000556202 0.6203552756069096
though 0.42399407656597116 0.5637372593413199 0.554465457627176 1.0 0.5144184227710573 0.6226225839479427
good 0.422404770794747 0.5641203222137179 0.5535892224031763 1.0 0.5105130356751957 0.619257707321289
opportunity 0.4203970836232177 0.5640883667716496 0.5500965921298486 1.0 0.5104969379649262 0.6151847789624183
showing 0.42192876727770856 0.5647240983423736 0.55389731096746 1.0 0.5115799994624223 0.6201176754847598
knowledge 0.42192876727770856 0.5647240983423736 0.55389731096746 1.0 0.5115799994624223 0.6201176754847598
listen 0.4171761728189066 0.5627588038204246 0.5531814880594446 1.0 0.5092774232871184 0.6216132517999713
still 0.4195416041994791 0.5622676216990504 0.5511220043272517 1.0 0.5105076015798616 0.6215427463321895
practice 0.4211468918796869 0.5639837180929497 0.5507412860722605 1.0 0.5078580880761039 0.6172576897204071
yes 0.4225557538229876 0.5628593173764104 0.5491098072982837 1.0 0.5087836537430854 0.6185203461729039
right 0.4223366441930357 0.5632868015604654 0.5519579894123062 1.0 0.5113589601400902 0.622295659400308
distance 0.4225557538229876 0.5628593173764104 0.5491098072982837 1.0 0.5087836537430854 0.6185203461729039
latitude 0.42402696848485516 0.5655129433337922 0.5529947096816387 1.0 0.5135932343774728 0.6220595097501825
longitude 0.4223678209125978 0.5629834734142053 0.553168984512208 1.0 0.5136734242294828 0.6193943350472418
got 0.42187252452748203 0.5630103048659046 0.5517301903992953 1.0 0.513621210437828 0.6173005167089909
idea 0.4249448105856251 0.5648881065194115 0.5545337439173361 1.0 0.5160219333414547 0.6243773481769375
nice 0.4220165614795592 0.5621173306899792 0.5565059336778015 1.0 0.5145340336989134 0.6178572515537282
grand 0.4210773580423358 0.5609038563592857 0.5529495046640701 1.0 0.5136163737693235 0.6159159835162624
words 0.4222052424963075 0.5626726642658438 0.5566134896115302 1.0 0.515367622375762 0.6182633753551982
presently 0.4221990229741151 0.5639720265899935 0.551815566217392 1.0 0.5120126502978374 0.6153803867617982
began 0.4205193282463596 0.561174448182935 0.550803146002439 1.0 0.5096711324825148 0.6161323293588652
through 0.42115134066188037 0.5621255166558212 0.5536429695142514 1.0 0.5112133518619941 0.6216621260826175
funny 0.4223996438829848 0.5618595476237409 0.551938847182692 1.0 0.5093954229944233 0.6219327640019232
seem 0.4223996438829848 0.5618595476237409 0.551938847182692 1.0 0.5093954229944233 0.6219327640019232
among 0.4244780427170146 0.5644040120922875 0.5557383052258525 1.0 0.5127522928891807 0.6203725726696605
people 0.42203231165003247 0.5620091123678349 0.5530324261014402 1.0 0.5108103989737302 0.622456226577677
walk 0.42398058995477683 0.5649859675149976 0.5550424497552972 1.0 0.5071517201851302 0.6205127208345775
their 0.423001697771064 0.5637442530229346 0.5533894962951608 1.0 0.5080484983068141 0.6219392438916717
heads 0.42274315200671564 0.5636501815995782 0.5493743803813077 1.0 0.5084619853684123 0.6194981886613636
downward 0.42274315200671564 0.5636501815995782 0.5493743803813077 1.0 0.5084619853684123 0.6194981886613636
antipathies 0.42274315200671564 0.5636501815995782 0.5493743803813077 1.0 0.5084619853684123 0.6194981886613636
rather 0.4194644811248614 0.5599808553745547 0.5521872197521491 1.0 0.510963897103169 0.6197229239495705
glad 0.4202414280956369 0.5628283854912961 0.5557194446758984 1.0 0.5128788850509851 0.6210977716419446
listening 0.42070471405276555 0.5630566018494091 0.5548254177161601 1.0 0.5088112149377765 0.6232024948987652
sound 0.42434590915346865 0.5650009906629472 0.5536852298044741 1.0 0.5119280715193201 0.621427911078947
word 0.42434590915346865 0.5650009906629472 0.5536852298044741 1.0 0.5119280715193201 0.621427911078947
ask 0.41997437622487516 0.5593401069004263 0.5494821386344937 1.0 0.5089561216709363 0.6125446689487534
them 0.4203258889489268 0.5609289705449281 0.5512514551377461 1.0 0.5090452905109389 0.6198845124141311
name 0.4218613334687483 0.5621554033675257 0.5512422790349832 1.0 0.5089891825702388 0.6127966820239623
country 0.4218613334687483 0.5621554033675257 0.5512422790349832 1.0 0.5089891825702388 0.6127966820239623
is 0.4214811960757446 0.562096702461915 0.5523450094596576 1.0 0.5134212228079917 0.613707128038329
know 0.41998061670664005 0.5615273620144914 0.5538260789840919 1.0 0.5149194822861439 0.6176058479105744
please 0.42248169839334604 0.5627752676014477 0.5509938082245668 1.0 0.5104640855154341 0.6144163809053522
ma'am 0.42248169839334604 0.5627752676014477 0.5509938082245668 1.0 0.5104640855154341 0.6144163809053522
new 0.42158682885207427 0.5630341883427481 0.5486023364333478 1.0 0.511217082744036 0.6152421050523756
zeland 0.42158682885207427 0.5630341883427481 0.5486023364333478 1.0 0.511217082744036 0.6152421050523756
australia 0.42158682885207427 0.5630341883427481 0.5486023364333478 1.0 0.511217082744036 0.6152421050523756
curtsey 0.4189566464117813 0.5605574759212347 0.549766453909147 1.0 0.5101270497854328 0.6150740145137215
spoke 0.42083499606675057 0.5599779368158412 0.5497234588977596 1.0 0.507824358714664 0.6155187232210824
fancy 0.42226539056672413 0.561202980340282 0.5538515134173876 1.0 0.5147105787521032 0.6172469711506238
curtseying 0.42083499606675057 0.5599779368158412 0.5497234588977596 1.0 0.507824358714664 0.6155187232210824
re 0.4190864103352791 0.5591372237072963 0.5482326503300905 1.0 0.5073498378429088 0.6143784885393644
air 0.42117413140284093 0.562038944042355 0.5526327465937395 1.0 0.5107996501284721 0.6152581778321972
manage 0.4185183186430206 0.5592506009673403 0.546429578212641 1.0 0.5075865730863173 0.6133732369211164
ignorant 0.42180503598912894 0.5612167991314377 0.5484034271770782 1.0 0.5091663237347018 0.6138221356280416
little 0.4221594977736718 0.5629787604434228 0.5538265191810549 1.0 0.5131978930889942 0.6195706357087579
girl 0.42180503598912894 0.5612167991314377 0.5484034271770782 1.0 0.5091663237347018 0.6138221356280416
asking 0.4226526513681598 0.5643683758843703 0.5514684319382768 1.0 0.5123274821193649 0.6170380078763744
perhaps 0.42179544068799024 0.561383342689439 0.5543837007808551 1.0 0.507121847709318 0.6103015973651716
written 0.42179544068799024 0.561383342689439 0.5543837007808551 1.0 0.507121847709318 0.6103015973651716
else 0.42016977088925406 0.5612321713634463 0.5470702144017919 1.0 0.511829123200367 0.613672725196983
soon 0.4207951889248018 0.5614852596519799 0.5504371966807051 1.0 0.5147767179289524 0.616339471683599
talking 0.42096301048661205 0.5627453731250586 0.5540307919648669 1.0 0.511412680609043 0.617238779389399
dinah 0.4214984417886868 0.561879850030686 0.5507474273374616 1.0 0.508839280580593 0.6184785955258175
miss 0.4223634200347939 0.560616344528413 0.5558897458482823 1.0 0.5106339056114118 0.618520944035544
night 0.42030392206674605 0.5612025919262563 0.5508817036195127 1.0 0.5088682299298627 0.6173365220634874
should 0.4216082916021246 0.5620971749338602 0.5528526034174148 1.0 0.5140111035965432 0.6186384591604046
cat 0.4218636248163194 0.5615473736025021 0.552024349946069 1.0 0.5055486609114087 0.6179439852976997
hope 0.4187007723856861 0.5608004125724522 0.5474333277587258 1.0 0.5095218608941027 0.6190476420375872
remember 0.42192117863539885 0.5623430023350793 0.5510082738030909 1.0 0.5133043260920794 0.6194258969734214
saucer 0.4187007723856861 0.5608004125724522 0.5474333277587258 1.0 0.5095218608941027 0.6190476420375872
milk 0.4218114694133823 0.5611139537553186 0.5492229705081675 1.0 0.5097886772002489 0.6181588757478522
tea 0.4218114694133823 0.5611139537553186 0.5492229705081675 1.0 0.5097886772002489 0.6181588757478522
my 0.4210613347924267 0.5622972809778174 0.5515555832039586 1.0 0.512411285855591 0.6200619916202785
wish 0.42235520044901204 0.5642726986124877 0.5518498316047117 1.0 0.5133344009535488 0.6218685442415938
are 0.42317899116591795 0.5624759067748063 0.5518114752615552 1.0 0.5128354328097205 0.6182582446407574
mice 0.4232594433801118 0.564937315986484 0.557027765440988 1.0 0.5142454815617022 0.6161368520225013
m 0.4232594433801118 0.564937315986484 0.557027765440988 1.0 0.5142454815617022 0.6161368520225013
afraid 0.4232594433801118 0.564937315986484 0.557027765440988 1.0 0.5142454815617022 0.6161368520225013
might 0.4211578663898548 0.5630692229158931 0.5540637894427162 1.0 0.5140805662948468 0.6187650149793925
catch 0.4218369481355637 0.5655720513727445 0.5568092653238992 1.0 0.5128592284651087 0.6212139889809127
bat 0.4202975707006595 0.563679270173248 0.5516605283951416 1.0 0.5095011371108061 0.6178754845029258
mouse 0.4185432622140471 0.5617236066265688 0.5559127793154922 1.0 0.5118462324397551 0.6178173179793529
cats 0.42136201605924195 0.562476810146912 0.5493110659066011 1.0 0.5090495930080102 0.616397674262276
eat 0.42058212727762945 0.5618240340102293 0.5493349772182974 1.0 0.5108124692407475 0.6179524987336386
bats 0.42103841660138636 0.5625590587933752 0.5486445821229522 1.0 0.5092562884298256 0.6159366512107991
saying 0.4189252510018773 0.5608422272080763 0.5490606584448601 1.0 0.5087489480807056 0.6157793792160488
dreamy 0.4180722523620599 0.5611212510836672 0.5481344055570626 1.0 0.5066294446834819 0.6133854682828488
sometimes 0.4228807178555297 0.5632371425495674 0.5508151816521327 1.0 0.5126396965871501 0.6193315159683693
couldn't 0.42165593780879146 0.5625590530194258 0.556619508495864 1.0 0.5090965676611855 0.6172493328083046
answer 0.42165593780879146 0.5625590530194258 0.556619508495864 1.0 0.5090965676611855 0.6172493328083046
question 0.42165593780879146 0.5625590530194258 0.556619508495864 1.0 0.5090965676611855 0.6172493328083046
matter 0.4201463595995115 0.5616324729025461 0.5533918617604834 1.0 0.5062324760656871 0.6141357290273473
felt 0.4192496292035836 0.5593670334420426 0.552940829093375 1.0 0.5091177180751667 0.6156196135894892
dozing 0.42061591850007524 0.5623850570528595 0.5481133000383426 1.0 0.505628552153254 0.6141832777607905
begun 0.41967489624661813 0.5609146777369017 0.5490450574945481 1.0 0.5109687782945315 0.6145377791501563
dream 0.4204068154986753 0.5608877394194505 0.5482261055727745 1.0 0.50566249163776 0.6153253829870805
walking 0.4204068154986753 0.5608877394194505 0.5482261055727745 1.0 0.50566249163776 0.6153253829870805
hand 0.4200918847019795 0.5607256105574698 0.5491061402033088 1.0 0.5082647903780209 0.6167481511634022
earnestly 0.41812767088575664 0.5580194239181366 0.5472169916112966 1.0 0.5064554793357722 0.62004581918158
now 0.4236412433035996 0.563954203339975 0.5541112006731351 1.0 0.514596497898902 0.6221102892965749
tell 0.4211106420417762 0.5618199654334146 0.546596315030038 1.0 0.5048698631207427 0.615147241491743
truth 0.4211106420417762 0.5618199654334146 0.546596315030038 1.0 0.5048698631207427 0.615147241491743
ever 0.4215116329583802 0.5627035153697014 0.5515790225437756 1.0 0.5128637404757493 0.6176048290663333
thump 0.4193140805658659 0.5608406891884344 0.5459970342043333 1.0 0.5083568413623317 0.6120890870277027
came 0.420395097332697 0.5612174751582663 0.5511001607082092 1.0 0.5116736733446094 0.6183892926164245
heap 0.41885236024549655 0.5622466641253422 0.5481288436085109 1.0 0.5052020874393297 0.6138266206447471
sticks 0.41885236024549655 0.5622466641253422 0.5481288436085109 1.0 0.5052020874393297 0.6138266206447471
dry 0.41885236024549655 0.5622466641253422 0.5481288436085109 1.0 0.5052020874393297 0.6138266206447471
leaves 0.41885236024549655 0.5622466641253422 0.5481288436085109 1.0 0.5052020874393297 0.6138266206447471
bit 0.41799473325915026 0.5587756997089889 0.5452206399929032 1.0 0.5102477740257686 0.6173914783323079
hurt 0.41799473325915026 0.5587756997089889 0.5452206399929032 1.0 0.5102477740257686 0.6173914783323079
jumped 0.41799473325915026 0.5587756997089889 0.5452206399929032 1.0 0.5102477740257686 0.6173914783323079
overhead 0.42350987175537513 0.5663754006883595 0.5591788619461988 1.0 0.5137116722974798 0.6249322709931674
long 0.41979226749817455 0.5607444559116415 0.548061319878441 1.0 0.508948837551971 0.6215060192857588
passage 0.4220417686935991 0.5636872353426894 0.5541593737056364 1.0 0.5137265999572924 0.6249659122704277
sight 0.421911059977135 0.5617756039111196 0.5490590167181787 1.0 0.5117398728210514 0.6214721209108122
hurrying 0.421911059977135 0.5617756039111196 0.5490590167181787 1.0 0.5117398728210514 0.6214721209108122
lost 0.4196051986439555 0.5601275520100394 0.5488148137806066 1.0 0.5083038231060816 0.6208510897531372
away 0.4196051986439555 0.5601275520100394 0.5488148137806066 1.0 0.5083038231060816 0.6208510897531372
wind 0.4165055264672009 0.5561780495465771 0.5436305628476555 1.0 0.5081865387995746 0.6201768162131478
turned 0.4176728547560835 0.5571862064305393 0.5443935514270823 1.0 0.5098627269806555 0.6179242516790496
corner 0.4176728547560835 0.5571862064305393 0.5443935514270823 1.0 0.5098627269806555 0.6179242516790496
ears 0.4193723901599997 0.5584991241985737 0.5515863247674843 1.0 0.5096907529485788 0.6172641521398241
whiskers 0.416989429181975 0.5575368097117778 0.5489727308373271 1.0 0.5058593737803729 0.613670026026557
it's 0.4215477329660909 0.562812086814725 0.5511660240538478 1.0 0.5131112209572467 0.6207357243836157
behind 0.4178549866183019 0.5585230464701401 0.5460709091629362 1.0 0.5092882730961339 0.6179282198405305
longer 0.4177327225129749 0.5589372489183382 0.5468296711512938 1.0 0.5107925908103452 0.6192646158330988
low 0.42002657157537443 0.5617186363413583 0.5472373120715461 1.0 0.5103739802271569 0.6189932004675344
hall 0.42119300578064744 0.5629279543898494 0.5521099381747822 1.0 0.5135006635909223 0.6180114734438363
lit 0.4194596294743492 0.5614598009732051 0.5486610088829338 1.0 0.5148826097109702 0.61804110830482
row 0.4194596294743492 0.5614598009732051 0.5486610088829338 1.0 0.5148826097109702 0.61804110830482
lamps 0.4194596294743492 0.5614598009732051 0.5486610088829338 1.0 0.5148826097109702 0.61804110830482
hanging 0.4194596294743492 0.5614598009732051 0.5486610088829338 1.0 0.5148826097109702 0.61804110830482
roof 0.419103647942956 0.5610716651889257 0.5532428542845854 1.0 0.5178492777737556 0.6153289640951265
doors 0.4203043987288845 0.5612890540784847 0.55269998462828 1.0 0.5142775726603807 0.6152642147322952
around 0.420929311417859 0.5628976795194175 0.5544788519516285 1.0 0.513218074145366 0.6175774450895667
locked 0.42003855917341854 0.5630318626062316 0.5502844585743747 1.0 0.510223035230958 0.6188007773448505
been 0.4201534238116059 0.561532828120471 0.5491504194736876 1.0 0.5118840615126575 0.6156523668482691
side 0.4201534238116059 0.561532828120471 0.5491504194736876 1.0 0.5118840615126575 0.6156523668482691
other 0.4205785450401179 0.5609519151211666 0.5507791375690001 1.0 0.5135548236607651 0.6151205650309183
trying 0.42296899179848535 0.5624126565271395 0.5530553259904726 1.0 0.5144544486491102 0.6199107837593577
every 0.4194204694495777 0.5613370782115585 0.547976532731086 1.0 0.5128442755983896 0.6151516285897931
door 0.4204645463653829 0.5619799231239817 0.5510032404837147 1.0 0.5124625361097093 0.6188364254480107
walked 0.42021441280477395 0.5607815276785622 0.5478703781567167 1.0 0.5133408324697999 0.6149638184848533
sadly 0.42021441280477395 0.5607815276785622 0.5478703781567167 1.0 0.5133408324697999 0.6149638184848533
middle 0.42021441280477395 0.5607815276785622 0.5478703781567167 1.0 0.5133408324697999 0.6149638184848533
wondering 0.42127887931795166 0.5632884086739429 0.552492082037848 1.0 0.515613924009321 0.6188813148180784
three 0.4204634204623264 0.5624104885533788 0.5571995087666028 1.0 0.511963938263534 0.6190616973500351
legged 0.4204634204623264 0.5624104885533788 0.5571995087666028 1.0 0.511963938263534 0.6190616973500351
table 0.42140326245294324 0.5631770441040727 0.5554246493126823 1.0 0.5161391501750585 0.6204380247914779
solid 0.42120213302390597 0.562978572415928 0.554900834636134 1.0 0.507853552216838 0.6207868592021213
glass 0.4226256119562638 0.5636328134244195 0.5570231030247702 1.0 0.5114789511130092 0.6203878513801798
except 0.4223731723647829 0.5616998330870104 0.549958362600482 1.0 0.5094908414921592 0.6177943520915871
tiny 0.4223731723647829 0.5616998330870104 0.549958362600482 1.0 0.5094908414921592 0.6177943520915871
golden 0.4225849672287135 0.5650427860858555 0.5525958395624933 1.0 0.5114390043786918 0.6210731897179755
key 0.4215686597824052 0.56400453389315 0.5533738816497247 1.0 0.512468577427667 0.621276064708074
belong 0.42150393019100685 0.5615062222166178 0.5521576662386513 1.0 0.5107094944986795 0.6151995311203594
alas 0.4222995447101134 0.5654934431664872 0.5546523055423584 1.0 0.516172695102511 0.619561422030645
locks 0.42020687918006655 0.5627008352713975 0.5509291016362814 1.0 0.5164336172664487 0.6182754571921533
small 0.42182569207539194 0.5638054243099744 0.5538417984471139 1.0 0.5156435337459974 0.6202977862953274
any 0.4201606501274797 0.5623287759419229 0.5515045176413778 1.0 0.5112783849117006 0.622851044012776
rate 0.42116906155459727 0.5642618782053787 0.5519370514458692 1.0 0.5114822265949163 0.6216379275991797
open 0.41811797815241586 0.5605383254617838 0.5516239576244767 1.0 0.5103529702351259 0.6237393747611912
however 0.4198828189433136 0.5601520153661783 0.5480459478559698 1.0 0.5099872580383544 0.6213050601959795
second 0.4186718819608773 0.5594714148353263 0.548779217283336 1.0 0.5106514188218279 0.6229235540701066
round 0.42037049173508195 0.5617490005495355 0.5502759090874213 1.0 0.5134376554722841 0.6183127885308611
curtain 0.42022499975046435 0.5610318642967983 0.5479728160228438 1.0 0.5078938542229232 0.62111442716258
fifteen 0.4184583351592467 0.5613848985788866 0.5489839730405609 1.0 0.5073858336079266 0.6182019793465594
inches 0.42144165583709287 0.5629429090780695 0.5539707002663495 1.0 0.5127389499202868 0.6206861101994874
high 0.42144165583709287 0.5629429090780695 0.5539707002663495 1.0 0.5127389499202868 0.6206861101994874
lock 0.4185914016950825 0.5599197664307767 0.5477263561476076 1.0 0.5059562755119089 0.61890618455683
delight 0.4185914016950825 0.5599197664307767 0.5477263561476076 1.0 0.5059562755119089 0.61890618455683
fitted 0.41603032201348933 0.5603893750688943 0.5470153051621003 1.0 0.5065320063308508 0.6197145955920356
opened 0.4203348840308772 0.561914478713416 0.5529377242769163 1.0 0.5142404442624661 0.6193298032717189
led 0.4217803916777003 0.5629819840931896 0.5519482410219512 1.0 0.5146378788632672 0.6199508415286323
larger 0.420411961554536 0.5608612659052673 0.5547445739337755 1.0 0.5124405921565279 0.6211907954235428
than 0.42289233265438747 0.5649844373867479 0.5565731053460897 1.0 0.5193342666074617 0.6216985411566481
rat 0.42289233265438747 0.5649844373867479 0.5565731053460897 1.0 0.5193342666074617 0.6216985411566481
knelt 0.42289233265438747 0.5649844373867479 0.5565731053460897 1.0 0.5193342666074617 0.6216985411566481
along 0.4211120205672275 0.5636578427340044 0.5576586963893192 1.0 0.5190523892774881 0.6270026058058741
loveliest 0.422187449997017 0.5629223384695897 0.5552186554388705 1.0 0.5135485312531738 0.6231692466976076
garden 0.4215184809292289 0.5623389972036253 0.553890985684044 1.0 0.5141774010177168 0.6215610119657918
longed 0.42250637248736594 0.5649038782978458 0.5552991692171797 1.0 0.5172214133404702 0.622405148144222
wander 0.4249755338927873 0.5638220117307075 0.5564342144306927 1.0 0.5183532980720736 0.6202324136824365
those 0.4237014078749691 0.5634740230417892 0.5555321375098056 1.0 0.518728627211287 0.621596758627821
beds 0.42243286727257134 0.5631275598388604 0.5546340150441873 1.0 0.5191023110115522 0.6229551226630051
bright 0.42243286727257134 0.5631275598388604 0.5546340150441873 1.0 0.5191023110115522 0.6229551226630051
flowers 0.42243286727257134 0.5631275598388604 0.5546340150441873 1.0 0.5191023110115522 0.6229551226630051
cool 0.42243286727257134 0.5631275598388604 0.5546340150441873 1.0 0.5191023110115522 0.6229551226630051
fountains 0.419514507368937 0.5616489055250125 0.5525866902280108 1.0 0.5154486241440274 0.6208668392107897
head 0.4225229436874355 0.5630951283282611 0.5583340532246429 1.0 0.5154414746786836 0.6229807775931431
doorway 0.4237063509108719 0.5633322180423448 0.5587333512768676 1.0 0.5166665721504812 0.6229428491647216
go 0.4207933777797229 0.5613650487986346 0.5537452648061428 1.0 0.5138620703069914 0.6227218307633205
poor 0.4220267374782929 0.561959688095479 0.5533376056128018 1.0 0.5133220383611619 0.622392116277174
shoulders 0.42408017150196214 0.5656484832768455 0.5518901875031271 1.0 0.5131787183532136 0.6213009108729853
shut 0.42233510139272784 0.5636830478317698 0.5544994649029952 1.0 0.5144124281521602 0.6211354968131052
telescope 0.42355836843210737 0.5655968309786296 0.5545361704183192 1.0 0.5145126655314668 0.6209250849131098
only 0.4219173031609108 0.563043499484454 0.5555286674455681 1.0 0.517688203801112 0.6214889146718315
begin 0.4194173137273097 0.5615903946076128 0.552111190754131 1.0 0.5172897507158457 0.6198131544497245
happened 0.4213188712176633 0.5627434673747957 0.5545084426344399 1.0 0.5183894431547842 0.6176027343997512
lately 0.41895264465355475 0.5609412602357758 0.5498531921739966 1.0 0.5162049761132569 0.6137605784899434
few 0.4225664805517023 0.5634694899006116 0.5565658072978511 1.0 0.5156625148861972 0.6199753217673412
indeed 0.42237104503528905 0.5643308395256826 0.5552078506385367 1.0 0.5186733637294003 0.617510679227033
really 0.4218882764184568 0.5628520617649838 0.5586508888685385 1.0 0.5159040894606778 0.6189645092948591
impossible 0.4218882764184568 0.5628520617649838 0.5586508888685385 1.0 0.5159040894606778 0.6189645092948591
waiting 0.4227768136198818 0.5662243474195424 0.5570435824748656 1.0 0.518613712123458 0.6162581968945962
back 0.42072866645084084 0.563613039025382 0.554168771805655 1.0 0.5171171501060937 0.6211474929959468
half 0.41948528893264014 0.5641450857431924 0.5550669411704173 1.0 0.5186793726616012 0.6188242856646813
hoping 0.41948528893264014 0.5641450857431924 0.5550669411704173 1.0 0.5186793726616012 0.6188242856646813
find 0.42192639926685754 0.5676417135456036 0.556333346072307 1.0 0.5130937686678233 0.6229180651580026
rules 0.42130916281494857 0.5625400070248531 0.5517254279022792 1.0 0.5089457737243754 0.6226648743973271
shutting 0.4218953806648766 0.5622996613572473 0.5510634486162004 1.0 0.5138526508958159 0.6184888122986052
telescopes 0.42177047981885213 0.5620692878017208 0.551790397350176 1.0 0.5117656508423991 0.6183225799831593
bottle 0.42216436418987896 0.564299370423019 0.550161785556188 1.0 0.5124605992624445 0.6181677019143005
certainly 0.4229211856247404 0.5649213617726644 0.548671231333092 1.0 0.5140258026672362 0.6172803632561632
neck 0.42206315499609753 0.5640186128647366 0.5517673612551355 1.0 0.5162141380325185 0.6137181644141524
paper 0.42206315499609753 0.5640186128647366 0.5517673612551355 1.0 0.5162141380325185 0.6137181644141524
label 0.42223968290945374 0.5650708302804776 0.5561221743953558 1.0 0.5158783446585707 0.6161156098898131
drink 0.4217152041122485 0.5634725538527697 0.5502226963672815 1.0 0.5108384884878934 0.6175684496370664
beautifully 0.42145273083369994 0.5632221056904019 0.5535552280142151 1.0 0.5160643342142932 0.6197155476771782
printed 0.421288135462336 0.5634887999552114 0.5511314429456996 1.0 0.516346727440158 0.6137556009876658
letters 0.4215117007791643 0.5634061531695382 0.552421327820296 1.0 0.5132098303353492 0.6148277991164821
wise 0.42228111155930165 0.5624258470861734 0.5517461300078361 1.0 0.5129071356594503 0.619694509516138
hurry 0.42146199933706946 0.559685472001999 0.551915445364087 1.0 0.5123954298538685 0.6206125145951408
marked 0.42134600696827473 0.5629497203842775 0.5505005320092913 1.0 0.5116918070059895 0.6204152716959939
poison 0.4215396712387727 0.563509574241885 0.5502262919997368 1.0 0.5129531644126527 0.6199684323157691
read 0.42229199862590333 0.5628025727471729 0.5626043857292231 1.0 0.5181632374365344 0.6212743492763135
histories 0.4219810303555633 0.5604227422558624 0.5599846626270334 1.0 0.5135912816988627 0.6198834954380825
children 0.41908991441336285 0.5584017544791798 0.5533519529568008 1.0 0.5154359114788127 0.6193374013772623
who 0.41908991441336285 0.5584017544791798 0.5533519529568008 1.0 0.5154359114788127 0.6193374013772623
d 0.4207061283739446 0.5618171821913186 0.5524751810926938 1.0 0.5151644088003438 0.6188430027689437
gotten 0.41908991441336285 0.5584017544791798 0.5533519529568008 1.0 0.5154359114788127 0.6193374013772623
burnt 0.41908991441336285 0.5584017544791798 0.5533519529568008 1.0 0.5154359114788127 0.6193374013772623
eaten 0.41799608196760324 0.5578484333519803 0.5531197254829087 1.0 0.5133661446710264 0.6174625775979802
wild 0.41799608196760324 0.5578484333519803 0.5531197254829087 1.0 0.5133661446710264 0.6174625775979802
beasts 0.41799608196760324 0.5578484333519803 0.5531197254829087 1.0 0.5133661446710264 0.6174625775979802
unpleasant 0.42174069071164655 0.5605653983670033 0.553591592220486 1.0 0.5142678689592309 0.6150893922985133
because 0.42174069071164655 0.5605653983670033 0.553591592220486 1.0 0.5142678689592309 0.6150893922985133
simple 0.4233341548660287 0.5634063947587508 0.5530709959499085 1.0 0.5139913486785291 0.6220327791545458
friends 0.42202055959095114 0.5624996895079399 0.5517327502544087 1.0 0.5089473340201985 0.6233690400014105
taught 0.42202055959095114 0.5624996895079399 0.5517327502544087 1.0 0.5089473340201985 0.6233690400014105
red 0.4209997728159989 0.5598304392267739 0.550265978207337 1.0 0.5061292319942107 0.6188405241659999
poker 0.41951651961807174 0.5579991305578281 0.5462491346410169 1.0 0.5081325797653932 0.6190743837504602
will 0.41951651961807174 0.5579991305578281 0.5462491346410169 1.0 0.5081325797653932 0.6190743837504602
burn 0.41951651961807174 0.5579991305578281 0.5462491346410169 1.0 0.5081325797653932 0.6190743837504602
hold 0.41951651961807174 0.5579991305578281 0.5462491346410169 1.0 0.5081325797653932 0.6190743837504602
cut 0.416351980318702 0.5554577891937503 0.5448754353542737 1.0 0.5065562040763524 0.6197336518881036
your 0.4194665839803254 0.5604527871501396 0.5480480439028049 1.0 0.510235655588334 0.6249761765791229
finger 0.4194665839803254 0.5604527871501396 0.5480480439028049 1.0 0.510235655588334 0.6249761765791229
deeply 0.4194665839803254 0.5604527871501396 0.5480480439028049 1.0 0.510235655588334 0.6249761765791229
knife 0.4194665839803254 0.5604527871501396 0.5480480439028049 1.0 0.510235655588334 0.6249761765791229
usually 0.42029368463084765 0.5591308618062072 0.5490174063902511 1.0 0.5068676112660712 0.620938875052598
bleeds 0.42029368463084765 0.5591308618062072 0.5490174063902511 1.0 0.5068676112660712 0.620938875052598
forgotten 0.4211721191907139 0.5638286642896683 0.5471582706377025 1.0 0.5115436540140917 0.6178408038282893
almost 0.4212882593804926 0.5627886951936198 0.5503279317586434 1.0 0.5057197434028963 0.618055555896625
certain 0.4212882593804926 0.5627886951936198 0.5503279317586434 1.0 0.5057197434028963 0.618055555896625
disagree 0.4212882593804926 0.5627886951936198 0.5503279317586434 1.0 0.5057197434028963 0.618055555896625
sooner 0.42101807178357836 0.5641659817294754 0.5482092900907771 1.0 0.5087719841020909 0.6193305947631659
later 0.42101807178357836 0.5641659817294754 0.5482092900907771 1.0 0.5087719841020909 0.6193305947631659
ventured 0.4229861528281906 0.5635455502930287 0.5504747220135632 1.0 0.5151487768346035 0.6172704031518198
taste 0.4229861528281906 0.5635455502930287 0.5504747220135632 1.0 0.5151487768346035 0.6172704031518198
finding 0.4227028021442431 0.5631572207277407 0.5529680671252444 1.0 0.5167599193126838 0.617758369835581
fact 0.4247173049322582 0.5649916895915845 0.5531342680602057 1.0 0.5141156275015994 0.6198616709773316
mixed 0.4247173049322582 0.5649916895915845 0.5531342680602057 1.0 0.5141156275015994 0.6198616709773316
flavor 0.4247173049322582 0.5649916895915845 0.5531342680602057 1.0 0.5141156275015994 0.6198616709773316
cherry 0.4202651411811125 0.5614451845729999 0.5507347056262907 1.0 0.5109286134538544 0.6215204247244278
tart 0.4202651411811125 0.5614451845729999 0.5507347056262907 1.0 0.5109286134538544 0.6215204247244278
custard 0.4176463078650918 0.5583816328783024 0.5501313314372096 1.0 0.5126501683440532 0.623041126686578
pine 0.4176463078650918 0.5583816328783024 0.5501313314372096 1.0 0.5126501683440532 0.623041126686578
apple 0.4176463078650918 0.5583816328783024 0.5501313314372096 1.0 0.5126501683440532 0.623041126686578
roast 0.4176463078650918 0.5583816328783024 0.5501313314372096 1.0 0.5126501683440532 0.623041126686578
turkey 0.4214324837673573 0.5610497167863178 0.5523769379871712 1.0 0.51152525743165 0.6215861661361087
toffee 0.4214324837673573 0.5610497167863178 0.5523769379871712 1.0 0.51152525743165 0.6215861661361087
buttered 0.4214324837673573 0.5610497167863178 0.5523769379871712 1.0 0.51152525743165 0.6215861661361087
toast 0.42291989293140925 0.5649299835614168 0.5529794859414394 1.0 0.5137911504239745 0.6208267807771378
finished 0.42066305705634066 0.5605256613742562 0.5500186146184872 1.0 0.5149791424527741 0.6151928604850038
curious 0.42105355719003895 0.5620629876239536 0.552016105358663 1.0 0.5164251777428893 0.6222935580326906
feeling 0.4213604302699924 0.5642981885899281 0.5518823055800077 1.0 0.5181147530645883 0.6214694976805719
ten 0.42442241703209244 0.5644995829119798 0.5589531492250078 1.0 0.5180874736290161 0.6231681098399198
face 0.42442241703209244 0.5644995829119798 0.5589531492250078 1.0 0.5180874736290161 0.6231681098399198
brightened 0.4271518870875957 0.567103192130436 0.5631474561187504 1.0 0.5190298541023046 0.6282999572411992
size 0.42285930913221487 0.5647896526496002 0.5581090896863148 1.0 0.5180335353764673 0.6257285545570885
lovely 0.42050907913604213 0.5615736708605401 0.5513384568258504 1.0 0.5107788458040792 0.6218841170395456
waited 0.42151009375279697 0.559919331406348 0.5530635067163949 1.0 0.5106004096677171 0.6235694668009435
minutes 0.4234674265236936 0.5629634209664547 0.5565958081668941 1.0 0.5119456811756814 0.624665894979507
shrink 0.42019453372559534 0.5602621114961492 0.5505204992559312 1.0 0.5117992625024789 0.6243839406745411
further 0.42019453372559534 0.5602621114961492 0.5505204992559312 1.0 0.5117992625024789 0.6243839406745411
nervous 0.4195776151670255 0.5592501014373956 0.5511110349895089 1.0 0.5156615479177713 0.6209342661553224
altogether 0.4205792025419179 0.5606597839674684 0.5498230723848123 1.0 0.5165620131926311 0.6197891286060322
candle 0.42366066652564605 0.5630618746085047 0.5568713964656807 1.0 0.5165461810367724 0.6171884799393619
flame 0.42369109406047006 0.5624240063109625 0.5579660299029556 1.0 0.5215742152987075 0.6189695512578963
blown 0.4184525401303627 0.5603585909484183 0.5500589770699954 1.0 0.5179109806543888 0.6121248949442455
thing 0.42318812281312335 0.5620418830798702 0.5533044011675003 1.0 0.5150326587655113 0.6197516498271006
while 0.42275410062252305 0.5632076123879979 0.555215372794865 1.0 0.518677399830727 0.6199311487111925
more 0.42242024406610473 0.5627699774215893 0.5554544376999594 1.0 0.5183665550047929 0.6182449715491829
decided 0.42185860965488653 0.5625211790004008 0.5551130334949004 1.0 0.5181876342399201 0.6196399958449105
possibly 0.4250236046445843 0.5667928946867361 0.5617044952142588 1.0 0.5188449442868547 0.6265569608107582
reach 0.42227686682280824 0.5626923110861595 0.5584421736991413 1.0 0.5149023868670883 0.6248942142863307
plainly 0.42343860225836466 0.5648464187788419 0.5612118763737407 1.0 0.5101532652308421 0.6220057980469812
best 0.42531497027658954 0.5647379812201374 0.558356392814504 1.0 0.5142421542193665 0.6183317084545263
climb 0.42531497027658954 0.5647379812201374 0.558356392814504 1.0 0.5142421542193665 0.6183317084545263
legs 0.42469367376618355 0.5644429192446546 0.5577049250282754 1.0 0.5166749971539585 0.6215720802770943
slippery 0.4224413525288239 0.5641067951824005 0.55439979925863 1.0 0.5153958767761284 0.6190377951712804
sat 0.42264497027566383 0.5612516771306109 0.5540930275913949 1.0 0.5136654485378843 0.6223052178727118
cried 0.4234000027092851 0.5619038242525518 0.5547250414375466 1.0 0.512401219952336 0.6212533733017379
crying 0.42306349362575796 0.5610334204600012 0.5536663976638675 1.0 0.5111495142369648 0.6216769055887403
sharply 0.41976034430252285 0.5603102079120234 0.5542793197377657 1.0 0.51443525797492 0.6222915098873166
advise 0.4226761570195231 0.5612933788284032 0.5550534785658914 1.0 0.5176072401158167 0.6184644831324906
leave 0.4226761570195231 0.5612933788284032 0.5550534785658914 1.0 0.5176072401158167 0.6184644831324906
minute 0.4255563380912526 0.5668687190514732 0.5600684381133568 1.0 0.5111539259552296 0.6221825870178216
generally 0.42568621146185587 0.5642894430233595 0.5599591509978585 1.0 0.5131912088322755 0.625361396982542
gave 0.42568621146185587 0.5642894430233595 0.5599591509978585 1.0 0.5131912088322755 0.625361396982542
advice 0.42568621146185587 0.5642894430233595 0.5599591509978585 1.0 0.5131912088322755 0.625361396982542
seldom 0.4245750370106343 0.563625192722892 0.5531939860489482 1.0 0.5148745635396886 0.6245673382567292
followed 0.4245750370106343 0.563625192722892 0.5531939860489482 1.0 0.5148745635396886 0.6245673382567292
scolded 0.4248065636079152 0.5636629793668977 0.5535963440112178 1.0 0.5170656561420336 0.6246683521098537
severely 0.4246954001733343 0.5633012661846081 0.5577643198919462 1.0 0.5164173011452446 0.6225054632349235
bring 0.4246954001733343 0.5633012661846081 0.5577643198919462 1.0 0.5164173011452446 0.6225054632349235
tears 0.4246074682400561 0.5651114532704863 0.5617438438013324 1.0 0.5136485083346489 0.6246149007883453
remembered 0.4227065620854126 0.5592171696160636 0.5547224716329017 1.0 0.5150057121275813 0.6205881622335878
box 0.42296637599456427 0.5611460227893433 0.5548394306530621 1.0 0.5156968045609928 0.6194850071606598
cheated 0.42176479637502795 0.5594652529687271 0.554210278084274 1.0 0.513537318384889 0.6208725241317582
game 0.4213400792504796 0.5621110792704612 0.5557810849800063 1.0 0.5155032220635672 0.6245556306173474
croquet 0.4213400792504796 0.5621110792704612 0.5557810849800063 1.0 0.5155032220635672 0.6245556306173474
playing 0.4213400792504796 0.5621110792704612 0.5557810849800063 1.0 0.5155032220635672 0.6245556306173474
against 0.4213400792504796 0.5621110792704612 0.5557810849800063 1.0 0.5155032220635672 0.6245556306173474
child 0.4206062228977064 0.5596390984699078 0.5527081968795046 1.0 0.5141358808735458 0.6219030559626554
fond 0.4206062228977064 0.5596390984699078 0.5527081968795046 1.0 0.5141358808735458 0.6219030559626554
pretending 0.4206062228977064 0.5596390984699078 0.5527081968795046 1.0 0.5141358808735458 0.6219030559626554
two 0.42119218609015224 0.5604951238576278 0.5526520601243419 1.0 0.5121560875194991 0.6254936825133633
pretend 0.4216839019465947 0.5614315433854994 0.554902779314601 1.0 0.5114277362645693 0.6281199913398298
hardly 0.4235664273491675 0.5628632741468763 0.5515711224525905 1.0 0.509609062109174 0.6228659783985467
enough 0.4235664273491675 0.5628632741468763 0.5515711224525905 1.0 0.509609062109174 0.6228659783985467
respectable 0.42583145295791225 0.565261235762464 0.555526335775987 1.0 0.5128109701677874 0.6240236054354037
person 0.42583145295791225 0.565261235762464 0.555526335775987 1.0 0.5128109701677874 0.6240236054354037
eye 0.42155616232788273 0.5626997302084247 0.5542410628883736 1.0 0.5175376600981699 0.6201676835218447
lying 0.423225932077885 0.5630729618689027 0.5549562736091648 1.0 0.5163872111901628 0.6183829468015375
cake 0.42330796224570466 0.5620589332727728 0.5607986443213864 1.0 0.5166227617002151 0.6227768146043436
currants 0.4207660180015586 0.5612730607735449 0.5513218305346462 1.0 0.5079142729411377 0.6217534736769708
makes 0.42098192620936653 0.5600934943930438 0.5533901532650587 1.0 0.5129509210557629 0.6208478690213317
grow 0.4198055089921558 0.5583081436228186 0.5536330603915686 1.0 0.5100474084102559 0.6205490629057155
can 0.41992997742323845 0.5596353256529955 0.5534546336385393 1.0 0.511684824682368 0.6237265720173971
smaller 0.420070120745917 0.5580085738955234 0.5520737217204456 1.0 0.5091197004044625 0.617860508382385
creep 0.42032160112205946 0.5606695255779468 0.5517054588078912 1.0 0.5123989886624353 0.6242183292606949
