word v0 v1 v2 v3 v4 v5
alice 0.4218958199215962 0.3813006812960599 0.7667917045562115 1.0 0.6652502042080278 0.6348275113864227
was 0.42189888148038607 0.3834777830195524 0.7682359015075957 1.0 0.6663529126797356 0.6360619401200084
beginning 0.4207158920201339 0.38314885209273697 0.7660627430522435 1.0 0.6627700782202816 0.6351015721385536
to 0.42132994473797 0.38137182890574334 0.7669853781503909 1.0 0.665294773770907 0.635822138714558
get 0.42163478001434074 0.38003167486441414 0.7660398890544756 1.0 0.6641706005306462 0.6358813231760271
very 0.42165575505336694 0.380500657497596 0.7676791351487839 1.0 0.6648969175642906 0.6357017146313519
tired 0.4224355145112723 0.38369071492223883 0.7669469674922522 1.0 0.6642448402379553 0.6374409265126407
of 0.42199768706953844 0.3830359477424087 0.7684681224657623 1.0 0.6659534343783998 0.6370248167660999
sitting 0.4175605628472468 0.3826751206595106 0.7661971125905949 1.0 0.6672523798737979 0.6356367014989976
by 0.4199242547503322 0.3842189177480061 0.7661357177015543 1.0 0.6648347818548831 0.6346217429732787
her 0.42074672578041683 0.3806363769536519 0.7683315513227058 1.0 0.6661030524310735 0.6363754808226467
sister 0.4183995356030928 0.3827921596809848 0.7669527574167043 1.0 0.666163236581853 0.6377962535798938
on 0.4218801000118974 0.3806429059503208 0.7672357869203116 1.0 0.6653407742539538 0.6348599094019381
the 0.42220765206579075 0.38367301919659 0.7683161058664718 1.0 0.6657693430992265 0.6365874061460166
bank 0.419511503437449 0.3845101108004237 0.7675595405172823 1.0 0.6674995779813321 0.636464664330235
and 0.4223124563225922 0.38266657424941236 0.76759702511698 1.0 0.665716514388972 0.6356111005762536
having 0.4211140211954022 0.37528778198553686 0.7656944631930227 1.0 0.6641032879000669 0.6352014943985946
nothing 0.4215390022003042 0.38455780971063747 0.7690334110270985 1.0 0.6665578575048823 0.637002104519167
do 0.422100390094036 0.385263787458409 0.768315671592621 1.0 0.6646814735441626 0.6354645394595897
once 0.4216114953856376 0.3768461082012147 0.7661819427510888 1.0 0.6646441508580189 0.6357637713316787
or 0.4209391247189248 0.38456266755730106 0.7679585987715207 1.0 0.6661022494693148 0.6367801253257734
twice 0.4192503905030059 0.38272830293998644 0.7671265937857951 1.0 0.6651633715139502 0.6379159922243691
she 0.4223896415564529 0.3826156271161361 0.7678762514493227 1.0 0.6654944653707718 0.6362323816470946
peeped 0.41923371380744234 0.38290852984925533 0.767704083892776 1.0 0.6650803175129993 0.6399434642783207
into 0.422805099686402 0.3773771047624689 0.7685993603538256 1.0 0.6650169197616262 0.6376231958916516
book 0.42176769494211536 0.3844354792461829 0.7698687651476233 1.0 0.6677586933547186 0.6397841560616953
reading 0.42029076654892017 0.3821254625884836 0.7697039844699048 1.0 0.6673195926931521 0.6419091515262655
but 0.4218685184974051 0.3833070382237689 0.767895972138195 1.0 0.6655976267252803 0.6367665102381287
it 0.42205749111337787 0.3820348659560407 0.7680966525409414 1.0 0.6659259704700708 0.6363492782519183
had 0.42229492238738214 0.3840555916290315 0.7661540299021882 1.0 0.66507898617602 0.6354080735366829
no 0.4221265460463738 0.38237697102657076 0.7679226667187766 1.0 0.6652989636398301 0.6349368952785428
pictures 0.419488163942448 0.3833920235321208 0.7674755533371624 1.0 0.6677284261634897 0.6389545666261511
conversations 0.41963511331913067 0.3840570445158599 0.7703664556502374 1.0 0.6664755290695864 0.6418935571246771
in 0.4212836139153073 0.3815699942314056 0.7668607597244769 1.0 0.6655128774712992 0.6350731921955366
what 0.4223042030961326 0.38508544139986683 0.7685198128624073 1.0 0.666778459215411 0.6365273925686905
s 0.4228926875450879 0.38172024777858904 0.7688346933332748 1.0 0.665833115239606 0.6361512617751774
use 0.4227557593505833 0.3775221947022566 0.7648664223417391 1.0 0.6635094518399238 0.6340736362275119
a 0.42185664109582033 0.383312328526809 0.7675923200856868 1.0 0.6654738853149994 0.6356676993995182
thought 0.4217686615465364 0.38133341033442864 0.7689887520053624 1.0 0.6659501519231489 0.6376837777868649
without 0.4212360943518347 0.38422568692702536 0.7650990465469274 1.0 0.6651711189301265 0.6348375589929529
conversation 0.41822740805181824 0.3837634830113995 0.7642432729098868 1.0 0.6660401589472986 0.6375723442082152
so 0.421314958618722 0.3788018262694468 0.7658029572499204 1.0 0.6647266797188554 0.6355646326892243
considering 0.41970281551904076 0.38337916410507306 0.7675284099295054 1.0 0.666725400977709 0.6361342142284838
own 0.4196494078404977 0.3693370771428593 0.7653461466895682 1.0 0.6645104218364166 0.6345565030376257
mind 0.4190437690975787 0.38333071725611967 0.7662949477761439 1.0 0.665763585507694 0.6331423928738499
as 0.4217985931544932 0.38321214623207006 0.7677581362479576 1.0 0.6658016371864867 0.6357975481725837
well 0.42007288505396456 0.38034565576724394 0.7688520985937322 1.0 0.6662368431930238 0.6363725176624483
could 0.423568360464959 0.3851466357288232 0.7684647232557805 1.0 0.6657667577830767 0.6384548844649658
for 0.42253163823782125 0.38215846940952436 0.7681668315581234 1.0 0.6656986725177264 0.6363409483033816
hot 0.42319598828565863 0.3840745625761969 0.7674917764003117 1.0 0.6643703992535978 0.6390083081678245
day 0.42087925553539507 0.3834591360743801 0.7704779879036726 1.0 0.6679524891426191 0.6396820355786984
made 0.42022198384260917 0.38268628176328034 0.7676013565128941 1.0 0.6672204419762028 0.6391220029164109
feel 0.41956984275224346 0.38132952007385146 0.7688507029903733 1.0 0.6676947807662985 0.6415766326424814
sleepy 0.42146026191440905 0.38487647171952744 0.7678453132820358 1.0 0.6666745612394623 0.6376097742804057
stupid 0.41956984275224346 0.38132952007385146 0.7688507029903733 1.0 0.6676947807662985 0.6415766326424814
whether 0.4218468905545747 0.3844843610737067 0.7690126395750901 1.0 0.6658257054393283 0.6386057112535892
pleasure 0.41986708690817515 0.38430263466565023 0.7685271480151412 1.0 0.6671893217013056 0.6422298601845091
making 0.41986708690817515 0.38430263466565023 0.7685271480151412 1.0 0.6671893217013056 0.6422298601845091
daisy 0.42147294369471505 0.38614645437844336 0.7742088732656387 1.0 0.6685256160529998 0.6431872344242089
chain 0.42147294369471505 0.38614645437844336 0.7742088732656387 1.0 0.6685256160529998 0.6431872344242089
would 0.4226156218546151 0.38589537477142755 0.768846942704741 1.0 0.6652873696481596 0.6372676342777325
be 0.4219195135249202 0.38007118575734705 0.7667347476686622 1.0 0.6649704728692799 0.6350069548052613
worth 0.42147294369471505 0.38614645437844336 0.7742088732656387 1.0 0.6685256160529998 0.6431872344242089
trouble 0.41951947288700936 0.3859714699482119 0.771406590629017 1.0 0.6659239103250466 0.6349627505359793
getting 0.42231581550561254 0.3866869355055717 0.7704149817704168 1.0 0.6665167654546379 0.6363556678471957
up 0.4225762230228182 0.3858753332538313 0.7698609764931443 1.0 0.6666378956829206 0.6365759449275533
picking 0.41951947288700936 0.3859714699482119 0.771406590629017 1.0 0.6659239103250466 0.6349627505359793
daisies 0.41951947288700936 0.3859714699482119 0.771406590629017 1.0 0.6659239103250466 0.6349627505359793
when 0.4210308764884915 0.3841992658923751 0.7670517471719553 1.0 0.6647858721059222 0.6345872725612811
suddenly 0.4190164722656227 0.3828603950613384 0.7656814399199408 1.0 0.6637278783070961 0.631548177698733
white 0.4210947684646017 0.3847684621348715 0.7689315035511624 1.0 0.6673486454370688 0.6362206484229513
rabbit 0.41969125199251284 0.383652310043552 0.7684758541681004 1.0 0.6667104532998327 0.6362797421762142
with 0.42201861996128 0.38491137982974166 0.7681536495549209 1.0 0.6650829107775437 0.63645643723535
pink 0.41748135125224334 0.3825288613180602 0.7667278978782268 1.0 0.6652291945897447 0.6357004243939448
eyes 0.4184496108599863 0.3697394784027666 0.7683859956712891 1.0 0.6638551071563956 0.6365424108571621
ran 0.4169784844917892 0.38236656647165823 0.7664786787174647 1.0 0.6645781535742906 0.6349079066973123
close 0.41902760916889514 0.3844674069135674 0.768206148330072 1.0 0.6659918681252817 0.6348867840823171
there 0.42240642740941653 0.38273383570865765 0.7687696960258881 1.0 0.6658324878267003 0.6355647110133698
remarkable 0.4165833373918019 0.3823730117391428 0.7652288680751189 1.0 0.663466216143274 0.6358992901237749
that 0.4222990457527443 0.38243558703970876 0.7667889040450921 1.0 0.664605679020123 0.6358016984242542
nor 0.4165833373918019 0.3823730117391428 0.7652288680751189 1.0 0.663466216143274 0.6358992901237749
did 0.4220377096734722 0.3852487866271662 0.7683791801459987 1.0 0.6649741026343924 0.6357389256290878
think 0.4225061697119015 0.385399344691382 0.7689308795949086 1.0 0.6663618776778942 0.635986743031133
much 0.422694822747702 0.38490370857961426 0.7690507702275472 1.0 0.6656193417379129 0.6364535493794874
out 0.42206191222537504 0.3836212593364121 0.7669146038243875 1.0 0.6650809886925356 0.637554462280504
way 0.4216787133209246 0.3805567044497479 0.7669278733229967 1.0 0.664945210012941 0.63465182696474
hear 0.4217448128647461 0.38541783969749505 0.7667029324215479 1.0 0.6660158059088468 0.6335096017698495
say 0.42131462662808916 0.3851777741197855 0.767568782009782 1.0 0.666528135848446 0.6356981553779891
itself 0.41965892563415486 0.38452114847595203 0.7692451891996963 1.0 0.6659767950643003 0.6370086671225124
oh 0.42130983673786443 0.38311399866249074 0.7667678235082088 1.0 0.6659066020016869 0.6351620609899132
dear 0.42172785396163875 0.384224230665456 0.7674669248095936 1.0 0.6670019799053173 0.6361811119994265
i 0.42283478091402465 0.38180281498227536 0.7677947375081927 1.0 0.6652034384765263 0.6352702468011686
shall 0.4225435597913223 0.38639630088448895 0.7692049864138729 1.0 0.6666865122412339 0.6369488720473843
late 0.4220244177010604 0.3851659757576115 0.7688195648898042 1.0 0.6675893725088125 0.6362892225081722
over 0.41940143904753896 0.3835532423811547 0.7670567005984354 1.0 0.6670082374264504 0.63497054114244
afterwards 0.4187072552239814 0.38288735688898856 0.771032620263261 1.0 0.6671450078039519 0.6353589906508124
occurred 0.4187072552239814 0.38288735688898856 0.771032620263261 1.0 0.6671450078039519 0.6353589906508124
ought 0.41656289040007294 0.3816323908754354 0.7672407100669768 1.0 0.6647666562600874 0.6374413378575291
have 0.41979179412629736 0.384551186553426 0.7671066538377809 1.0 0.6643927255528486 0.6367763074102902
wondered 0.41656289040007294 0.3816323908754354 0.7672407100669768 1.0 0.6647666562600874 0.6374413378575291
at 0.42188553647835164 0.3847218656518758 0.7688247835931319 1.0 0.6662190619842823 0.636259857054932
this 0.4227992347231677 0.38156812806172713 0.7679353552820628 1.0 0.6652931575 0.6365263727616002
time 0.4218694658190986 0.38459900458553786 0.7674058212076468 1.0 0.6655135519991355 0.6354328010587309
all 0.42068225238485185 0.3844054463240614 0.7672916698749692 1.0 0.6662318175484641 0.634388895055674
seemed 0.42134740448893365 0.3823315807620582 0.7666962574883274 1.0 0.6654205059900358 0.6370936644905696
quite 0.42232510418594155 0.38568200388410323 0.7706124435717737 1.0 0.6675035719820813 0.6415234488487509
natural 0.4188279290753647 0.38313164602564964 0.7674840043831042 1.0 0.6657233184608045 0.6379135080377969
actually 0.4173693908219371 0.38114793224150767 0.7669813279995445 1.0 0.6671985463707599 0.6383060092771357
took 0.4183982108804667 0.3842681987740126 0.7676983624324237 1.0 0.6681093032838881 0.6379455465262541
watch 0.4174171743141072 0.3829192835111157 0.7663227222422724 1.0 0.6664596914345201 0.6388823474847886
its 0.41842853558564386 0.3821867871879901 0.7669754424571485 1.0 0.6682579139159279 0.641118409950182
waistcoat 0.4174171743141072 0.3829192835111157 0.7663227222422724 1.0 0.6664596914345201 0.6388823474847886
pocket 0.4178437104119443 0.383553367675073 0.7679393488467257 1.0 0.6660143179322383 0.6373674577106849
looked 0.42139614379755835 0.3847768283636872 0.7712692798536444 1.0 0.6672313308326108 0.6370942081779996
then 0.4207105924022927 0.3843852738354313 0.7677539402099944 1.0 0.6654425409816409 0.6320902515808543
hurried 0.41924907736891315 0.3863568315285412 0.7701739987490567 1.0 0.6673648038669212 0.6337468453673303
started 0.4204628592835811 0.38287799617521723 0.769188324588098 1.0 0.667581286498485 0.6351278919149678
feet 0.4210410976527218 0.38475721620530157 0.770465786002386 1.0 0.6683970227850106 0.6360859619079923
flashed 0.4187786475305197 0.3830084034151385 0.7658913575881994 1.0 0.6642814601176936 0.6311946410778314
across 0.41865674727055197 0.38243628323354406 0.767186860501757 1.0 0.6641810272288836 0.6334078734008503
she'd 0.4187786475305197 0.3830084034151385 0.7658913575881994 1.0 0.6642814601176936 0.6311946410778314
never 0.4211585522599387 0.38459633140567573 0.7682363900453181 1.0 0.6656974069459113 0.6346681876358367
before 0.4228611329115302 0.38479809519109187 0.7684619474095573 1.0 0.6653869391042766 0.636080308139002
seen 0.4220764418963543 0.3851514148741042 0.7693645096171424 1.0 0.6644913429023681 0.635855425301398
either 0.4215626551484541 0.38044802625217855 0.7687614150707928 1.0 0.6651327498591826 0.6379074959874843
take 0.4182253097452225 0.3814941418556186 0.7644130906503382 1.0 0.6655332150456239 0.6384101041357452
burning 0.4182253097452225 0.3814941418556186 0.7644130906503382 1.0 0.6655332150456239 0.6384101041357452
curiosity 0.41746333121847473 0.3833931791765579 0.7664677033149857 1.0 0.6643980090431649 0.6368749005979684
field 0.41853569003751534 0.38186811966960527 0.7684734040919671 1.0 0.6640812889048765 0.6356057996494343
after 0.42255224224419285 0.3848329702507424 0.7693489569511571 1.0 0.6656697296370757 0.6375460856946964
fortunately 0.4213515197421363 0.3850805540997577 0.7715359349294895 1.0 0.6683221651965228 0.6395184896441696
just 0.4209388934941477 0.3843634670489639 0.7667831234359027 1.0 0.6668612705926174 0.6338792447660754
see 0.42211000929888026 0.38536222148255395 0.7686530498187587 1.0 0.6662140255725778 0.637607999335667
pop 0.41845439944736046 0.3836299477126787 0.7684966374322935 1.0 0.6687210486106193 0.6387746378382515
down 0.422095655637047 0.3848910748363546 0.7687609977560501 1.0 0.6668023981901224 0.6351789619935142
large 0.42086186287386446 0.384522372967354 0.7688687548604449 1.0 0.666091629608732 0.6365692195141884
hole 0.4196378888712473 0.3837612508913689 0.7681461532734501 1.0 0.6664044303511291 0.6338178056054823
under 0.4200975007205878 0.3652227087361781 0.7670252741173851 1.0 0.6647896222507964 0.6349601186274818
hedge 0.4173707460057793 0.3838776918851783 0.7694311067796185 1.0 0.6682687604211308 0.6354685407335227
another 0.4231474357989486 0.385586853525399 0.7713840574157791 1.0 0.668510299400245 0.639213867506474
moment 0.41959782458263656 0.38350860894463823 0.7661374171266129 1.0 0.6655610008467332 0.6336897358042343
went 0.4214891789966216 0.38407608000916516 0.7668667549756136 1.0 0.666310272570864 0.6352888786378955
how 0.42287249539988975 0.3854129688557401 0.7679523012931011 1.0 0.6657048010947653 0.635321194681465
world 0.41630032162231795 0.3836413620282298 0.7654905950281755 1.0 0.6641427535739479 0.6361286626153042
again 0.42191260020689464 0.3848840554931976 0.7689075418196202 1.0 0.6654632377846263 0.638055262266684
straight 0.4199592881571779 0.3821940552510547 0.767804582366095 1.0 0.6664739457460224 0.634211537308374
like 0.4229807567998045 0.3819414263975593 0.7678458191757779 1.0 0.6649761739243067 0.6349631433393311
tunnel 0.4199592881571779 0.3821940552510547 0.767804582366095 1.0 0.6664739457460224 0.634211537308374
some 0.4199238709211309 0.3835718174370671 0.7662943877541478 1.0 0.6653355594080743 0.6278926987878543
dipped 0.4199238709211309 0.3835718174370671 0.7662943877541478 1.0 0.6653355594080743 0.6278926987878543
not 0.42291358977836735 0.3850088811672643 0.7671344557133489 1.0 0.664997790110448 0.6359234958559716
about 0.4225245270531941 0.38409086224497563 0.7686939699408463 1.0 0.665982591227256 0.6363667415158344
stopping 0.41997682365735994 0.3828025609304065 0.7684136866741623 1.0 0.6648139235512442 0.6384390434362821
herself 0.4223253390056124 0.373811062862162 0.7666078988322929 1.0 0.6640400061756553 0.6350516871387274
found 0.4232470223313952 0.3810534453902473 0.7679001461908193 1.0 0.6651909516561112 0.6348579616441559
falling 0.4199367637462852 0.38393500758248483 0.768118674742883 1.0 0.6672912820489875 0.6354214914810348
deep 0.4187788702970854 0.3837256027667479 0.7699608137178943 1.0 0.6669203894979113 0.6368995597962164
fell 0.42164142338109273 0.3780858353859993 0.7689359550636792 1.0 0.6655219314801324 0.6363056602127405
slowly 0.4182639851033633 0.38322118630589536 0.7656972367178416 1.0 0.6643488388276917 0.6337684397691626
plenty 0.41950200596421516 0.3834813496057471 0.766595923806033 1.0 0.6671566504389635 0.635055277942304
look 0.42131775519128245 0.38364977174167736 0.7702076746397818 1.0 0.6685848358825053 0.6372136500168598
wonder 0.42173051524461963 0.3846844947834212 0.7667245883839366 1.0 0.6641943754482411 0.6333406231544155
going 0.4233783059852454 0.38404539724612197 0.7681152616044056 1.0 0.6657363340495234 0.6369459003934596
happen 0.41948041446804374 0.3838241074583121 0.7707798802704143 1.0 0.6708572384332683 0.63863767735207
next 0.41948041446804374 0.3838241074583121 0.7707798802704143 1.0 0.6708572384332683 0.63863767735207
first 0.42261808956437097 0.3846130934031247 0.7691790571128174 1.0 0.6672741168695968 0.6378595681669496
tried 0.4245645941425687 0.38605226684661026 0.7691896348722587 1.0 0.6667025826833904 0.6381329214341096
make 0.4218346506623453 0.3707924909039219 0.7695627231463771 1.0 0.6690685385083507 0.6391727090913809
coming 0.42171145165857205 0.38461450036558453 0.7722630526652209 1.0 0.6733477117201947 0.6405348969907463
too 0.42367030285972035 0.385257208931444 0.7689152010949554 1.0 0.664690252966562 0.6375224263820721
dark 0.4223152551820973 0.3855689608590846 0.770414189806126 1.0 0.6676884490158401 0.6396520749095972
anything 0.42168935735040386 0.38440455150015035 0.7717859192700665 1.0 0.6676499756186882 0.6369175980643171
sides 0.41820739617720815 0.38395420151646964 0.7679276583878132 1.0 0.6646145786896932 0.6332238334357797
noticed 0.4217150835123345 0.3831978311207687 0.7653739309878826 1.0 0.6647581630335482 0.6337536564648816
they 0.42136585109077657 0.38493926133363376 0.7679393795708697 1.0 0.6653687166030391 0.6361382093515349
were 0.42239881034194354 0.3815944651238564 0.7680518207067335 1.0 0.6655269040850409 0.6353269919196052
filled 0.4174863594734291 0.38037193547969217 0.7644462727137405 1.0 0.6640335678064264 0.633881594143281
cupboards 0.4195698422130086 0.38232588243407234 0.7677392683789931 1.0 0.665307868795873 0.6363525833781337
shelves 0.42236140630254704 0.3845778211428746 0.769927517810566 1.0 0.6674506640431598 0.6376145850447651
here 0.4229052429174318 0.38534547034079714 0.7676145526931791 1.0 0.6652087674904937 0.6347183582579199
saw 0.4229567487207174 0.38503334164185615 0.7673705348258463 1.0 0.6654263158828085 0.6353690855961743
maps 0.42010267763106274 0.383851427005873 0.7678817521713724 1.0 0.6670976369748038 0.6354377173413012
hung 0.4199486476303974 0.3842941437467069 0.7684840999949573 1.0 0.6698397451744147 0.6373692400311675
upon 0.4210818000440634 0.3847296751550368 0.7661688030594889 1.0 0.6663445398877454 0.6351593225459673
pegs 0.4199486476303974 0.3842941437467069 0.7684840999949573 1.0 0.6698397451744147 0.6373692400311675
jar 0.4190566809842382 0.3853379976363602 0.7688351315951143 1.0 0.6671950020556815 0.6376553378406052
from 0.42223864589700455 0.38576885580493486 0.7681749304524298 1.0 0.667751360086368 0.6361302697482406
one 0.42196399709555643 0.3814381939747217 0.7693714433030335 1.0 0.6662995076787963 0.6363109318793988
passed 0.4224111664522395 0.3851164784910634 0.7719631654337105 1.0 0.6680077233195847 0.637150264959448
labled 0.42084189517237397 0.38439918191033023 0.7673771680519517 1.0 0.664613559009001 0.6359328743314209
orange 0.42084189517237397 0.38439918191033023 0.7673771680519517 1.0 0.664613559009001 0.6359328743314209
marmalade 0.42084189517237397 0.38439918191033023 0.7673771680519517 1.0 0.664613559009001 0.6359328743314209
great 0.42209296168234495 0.38363314810357274 0.7662583887036155 1.0 0.6652758088770598 0.6357739628191076
disappointment 0.42112129455434827 0.3826462307904982 0.766387521529385 1.0 0.6642871595998836 0.63741061281692
empty 0.41906991843672786 0.3852328496387638 0.7674398444635647 1.0 0.66426363880809 0.6358310806530475
drop 0.4186806880201551 0.3832752566195695 0.7692473944280429 1.0 0.6653727653050548 0.6377278796849958
fear 0.4186806880201551 0.3832752566195695 0.7692473944280429 1.0 0.6653727653050548 0.6377278796849958
killing 0.4186806880201551 0.3832752566195695 0.7692473944280429 1.0 0.6653727653050548 0.6377278796849958
somebody 0.4196762344312334 0.3837043824974173 0.7692530555725645 1.0 0.6652307866175992 0.6392769027912784
managed 0.4196762344312334 0.3837043824974173 0.7692530555725645 1.0 0.6652307866175992 0.6392769027912784
put 0.421391752799322 0.3852261426271079 0.7704315336294821 1.0 0.6665388148041284 0.6376316932634226
past 0.42166285099737766 0.384288763173144 0.7710473201921094 1.0 0.6665879961106692 0.6388348704047458
such 0.4236936402896723 0.38610061882011615 0.7686518388822233 1.0 0.6664754766397676 0.6392887626162895
fall 0.42230899269730304 0.3864422393902852 0.7694235442679105 1.0 0.6670881942152652 0.6368274051080592
tumbling 0.4246867843176755 0.38813323136710276 0.7733082514084342 1.0 0.6711078012873549 0.6377240686148694
stairs 0.4246867843176755 0.38813323136710276 0.7733082514084342 1.0 0.6711078012873549 0.6377240686148694
brave 0.42445147281805 0.38683282708655387 0.7725892278445923 1.0 0.6682927563139447 0.6369857418940502
ll 0.42311430094841895 0.37978525004474606 0.7695278311905748 1.0 0.6658555548203172 0.6368186795389549
me 0.42260512045647086 0.3763876493093125 0.769288301888258 1.0 0.6660977555198936 0.6368280567564393
home 0.4206673920807018 0.38326195967428495 0.7688332054891281 1.0 0.6662725734368385 0.6345600825718523
why 0.42188976303895603 0.37027616176541517 0.7688100913198849 1.0 0.6657175809311987 0.6345982658526178
n't 0.4233689957674624 0.38604984366380024 0.7694667536534061 1.0 0.66614791255982 0.6360265621275383
even 0.4230680204732903 0.3839783637003429 0.7693632769982952 1.0 0.6664669970710063 0.6375498265729594
if 0.42312388154203506 0.3793152480425567 0.7667290842463567 1.0 0.6648849122128297 0.6367974143588044
off 0.42145389722769155 0.3812663163785793 0.7680087051741409 1.0 0.6647819915906409 0.6335704923671008
top 0.4251839397388063 0.3884448231124958 0.7723635024430127 1.0 0.6678553482998904 0.6388656251957205
house 0.4251839397388063 0.3884448231124958 0.7723635024430127 1.0 0.6678553482998904 0.6388656251957205
which 0.42199996781520904 0.3790060572699389 0.7662206559611883 1.0 0.6640906757293067 0.6339910626232867
likely 0.4216102879878947 0.3833508414460918 0.7694092592048325 1.0 0.6671797049928052 0.6371259735826218
true 0.4216102879878947 0.3833508414460918 0.7694092592048325 1.0 0.6671797049928052 0.6371259735826218
come 0.4226001103445555 0.3848251763154868 0.7669377426687056 1.0 0.6638937140902489 0.6333993879433445
an 0.4221837950715756 0.38692842700915553 0.7687856892514195 1.0 0.6660885054865384 0.6340154457215808
end 0.4236661184298485 0.38488831793243555 0.7671189856594468 1.0 0.6642554416695848 0.6334742654456751
many 0.42161793013455723 0.3838875228376274 0.7662669107374988 1.0 0.6636088614212076 0.6354148218331911
miles 0.42196283547251434 0.3858354223029151 0.7683229998957715 1.0 0.665588664650927 0.6360387366717315
ve 0.4192452974302327 0.3836090869475421 0.7648473786294004 1.0 0.6641973749775012 0.6316498356547059
fallen 0.42089161984770423 0.38465136955822593 0.7665401241739049 1.0 0.6637949167881146 0.6345982743103423
said 0.4229529502013995 0.3763414480300288 0.7666667369864902 1.0 0.6642925780027917 0.6345105715658558
aloud 0.4242286424011134 0.385725190072376 0.7702336521575615 1.0 0.6641834776104291 0.6382188469714805
must 0.4227408000202085 0.38631149369279266 0.7684121990351018 1.0 0.6661175269771045 0.634579666450182
somewhere 0.421668581149291 0.38620614675954534 0.7680360893987084 1.0 0.6648013113152489 0.6345613801457984
near 0.42163544689772703 0.38764595440841476 0.7689202694714934 1.0 0.6650769509394202 0.636903775949181
centre 0.42163544689772703 0.38764595440841476 0.7689202694714934 1.0 0.6650769509394202 0.636903775949181
earth 0.4240998920115523 0.3880945107444897 0.7710361863161734 1.0 0.6670145410335778 0.6400966769675744
let 0.4226027381009225 0.3877804512964028 0.7691074445053755 1.0 0.6665137294062367 0.6384473200340199
four 0.42304385111830184 0.3870303073594821 0.7701221862642247 1.0 0.6673988226241567 0.6374923771095341
thousand 0.42304385111830184 0.3870303073594821 0.7701221862642247 1.0 0.6673988226241567 0.6374923771095341
you 0.42332215976233095 0.3844137989176136 0.7667391987386353 1.0 0.6642528480817569 0.6352912405911657
learnt 0.42283468030615035 0.385876255636989 0.7683377986404801 1.0 0.6663359633131348 0.6365956399904543
several 0.42250720797236124 0.38502696086659743 0.7683828793520328 1.0 0.6664610909088049 0.6379418414433355
things 0.422326900034374 0.3855066975333727 0.7665747551497241 1.0 0.6645630954240248 0.6365013774087781
sort 0.422756735860259 0.3867166882657411 0.7688338152939571 1.0 0.6665739260531065 0.6365636588660747
lessons 0.4201140435576318 0.38603468717423534 0.7660569040120234 1.0 0.6658451591229404 0.6361994037921299
schoolroom 0.42152630411572334 0.3868571565137701 0.7673255357303508 1.0 0.6650883794017007 0.6373597452317015
though 0.4225198243618357 0.3754151800921277 0.7661205881094711 1.0 0.6644492986261554 0.6356382478943717
good 0.42123228389413936 0.3756474541037423 0.7659931566498587 1.0 0.6656823306586186 0.6341029156785484
opportunity 0.4226780975458587 0.3884308805514856 0.7719663225351681 1.0 0.6681398055729836 0.6367334681046445
showing 0.41902259469811415 0.3864025353384537 0.7698627142035257 1.0 0.6647961151406439 0.6327110935550894
knowledge 0.41902259469811415 0.3864025353384537 0.7698627142035257 1.0 0.6647961151406439 0.6327110935550894
listen 0.4157428238399249 0.38237066163600053 0.7648346245111223 1.0 0.6650650003051611 0.6280665073543835
still 0.41931497901316567 0.3844984483452825 0.7653801593455039 1.0 0.6661593797793606 0.6295024973820628
practice 0.4176913477001999 0.3825567321436309 0.7616980737370233 1.0 0.6668413714740065 0.6323736753066939
yes 0.42062023891399036 0.384295833816954 0.7647509677157502 1.0 0.66736063866146 0.6342400489420029
right 0.4233770639131725 0.38593443850620546 0.76917454315699 1.0 0.6667364124997412 0.6377246512379783
distance 0.42062023891399036 0.384295833816954 0.7647509677157502 1.0 0.66736063866146 0.6342400489420029
latitude 0.4198170246143702 0.3845956489194131 0.7644782426716688 1.0 0.6654181867838204 0.6317519095738919
longitude 0.41991084492047687 0.38400244768005126 0.7665767718648429 1.0 0.6654301670191383 0.634782305412648
got 0.42131507629292053 0.384858882099605 0.7647148857415201 1.0 0.6643477874517452 0.6313275447855534
idea 0.4213719201261565 0.38496560767007204 0.7672688064313621 1.0 0.6677302687721978 0.6375276730865519
nice 0.4231860589508788 0.38513195728013333 0.7696872827847606 1.0 0.6656182075319421 0.639807357182224
grand 0.4213776120272848 0.38617156877508957 0.7710523835097338 1.0 0.6652730280643686 0.6428703091269727
words 0.4222289141239417 0.376249985907408 0.7682320300553382 1.0 0.6647933541676249 0.6377965786999304
presently 0.4233517892420591 0.386683660745496 0.7737481813498243 1.0 0.6644616214766188 0.6420585270037422
began 0.4239546604158377 0.3875435336696468 0.7700317777402507 1.0 0.6652900789603383 0.6377388060080419
through 0.4238281357316326 0.3853774348518439 0.7700255388502172 1.0 0.666269354773068 0.639696814023909
funny 0.42638758375514135 0.38891002509325756 0.771038670508316 1.0 0.6657845745869829 0.639198981827115
seem 0.42638758375514135 0.38891002509325756 0.771038670508316 1.0 0.6657845745869829 0.639198981827115
among 0.42409847719107546 0.3851708683149591 0.7681164183543499 1.0 0.6626452613828127 0.636766703454886
people 0.42275759015184816 0.3707875045427501 0.7677137652652621 1.0 0.6640869135970385 0.6354019029332456
walk 0.42660244193030455 0.3878485702901424 0.7730590275460573 1.0 0.6660305530802356 0.6403424904901918
their 0.4243785155301513 0.3862310172374761 0.7688246389866048 1.0 0.6652353818050831 0.6406186438120086
heads 0.4258898051418306 0.3884135307814888 0.7711634572702661 1.0 0.6671233001220642 0.6371368134131636
downward 0.4258898051418306 0.3884135307814888 0.7711634572702661 1.0 0.6671233001220642 0.6371368134131636
antipathies 0.4258898051418306 0.3884135307814888 0.7711634572702661 1.0 0.6671233001220642 0.6371368134131636
rather 0.4246970032852463 0.38194071214949454 0.7696959276532808 1.0 0.6657785047183159 0.6367517012809814
glad 0.42625642190903734 0.38816902887879773 0.7755043560022606 1.0 0.6667654841104294 0.6391326581804185
listening 0.4247131013088706 0.3882040702438508 0.7699787518775386 1.0 0.664151087734199 0.6343785598451187
sound 0.42309209079414023 0.3868584308097802 0.7681480868158831 1.0 0.6652141172179232 0.635187492598069
word 0.42309209079414023 0.3868584308097802 0.7681480868158831 1.0 0.6652141172179232 0.635187492598069
ask 0.423317596159454 0.3867997261998809 0.769735459756606 1.0 0.6664046340812516 0.6374448909266964
them 0.4233888618507028 0.38667640030462075 0.7663899417664466 1.0 0.6638431953901791 0.636670796883363
name 0.4221556135115473 0.3856065319003794 0.7687591355885014 1.0 0.664032597880931 0.6381877702955647
country 0.4221556135115473 0.3856065319003794 0.7687591355885014 1.0 0.664032597880931 0.6381877702955647
is 0.4236461849420962 0.3859113556682134 0.7676046258860448 1.0 0.6637882382296073 0.6385742694121909
know 0.42202410396160317 0.3850924502467164 0.7672954405221183 1.0 0.6631530248267952 0.6343706396493173
please 0.4248828252525028 0.38828500298871077 0.7705308662305749 1.0 0.665793043519223 0.6388725134536055
ma'am 0.4248828252525028 0.38828500298871077 0.7705308662305749 1.0 0.665793043519223 0.6388725134536055
new 0.4241041811328046 0.3877777694864769 0.7675614333023326 1.0 0.6641599500584405 0.6361727842065905
zeland 0.4241041811328046 0.3877777694864769 0.7675614333023326 1.0 0.6641599500584405 0.6361727842065905
australia 0.4241041811328046 0.3877777694864769 0.7675614333023326 1.0 0.6641599500584405 0.6361727842065905
curtsey 0.42349019099349816 0.3858542468100594 0.7632608798290571 1.0 0.6627407344659443 0.6345723860538497
spoke 0.42273336602460504 0.38690522131383864 0.7627340709700378 1.0 0.6632898340437687 0.6335127131459707
fancy 0.423489199669395 0.38729528650365647 0.7646863524139402 1.0 0.66267577623725 0.6346876612057418
curtseying 0.42273336602460504 0.38690522131383864 0.7627340709700378 1.0 0.6632898340437687 0.6335127131459707
re 0.41920148090590503 0.38333412550331963 0.7622880616915553 1.0 0.6638246772976042 0.630821733509089
air 0.4227346817652993 0.38580935450475495 0.7674393423792256 1.0 0.6656598094233975 0.6358998561800986
manage 0.4205231023070803 0.3826848223977082 0.7630004621083174 1.0 0.663472983651627 0.633837001535351
ignorant 0.4267048210996901 0.38917544915066205 0.7735458874130853 1.0 0.6691546726007902 0.6389747493792219
little 0.4237652508103244 0.382678264724306 0.7677631666397294 1.0 0.6651627136314753 0.6361768786571599
girl 0.4267048210996901 0.38917544915066205 0.7735458874130853 1.0 0.6691546726007902 0.6389747493792219
asking 0.4234255382895437 0.3892279098919252 0.7762531810268056 1.0 0.6705333728335461 0.639503869166291
perhaps 0.4217015018162222 0.3847756201649702 0.7671576087839502 1.0 0.6645274484744693 0.6322340835139246
written 0.4217015018162222 0.3847756201649702 0.7671576087839502 1.0 0.6645274484744693 0.6322340835139246
else 0.4225216458041318 0.3851417837853338 0.7689527835081361 1.0 0.6650920401625343 0.6375616311379001
soon 0.42102462655134576 0.3739834094853387 0.7676351568222636 1.0 0.6635364356102503 0.633252637018629
talking 0.42514549347119596 0.38750250169491823 0.7694933761598304 1.0 0.6657650665358805 0.637518065342185
dinah 0.42344850657595884 0.38707247746763307 0.7690427996085706 1.0 0.666262660965456 0.635729409747828
miss 0.4233023510909235 0.3865840373179031 0.7713681531071148 1.0 0.6651564564053494 0.6374783603806383
night 0.4249254901374562 0.3867082567991694 0.7726651847141414 1.0 0.6667992215274471 0.637849564476884
should 0.42514476502734505 0.38575323683921986 0.7696990204740217 1.0 0.6651002347692543 0.6362943812737887
cat 0.4249717115634655 0.38922263031572607 0.7726187540437562 1.0 0.6664465497073027 0.6384897910887263
hope 0.421975305711712 0.3877826062741805 0.7695566784385376 1.0 0.6658842279992923 0.6355348227145616
remember 0.42293999610374516 0.3861490941731601 0.7684481737189884 1.0 0.6649916526605434 0.637858263184807
saucer 0.421975305711712 0.3877826062741805 0.7695566784385376 1.0 0.6658842279992923 0.6355348227145616
milk 0.4232025213288253 0.3861041836278511 0.7678061613046232 1.0 0.666076805870566 0.6347941350055566
tea 0.4232025213288253 0.3861041836278511 0.7678061613046232 1.0 0.666076805870566 0.6347941350055566
my 0.42434920473730436 0.3851254009851516 0.7675588293363561 1.0 0.665978419529125 0.6341171072404092
wish 0.4255954691884018 0.3873108123610542 0.7701727108856888 1.0 0.6666918637021838 0.6363093916871034
are 0.42524232594612654 0.3877881067401785 0.7736863637462796 1.0 0.6683763986416896 0.6388315688228191
mice 0.4262953039117864 0.38830379383919134 0.7726306023243041 1.0 0.6675091840694656 0.6410173903267631
m 0.4262953039117864 0.38830379383919134 0.7726306023243041 1.0 0.6675091840694656 0.6410173903267631
afraid 0.4262953039117864 0.38830379383919134 0.7726306023243041 1.0 0.6675091840694656 0.6410173903267631
might 0.4248393051543662 0.38675253366697354 0.7700374307989584 1.0 0.6670349897457986 0.6383006402454687
catch 0.42519395102316404 0.38884553506981806 0.7733906195349967 1.0 0.6651852330313041 0.6388765010706315
bat 0.42383270561294717 0.3870663619945409 0.7697972175861963 1.0 0.6647605271594755 0.6365704861214047
mouse 0.4234798699535716 0.3855516572227724 0.7722409570073305 1.0 0.6634845528360005 0.6379375980280133
cats 0.4235272791127689 0.3868786243709798 0.7691812835787086 1.0 0.664508234909232 0.635414880265397
eat 0.42272832560734913 0.3780988892928642 0.7686785727934888 1.0 0.664451363005374 0.6344663382196066
bats 0.4224682961491581 0.3860948406247458 0.7691747093028368 1.0 0.6640043195944496 0.6330489314177676
saying 0.4209098379545362 0.3850584439446308 0.7643864383381177 1.0 0.6653816852517055 0.63402386279464
dreamy 0.422556814435833 0.3857703705690645 0.767349757500887 1.0 0.6655519597373163 0.6352083499753329
sometimes 0.42246524977398703 0.3708309059229469 0.765535313861061 1.0 0.6636517924589612 0.633909232889997
couldn't 0.4202778566856721 0.3866783604741154 0.766688872864851 1.0 0.6631886958969776 0.6343742456114462
answer 0.4202778566856721 0.3866783604741154 0.766688872864851 1.0 0.6631886958969776 0.6343742456114462
question 0.4202778566856721 0.3866783604741154 0.766688872864851 1.0 0.6631886958969776 0.6343742456114462
matter 0.42437781102681377 0.38545652936458125 0.7705524411078588 1.0 0.6659433195092819 0.6371533932250788
felt 0.42363922198179194 0.3844880926330326 0.7706919442375387 1.0 0.6649922225332865 0.6370934869003999
dozing 0.4205703171692224 0.38414129905278327 0.7663802944232762 1.0 0.666555432286283 0.6328640916380738
begun 0.4236948467658325 0.3856307623364533 0.7638453488750558 1.0 0.6635444391906485 0.6347555914251551
dream 0.4221166448407226 0.38586627199206963 0.763374287533925 1.0 0.6641472899260837 0.6325525518817462
walking 0.4221166448407226 0.38586627199206963 0.763374287533925 1.0 0.6641472899260837 0.6325525518817462
hand 0.42069187983007905 0.3851074712578009 0.7624007796635821 1.0 0.6646788230249883 0.6326962072513166
earnestly 0.4234891163943283 0.38560274851609583 0.7645092171220359 1.0 0.6664285788154669 0.6350769197433498
now 0.4227329200569068 0.3773548187287227 0.76586430761035 1.0 0.6643819069026211 0.6342104408858543
tell 0.42319403954285034 0.38545218410556226 0.7684541006293121 1.0 0.6652875353050636 0.6336464950793864
truth 0.42319403954285034 0.38545218410556226 0.7684541006293121 1.0 0.6652875353050636 0.6336464950793864
ever 0.42310012110055933 0.3849942125431294 0.7665600238162914 1.0 0.6650177659446965 0.6351202561458598
thump 0.4199200731118437 0.384898278287238 0.7640557711234066 1.0 0.6622575439096879 0.6277460125134791
came 0.4212635544140499 0.3837101621097238 0.7645526180004165 1.0 0.6642339646810996 0.6318168036005918
heap 0.42178434099390155 0.3879984349450994 0.7682325495343622 1.0 0.6663704220197448 0.6359656969299474
sticks 0.42178434099390155 0.3879984349450994 0.7682325495343622 1.0 0.6663704220197448 0.6359656969299474
dry 0.42178434099390155 0.3879984349450994 0.7682325495343622 1.0 0.6663704220197448 0.6359656969299474
leaves 0.42178434099390155 0.3879984349450994 0.7682325495343622 1.0 0.6663704220197448 0.6359656969299474
bit 0.4203716021630913 0.3865559927903537 0.7674581211259066 1.0 0.6653357056329123 0.6336754716869433
hurt 0.4203716021630913 0.3865559927903537 0.7674581211259066 1.0 0.6653357056329123 0.6336754716869433
jumped 0.4203716021630913 0.3865559927903537 0.7674581211259066 1.0 0.6653357056329123 0.6336754716869433
overhead 0.42334840337028473 0.38808209223872064 0.7757214307009633 1.0 0.6717381757362755 0.6418704560721165
long 0.4239897412299972 0.3871609036718378 0.767046770185436 1.0 0.6652472618071738 0.635017971511573
passage 0.4241781122898598 0.38460301322744367 0.7703241642792665 1.0 0.6667791337529839 0.6357758185871532
sight 0.422908386261493 0.38663889404632723 0.7659289397688087 1.0 0.6672602701226658 0.630947030646643
hurrying 0.422908386261493 0.38663889404632723 0.7659289397688087 1.0 0.6672602701226658 0.630947030646643
lost 0.4207687102662168 0.3831114643139301 0.7625838607855124 1.0 0.6662966218108358 0.6294010913345348
away 0.4207687102662168 0.3831114643139301 0.7625838607855124 1.0 0.6662966218108358 0.6294010913345348
wind 0.42089708059977426 0.38387059666645 0.7624420175128028 1.0 0.6657097428079298 0.6292680464054569
turned 0.42271628882867485 0.3869723874506258 0.7670427059351899 1.0 0.6666470509598299 0.6334177968398034
corner 0.42271628882867485 0.3869723874506258 0.7670427059351899 1.0 0.6666470509598299 0.6334177968398034
ears 0.4213180350212754 0.3701296705077976 0.7643371342468328 1.0 0.6640931690353866 0.6314612004334164
whiskers 0.42190786910982603 0.38467931958567175 0.7670461505195252 1.0 0.6676696555627458 0.6318821675706482
it's 0.4230460155338651 0.37047490700325636 0.7644806725903037 1.0 0.6631553297174232 0.633446486365926
behind 0.4226464430631978 0.38753850269722 0.7699786090699138 1.0 0.6682981242071828 0.6350184827538857
longer 0.4199598898930889 0.38446275612367187 0.7668854880920715 1.0 0.666133243493641 0.6339652752418672
low 0.4227304613758296 0.3865175500153373 0.7637612851967599 1.0 0.6643903077068535 0.6322570953876278
hall 0.4216546346036487 0.38476650487475655 0.7665607538960995 1.0 0.6649240808487593 0.6348570799023581
lit 0.4202884613157669 0.38705467596184123 0.7662856051157921 1.0 0.6660286594698759 0.6350275412243698
row 0.4202884613157669 0.38705467596184123 0.7662856051157921 1.0 0.6660286594698759 0.6350275412243698
lamps 0.4202884613157669 0.38705467596184123 0.7662856051157921 1.0 0.6660286594698759 0.6350275412243698
hanging 0.4202884613157669 0.38705467596184123 0.7662856051157921 1.0 0.6660286594698759 0.6350275412243698
roof 0.4231046343951437 0.38476583020803823 0.767917338834763 1.0 0.6674773913541676 0.6350785510241016
doors 0.42254096248661266 0.3844860603400884 0.7694820794478777 1.0 0.6675430426646802 0.637023370643328
around 0.4188527079085869 0.3830773713351481 0.7654884491763163 1.0 0.666939811642869 0.6319282312070216
locked 0.4191767217985744 0.3835818538636315 0.762083172683024 1.0 0.663933325520963 0.62756562106936
been 0.4184055007250938 0.3835879904889847 0.7626369779534902 1.0 0.6654515680369365 0.6279185580992209
side 0.4184055007250938 0.3835879904889847 0.7626369779534902 1.0 0.6654515680369365 0.6279185580992209
other 0.4219121594595511 0.3847654458337445 0.7666500409025409 1.0 0.6656126396507385 0.6335941889052314
trying 0.4230547191545295 0.3744912673736383 0.7657589178992401 1.0 0.6635274465100698 0.6346707359389506
every 0.42187744367587604 0.3838673877387707 0.765585194132558 1.0 0.6675978105458036 0.6306942857777965
door 0.42296628736928576 0.3814487001617876 0.7670213779012466 1.0 0.6651866184169182 0.6354408707384344
walked 0.4197863712825331 0.38143721240580825 0.7619848126758818 1.0 0.6669191208583238 0.6303961029576668
sadly 0.4197863712825331 0.38143721240580825 0.7619848126758818 1.0 0.6669191208583238 0.6303961029576668
middle 0.4197863712825331 0.38143721240580825 0.7619848126758818 1.0 0.6669191208583238 0.6303961029576668
wondering 0.42100344518577665 0.38269696952088095 0.7652699427494327 1.0 0.6677247028020052 0.6327723104548105
three 0.4220307531506114 0.38445370082035246 0.7678066400321422 1.0 0.6665302359483564 0.63908241541803
legged 0.4220307531506114 0.38445370082035246 0.7678066400321422 1.0 0.6665302359483564 0.63908241541803
table 0.4242177975111432 0.3793384027253257 0.7681837393140241 1.0 0.665771832046612 0.6382195741050724
solid 0.4208764427367685 0.38404786558006365 0.7663475696772659 1.0 0.6667444173174149 0.6366586490811331
glass 0.4222009398441028 0.375034166669984 0.7680184799234804 1.0 0.6652835523579675 0.6376070957700626
except 0.42193596027282904 0.3839938288310912 0.7715332802640146 1.0 0.6694113470391888 0.6384886688658348
tiny 0.42193596027282904 0.3839938288310912 0.7715332802640146 1.0 0.6694113470391888 0.6384886688658348
golden 0.42524989419861847 0.38664452343519545 0.769292535169776 1.0 0.6679093455943236 0.637242708929149
key 0.4239545128000382 0.3815471505300897 0.7680768053444174 1.0 0.6665028479330561 0.6367097660661247
belong 0.42198043761617526 0.38420785245601363 0.7710380839536193 1.0 0.6676083274371911 0.6389573321350975
alas 0.42494027466339285 0.38653352337800934 0.767111317881894 1.0 0.6654851173765366 0.635213530954597
locks 0.4233719821006716 0.3856569256139802 0.7691646955541859 1.0 0.6635188227239937 0.6345793184411013
small 0.42248996921953885 0.37494156944275964 0.7670793221562001 1.0 0.6642855174810444 0.6332118934955692
any 0.4240931000833609 0.38655058215873705 0.7697503955768653 1.0 0.6657043840208386 0.6373559520432633
rate 0.42435498278881806 0.3872203651184371 0.7717824938221707 1.0 0.6683664253757357 0.63815153045416
open 0.42499726916747016 0.38795126208706787 0.7676051685147348 1.0 0.6630666870778578 0.6329942971564634
however 0.42522475794557885 0.38647811742487487 0.767477526015041 1.0 0.6659778949264604 0.6377307958369354
second 0.4240255062709625 0.3862110263723475 0.7654612688801748 1.0 0.6634485019497438 0.6346003551312756
round 0.42428890034791406 0.3861796649342754 0.76580254677518 1.0 0.663913005487615 0.6354194474972218
curtain 0.4235366997906196 0.38489882503670864 0.762119325887713 1.0 0.6646621408923356 0.6306768904545407
fifteen 0.4261171398094113 0.3881797109916413 0.7716721132624403 1.0 0.6712065697451889 0.6331345648269882
inches 0.42579813805462025 0.3863952840785735 0.7705288197130322 1.0 0.6699147622688527 0.6357604003495556
high 0.42579813805462025 0.3863952840785735 0.7705288197130322 1.0 0.6699147622688527 0.6357604003495556
lock 0.42306739153159284 0.3846228714984374 0.7661288887171261 1.0 0.6662672691604844 0.6341326593678653
delight 0.42306739153159284 0.3846228714984374 0.7661288887171261 1.0 0.6662672691604844 0.6341326593678653
fitted 0.42174459475648296 0.38300106719652005 0.7670730856096304 1.0 0.6640854843431114 0.6378342733799466
opened 0.4208550481635976 0.3704601492343401 0.7659419072801826 1.0 0.6630926014280574 0.6329113479906265
led 0.4230198988079735 0.3831629333194587 0.768581730058084 1.0 0.6656352077014903 0.6353632989858794
larger 0.4209218265510439 0.3717283669061382 0.7652968354788896 1.0 0.6645331290806411 0.6350411912332248
than 0.4215910518425707 0.38521438351427845 0.767198849198814 1.0 0.6644638898021878 0.6317668197142474
rat 0.4215910518425707 0.38521438351427845 0.767198849198814 1.0 0.6644638898021878 0.6317668197142474
knelt 0.4215910518425707 0.38521438351427845 0.767198849198814 1.0 0.6644638898021878 0.6317668197142474
along 0.42478105489169243 0.3836300264949086 0.7712460835854851 1.0 0.6652263436249746 0.63522261642625
loveliest 0.4259258963648472 0.38589762701341174 0.7715903924459597 1.0 0.6666117216180774 0.6369147738841044
garden 0.4255385201567474 0.38509871906123916 0.769062685045952 1.0 0.665901219938854 0.637060187211745
longed 0.42383489356886267 0.38363427483580764 0.7643164581609856 1.0 0.6610565103999002 0.6346895245466362
wander 0.4216035709661863 0.38250285337784007 0.7631916898841791 1.0 0.6592722165484963 0.6332038524316685
those 0.4214208800757304 0.3832936275236373 0.762088831154041 1.0 0.6596302707809711 0.6318935043775041
beds 0.42123830488285574 0.3840839008745909 0.760986670860958 1.0 0.6599880982587973 0.6305839861627477
bright 0.42123830488285574 0.3840839008745909 0.760986670860958 1.0 0.6599880982587973 0.6305839861627477
flowers 0.42123830488285574 0.3840839008745909 0.760986670860958 1.0 0.6599880982587973 0.6305839861627477
cool 0.42123830488285574 0.3840839008745909 0.760986670860958 1.0 0.6599880982587973 0.6305839861627477
fountains 0.4202444592632427 0.3835831276576488 0.7629758509554577 1.0 0.6622064890378666 0.6331751709713547
head 0.42328467732788094 0.38305358162269176 0.7691956115223506 1.0 0.6660563332309564 0.6384533442522462
doorway 0.4218099608152783 0.3831258641417885 0.7684518137921318 1.0 0.665437093124816 0.6368657457846938
go 0.4250232645309242 0.3853601439897133 0.7710082477299927 1.0 0.666527212294809 0.6414331974206597
poor 0.42332674954590604 0.37674216556945 0.7657931733183547 1.0 0.6635222198183368 0.6352527328427956
shoulders 0.42425529075158974 0.3846895054374504 0.7659578096170233 1.0 0.6642990431370883 0.6320932204834915
shut 0.42465934553388746 0.3848519984466697 0.768976157422247 1.0 0.6641641444892418 0.636415264653848
telescope 0.42438742274666885 0.3836266942473309 0.7659849799880311 1.0 0.6650742726945047 0.6333663675703951
only 0.4225710730109484 0.3848396899942892 0.7666830259614417 1.0 0.6666282425536677 0.6348107779711123
begin 0.4196932835860538 0.38506745945163223 0.7640092768550611 1.0 0.6646550779429353 0.6312703420604211
happened 0.42219566918767903 0.3835945794207593 0.7660167966979944 1.0 0.6635250671236265 0.6349504519313685
lately 0.4252727167116742 0.3853953022209637 0.7643163111270926 1.0 0.662941715266582 0.6369581675529239
few 0.4232462823595815 0.3850931171795586 0.766668689144346 1.0 0.6649899983078931 0.6388412763935177
indeed 0.4236670725402689 0.3850370052526287 0.7654778947270321 1.0 0.6662345367783894 0.6344423549023354
really 0.4244376594243533 0.3856185286154639 0.7691088017960591 1.0 0.6675042307952148 0.6380072247616836
impossible 0.4244376594243533 0.3856185286154639 0.7691088017960591 1.0 0.6675042307952148 0.6380072247616836
waiting 0.4224347274037528 0.3844179318512565 0.763890786212864 1.0 0.6630525460325072 0.6355467833087587
back 0.42490662828441766 0.38555335659991113 0.767065919512278 1.0 0.6654852385206903 0.6380721572025868
half 0.4217946822096776 0.38459640747093626 0.7645463336480472 1.0 0.6639449972238196 0.6348310539762789
hoping 0.4217946822096776 0.38459640747093626 0.7645463336480472 1.0 0.6639449972238196 0.6348310539762789
find 0.4248474808474765 0.38557766738825733 0.7682504691840565 1.0 0.6668015947680033 0.6387244904600025
rules 0.42348206688394735 0.38669050933840854 0.7694201787790593 1.0 0.6684131971745554 0.6414407921344066
shutting 0.42343780912791734 0.38547073106922713 0.7710752205523922 1.0 0.668147081325046 0.6368693118908634
telescopes 0.4230169665489177 0.3859795108780105 0.7742210798136471 1.0 0.6691100331472246 0.6414703550583417
bottle 0.4243035487027529 0.38606889067901257 0.7666097925129947 1.0 0.6652594247940428 0.6352660171822959
certainly 0.4198836164628268 0.38131074430879613 0.7591202531741689 1.0 0.6601693108867704 0.6290589755526869
neck 0.42455186321168514 0.38614835483929205 0.7661432659502315 1.0 0.6643767485678093 0.6362371988936659
paper 0.42455186321168514 0.38614835483929205 0.7661432659502315 1.0 0.6643767485678093 0.6362371988936659
label 0.42311008114411336 0.38578879532011634 0.7669943775215857 1.0 0.666055637219225 0.6377031685629534
drink 0.42342003332823 0.3855901262580034 0.7674233425570727 1.0 0.6665834463174857 0.6355419438939415
beautifully 0.42258275392072325 0.3707744994169708 0.7682154186793003 1.0 0.6641753879392163 0.6358639664382758
printed 0.42141879408446353 0.38470478071951775 0.767174155581727 1.0 0.6650666411714852 0.6373524595619005
letters 0.4207464586816454 0.3842751240111475 0.7689431396391229 1.0 0.6660486139230856 0.6363647802934074
wise 0.4246178879204659 0.3846139943098897 0.7697132075030838 1.0 0.6662395737802144 0.6397691577838562
hurry 0.4222334401056778 0.3836547551665185 0.7660956830205203 1.0 0.661011785241969 0.6357284627180879
marked 0.4229537231012063 0.37833853077096835 0.7675857780447987 1.0 0.665768764325677 0.6343538018689492
poison 0.42391986919148933 0.3853333019021429 0.7681212654755835 1.0 0.6665760583200813 0.6354858086121408
read 0.4241446651144773 0.38415999176425536 0.770075305491448 1.0 0.6668436681229597 0.637801574859364
histories 0.4249125795383293 0.3840140943072623 0.7707207191224917 1.0 0.6670801644647945 0.6396931669920047
children 0.42384345689778397 0.3843458375501648 0.7702791379074079 1.0 0.6648427526175551 0.6376683132710176
who 0.42384345689778397 0.3843458375501648 0.7702791379074079 1.0 0.6648427526175551 0.6376683132710176
d 0.424591418900312 0.38430571559330673 0.768204860035184 1.0 0.6644553951592761 0.634804126108489
gotten 0.42384345689778397 0.3843458375501648 0.7702791379074079 1.0 0.6648427526175551 0.6376683132710176
burnt 0.42384345689778397 0.3843458375501648 0.7702791379074079 1.0 0.6648427526175551 0.6376683132710176
eaten 0.4218870286750406 0.3851953191685654 0.767419019652758 1.0 0.6641379548941073 0.6339803921877852
wild 0.4218870286750406 0.3851953191685654 0.767419019652758 1.0 0.6641379548941073 0.6339803921877852
beasts 0.4218870286750406 0.3851953191685654 0.767419019652758 1.0 0.6641379548941073 0.6339803921877852
unpleasant 0.42194656244572787 0.38565541221089833 0.7677052931489262 1.0 0.6636453556193377 0.6364679632132237
because 0.42194656244572787 0.38565541221089833 0.7677052931489262 1.0 0.6636453556193377 0.6364679632132237
simple 0.4237477376966737 0.38491772725582174 0.7678983033210223 1.0 0.6648067921596381 0.63992090284505
friends 0.4221574932811359 0.3846155764932648 0.7645957799736122 1.0 0.6644412489175157 0.6408944365144345
taught 0.4221574932811359 0.3846155764932648 0.7645957799736122 1.0 0.6644412489175157 0.6408944365144345
red 0.4238383023278401 0.3851158645145336 0.7658486384554906 1.0 0.6643940096322221 0.6404397676092841
poker 0.42468462754608005 0.38439479269798615 0.7659724570754687 1.0 0.6624457597206216 0.6397279771407584
will 0.42468462754608005 0.38439479269798615 0.7659724570754687 1.0 0.6624457597206216 0.6397279771407584
burn 0.42468462754608005 0.38439479269798615 0.7659724570754687 1.0 0.6624457597206216 0.6397279771407584
hold 0.42468462754608005 0.38439479269798615 0.7659724570754687 1.0 0.6624457597206216 0.6397279771407584
cut 0.42530848096161006 0.38632022984719394 0.7646226376688104 1.0 0.6621775781072274 0.6344877423299005
your 0.4234534890975396 0.38782171382284564 0.7673489645459852 1.0 0.6631327283764982 0.6333075889251703
finger 0.4234534890975396 0.38782171382284564 0.7673489645459852 1.0 0.6631327283764982 0.6333075889251703
deeply 0.4234534890975396 0.38782171382284564 0.7673489645459852 1.0 0.6631327283764982 0.6333075889251703
knife 0.4234534890975396 0.38782171382284564 0.7673489645459852 1.0 0.6631327283764982 0.6333075889251703
usually 0.42540025105057927 0.38516840019190873 0.76854548523147 1.0 0.6643351596518171 0.6330135198892912
bleeds 0.42540025105057927 0.38516840019190873 0.76854548523147 1.0 0.6643351596518171 0.6330135198892912
forgotten 0.42489216049552814 0.38478908797851097 0.765927261504347 1.0 0.6650094642237356 0.6323527041297673
almost 0.4234785893293903 0.38729972694042725 0.7694837269924123 1.0 0.6655922096401233 0.6374835848210619
certain 0.4234785893293903 0.38729972694042725 0.7694837269924123 1.0 0.6655922096401233 0.6374835848210619
disagree 0.4234785893293903 0.38729972694042725 0.7694837269924123 1.0 0.6655922096401233 0.6374835848210619
sooner 0.424897998529164 0.3857288608803643 0.7713748267382423 1.0 0.6677559992470015 0.6368083431128982
later 0.424897998529164 0.3857288608803643 0.7713748267382423 1.0 0.6677559992470015 0.6368083431128982
ventured 0.4246583297521831 0.38427149473073136 0.76685382058543 1.0 0.6642687995884426 0.6375377766079053
taste 0.4246583297521831 0.38427149473073136 0.76685382058543 1.0 0.6642687995884426 0.6375377766079053
finding 0.42335111995490254 0.3841694876146789 0.766446676892089 1.0 0.6639480473814632 0.6355996536682043
fact 0.4237308389838547 0.38701271505245854 0.7709675451231437 1.0 0.6680581618359205 0.6354562727059369
mixed 0.4237308389838547 0.38701271505245854 0.7709675451231437 1.0 0.6680581618359205 0.6354562727059369
flavor 0.4237308389838547 0.38701271505245854 0.7709675451231437 1.0 0.6680581618359205 0.6354562727059369
cherry 0.4262091700680312 0.3857899002859014 0.7714202770307643 1.0 0.6689704278753967 0.6384864359676558
tart 0.4262091700680312 0.3857899002859014 0.7714202770307643 1.0 0.6689704278753967 0.6384864359676558
custard 0.4244065768701124 0.3857490649658816 0.7672393936934353 1.0 0.6645254216669284 0.6404210861862577
pine 0.4244065768701124 0.3857490649658816 0.7672393936934353 1.0 0.6645254216669284 0.6404210861862577
apple 0.4244065768701124 0.3857490649658816 0.7672393936934353 1.0 0.6645254216669284 0.6404210861862577
roast 0.4244065768701124 0.3857490649658816 0.7672393936934353 1.0 0.6645254216669284 0.6404210861862577
turkey 0.42401910884043403 0.3843683922589178 0.7660315367557633 1.0 0.6627208668827436 0.6376170577094581
toffee 0.42401910884043403 0.3843683922589178 0.7660315367557633 1.0 0.6627208668827436 0.6376170577094581
buttered 0.42401910884043403 0.3843683922589178 0.7660315367557633 1.0 0.6627208668827436 0.6376170577094581
toast 0.41920409339829195 0.383246707018064 0.7644132144192584 1.0 0.6630605482485059 0.6311870047227026
finished 0.41906524036981896 0.38038519047658026 0.7672932444637547 1.0 0.6622026766387404 0.628402709318437
curious 0.4221708882189822 0.3698888399449782 0.76538528554308 1.0 0.665799150398719 0.6341368409151152
feeling 0.42298846031503107 0.38389452539681895 0.7679255516097961 1.0 0.6675137381098635 0.6356721107963694
ten 0.42547890137274974 0.3846095430341661 0.7693846841914077 1.0 0.6686220034480392 0.6383881696541837
face 0.42547890137274974 0.3846095430341661 0.7693846841914077 1.0 0.6686220034480392 0.6383881696541837
brightened 0.4250397422849918 0.3868122146808798 0.7726026317170569 1.0 0.667404255936095 0.6417957112740683
size 0.4241929200401692 0.3841509555272605 0.7708242527683101 1.0 0.6668654684978065 0.6397239491747185
lovely 0.4256920551864743 0.3850764683447468 0.7695797763089531 1.0 0.6656885851956037 0.641230923007209
waited 0.42505166809274886 0.3852977744797114 0.7668443496644238 1.0 0.6652926747526733 0.6405967616093257
minutes 0.4215903715340074 0.38297188140037897 0.7667889573478022 1.0 0.6646398080815831 0.640564041350539
shrink 0.42268022763409957 0.38384120502443847 0.7678714031713212 1.0 0.6630718163140892 0.6401125398716018
further 0.42268022763409957 0.38384120502443847 0.7678714031713212 1.0 0.6630718163140892 0.6401125398716018
nervous 0.42416872169428266 0.38223911419925055 0.7697783039049069 1.0 0.6621512555842362 0.638195141196587
altogether 0.424290204479351 0.3835157649915669 0.7634889104921088 1.0 0.6620290485344188 0.6303681855378146
candle 0.42351691787125334 0.38413275041775274 0.7647724250286397 1.0 0.6623849763486173 0.634318464234226
flame 0.4242450658933926 0.38768536850671736 0.766638718008347 1.0 0.6620616919625835 0.6358626599100919
blown 0.42329472315606204 0.384936756512979 0.7647267648544855 1.0 0.6623313327854603 0.6400220513915742
thing 0.4234993694880761 0.38296538335485286 0.7661753632260719 1.0 0.6634691658994072 0.6373241538189766
while 0.4257399869668811 0.38695598000906606 0.7713003306860129 1.0 0.664328054607126 0.6384287504722207
more 0.42204602503477595 0.3840676455314466 0.7660401918985965 1.0 0.6636278141053519 0.6336646663322414
decided 0.42499991126252135 0.38432648648094375 0.7660324467604707 1.0 0.6654071038887129 0.6330380380104031
possibly 0.4280820056896888 0.3884488904710106 0.7715956314929929 1.0 0.6675680794374962 0.6417391925163436
reach 0.4239160237247553 0.3732609420254807 0.7673724491068783 1.0 0.6662778130537533 0.638483470415615
plainly 0.42516033356934546 0.38563427289116353 0.7730987730899983 1.0 0.6666312393715034 0.6448212204108347
best 0.4288585750481348 0.38668867046565114 0.776600541083669 1.0 0.6687228063588082 0.6473890965575477
climb 0.4288585750481348 0.38668867046565114 0.776600541083669 1.0 0.6687228063588082 0.6473890965575477
legs 0.4272472196570739 0.3862458385096057 0.7739214538619409 1.0 0.6681443504695471 0.6454494548171111
slippery 0.4265275947618124 0.3836360026492074 0.7703861032738181 1.0 0.6639458329601939 0.6415750876098382
sat 0.42390450491133075 0.3801781351823972 0.7644567087770961 1.0 0.662650375566586 0.6365348487890646
cried 0.4231298085880419 0.366705902569964 0.7637272267642304 1.0 0.6637826579964818 0.6346720586138038
crying 0.4243326592196548 0.3575508799564381 0.7668680373847239 1.0 0.664903571082291 0.6329725547309677
sharply 0.42445973446753354 0.3691919625546251 0.7667192525331478 1.0 0.6649188340275215 0.6374916546608753
advise 0.42343234940702285 0.3670254089432814 0.7641803904833409 1.0 0.6625062805317568 0.6350123133185072
leave 0.42343234940702285 0.3670254089432814 0.7641803904833409 1.0 0.6625062805317568 0.6350123133185072
minute 0.41942701831162543 0.35573298098383166 0.763548825382123 1.0 0.662820662759186 0.6346980826431716
generally 0.42331950375206556 0.3560320328691629 0.764322215442344 1.0 0.6620800203122281 0.6332053737354042
gave 0.42331950375206556 0.3560320328691629 0.764322215442344 1.0 0.6620800203122281 0.6332053737354042
advice 0.42331950375206556 0.3560320328691629 0.764322215442344 1.0 0.6620800203122281 0.6332053737354042
seldom 0.4242260178639404 0.35623067648609397 0.7625793766018429 1.0 0.6628200269323832 0.632684386985989
followed 0.4242260178639404 0.35623067648609397 0.7625793766018429 1.0 0.6628200269323832 0.632684386985989
scolded 0.42272650225905073 0.35664724324084063 0.762803474777339 1.0 0.6637257526681761 0.635954291391813
severely 0.4220935697709236 0.3549311872045079 0.7643273002768143 1.0 0.6631604013440658 0.6352325909122659
bring 0.4220935697709236 0.3549311872045079 0.7643273002768143 1.0 0.6631604013440658 0.6352325909122659
tears 0.4194142299629237 0.35699818156851 0.7700378592757771 1.0 0.6624861860770535 0.6373812315828634
remembered 0.419989318197345 0.3550886747352025 0.7640015046525711 1.0 0.6617932468094623 0.6340324752389378
box 0.4202840343093273 0.3552942642197075 0.7643172389168795 1.0 0.6621389302017219 0.6327088144160349
cheated 0.42073267098688116 0.35569028585952495 0.7616486482379624 1.0 0.660543786890051 0.6310434235931475
game 0.42132307362296645 0.35602867232909363 0.7648365422894629 1.0 0.6624343366139717 0.6317588283786525
croquet 0.42132307362296645 0.35602867232909363 0.7648365422894629 1.0 0.6624343366139717 0.6317588283786525
playing 0.42132307362296645 0.35602867232909363 0.7648365422894629 1.0 0.6624343366139717 0.6317588283786525
against 0.42132307362296645 0.35602867232909363 0.7648365422894629 1.0 0.6624343366139717 0.6317588283786525
child 0.4201149601909497 0.3556514970405625 0.7618624901780553 1.0 0.6613670931293614 0.6294162357166709
fond 0.4201149601909497 0.3556514970405625 0.7618624901780553 1.0 0.6613670931293614 0.6294162357166709
pretending 0.4201149601909497 0.3556514970405625 0.7618624901780553 1.0 0.6613670931293614 0.6294162357166709
two 0.42070962313993127 0.35474902992876883 0.7618237368544165 1.0 0.6606299002720619 0.6299311648018167
pretend 0.41934634847561714 0.3544069674030407 0.7614344395018281 1.0 0.6608373167004233 0.6290608486767458
hardly 0.4231106597559858 0.3573060253858714 0.7687870050274992 1.0 0.6651632577746022 0.6346364030824148
enough 0.4231106597559858 0.3573060253858714 0.7687870050274992 1.0 0.6651632577746022 0.6346364030824148
respectable 0.42195692225052583 0.35707453055551885 0.7668827211271435 1.0 0.6648215779917311 0.6378207754494314
person 0.42195692225052583 0.35707453055551885 0.7668827211271435 1.0 0.6648215779917311 0.6378207754494314
eye 0.4214769382444019 0.35640754443801076 0.76665449140897 1.0 0.6633061218208528 0.6337668554347858
lying 0.4205798553613836 0.3555006244936298 0.7646341569218358 1.0 0.6624859096189273 0.6313801909669707
cake 0.42220488491898067 0.3567529981143798 0.7666326626601703 1.0 0.6630508985717629 0.6327896591385046
currants 0.420058219351576 0.357375462926654 0.7659809422137464 1.0 0.6633493343746983 0.6309612199369993
makes 0.4215009218616484 0.3561751428499429 0.7654570002230047 1.0 0.665072133115211 0.6368934433758795
grow 0.4209504691189918 0.3576466780798008 0.7634457034132033 1.0 0.6638623056967308 0.6351357733048075
can 0.421060651474391 0.35725021926133294 0.7650994526095297 1.0 0.6643090782558708 0.6366483875063859
smaller 0.42212087581522645 0.3571126561960162 0.763712040759194 1.0 0.6627283092917202 0.6350207103304032
creep 0.42234115013151563 0.3563199188753321 0.7670188642999204 1.0 0.6636217196260542 0.6380453356120779
